,0,20.77132,33.47852,1521.899,23.39886,4.474332E-03,0,
,.5,20.77132,33.47852,1521.899,23.39886,4.474332E-03,0,
,1,20.77161,33.47864,1521.901,23.39892,4.47438E-03,4.503893E-03,
,1.5,20.77161,33.47768,1521.909,23.39815,4.475297E-03,6.75621E-03,
,2,20.77059,33.47603,1521.913,23.39715,4.476388E-03,9.008939E-03,
,2.5,20.75192,33.46961,1521.863,23.39728,4.476473E-03,1.126199E-02,
,3,20.69466,33.46321,1521.708,23.4077,4.466693E-03,1.351213E-02,
,3.5,20.58809,33.45975,1521.421,23.43348,4.442212E-03,1.575417E-02,
,4,20.43345,33.45585,1521.001,23.47161,4.405936E-03,1.798294E-02,
,4.5,20.36029,33.45527,1520.808,23.49049,4.388113E-03,2.019521E-02,
,5,20.31308,33.45193,1520.682,23.50039,4.378858E-03,2.240131E-02,
,5.5,20.27971,33.44904,1520.595,23.50697,4.372752E-03,2.460385E-02,
,6,20.25484,33.44784,1520.534,23.51259,4.367532E-03,2.680398E-02,
,6.5,20.23697,33.44769,1520.493,23.51725,4.363256E-03,2.900095E-02,
,7,20.21844,33.44535,1520.447,23.52036,4.360423E-03,3.119636E-02,
,7.5,20.17488,33.44258,1520.332,23.52968,4.351676E-03,3.338875E-02,
,8,20.04812,33.43725,1519.983,23.55882,4.324039E-03,3.557191E-02,
,8.5,19.8601,33.43078,1519.46,23.6029,4.282107E-03,.0377374,
,9,19.62927,33.42212,1518.812,23.656,4.231519E-03,3.988065E-02,
,9.5,19.38523,33.41035,1518.119,23.70976,4.180353E-03,4.199713E-02,
,10,19.18274,33.39707,1517.539,23.75128,4.140911E-03,4.409232E-02,
,10.5,18.91687,33.37428,1516.762,23.80103,4.093598E-03,4.616556E-02,
,11,18.54783,33.3671,1515.701,23.88796,4.010848E-03,4.820675E-02,
,11.5,18.00608,33.36317,1514.124,24.01812,3.886722E-03,5.018971E-02,
,12,17.62817,33.36362,1513.02,24.11009,3.799084E-03,5.212178E-02,
,12.5,17.38297,33.36081,1512.296,24.16677,3.745189E-03,5.402086E-02,
,13,17.19329,33.35603,1511.732,24.20816,3.705916E-03,5.589741E-02,
,13.5,17.00443,33.35738,1511.175,24.25376,3.662579E-03,5.775271E-02,
,14,16.84109,33.36357,1510.697,24.29676,3.621641E-03,5.958549E-02,
,14.5,16.61778,33.36457,1510.028,24.34933,3.57165E-03,6.139554E-02,
,15,16.34658,33.36305,1509.207,24.41059,3.513366E-03,6.317794E-02,
,15.5,16.11552,33.35979,1508.501,24.46084,3.465576E-03,6.493561E-02,
,16,15.92462,33.3543,1507.913,24.49982,3.428558E-03,6.667119E-02,
,16.5,15.70455,33.33979,1507.221,24.53806,3.392303E-03,6.838919E-02,
,17,15.50918,33.33098,1506.608,24.57461,3.35756E-03,7.008605E-02,
,17.5,15.27334,33.3212,1505.863,24.61895,3.315337E-03,7.176432E-02,
,18,15.02798,33.31278,1505.086,24.66603,3.270528E-03,7.342396E-02,
,18.5,14.80562,33.30546,1504.379,24.70844,3.230256E-03,7.506058E-02,
,19,14.5661,33.29514,1503.608,24.75164,3.189231E-03,7.667614E-02,
,19.5,14.3428,33.28513,1502.886,24.79117,3.151642E-03,7.827238E-02,
,20,14.19031,33.28142,1502.397,24.82026,3.124001E-03,7.985208E-02,
,20.5,14.07639,33.28532,1502.04,24.84701,3.098627E-03,8.141758E-02,
,21,13.9946,33.29279,1501.791,24.86976,3.077104E-03,8.297222E-02,
,21.5,13.92965,33.29991,1501.596,24.88871,3.059223E-03,8.451692E-02,
,22,13.8661,33.30277,1501.4,24.90407,3.044681E-03,8.605444E-02,
,22.5,13.79906,33.29945,1501.185,24.91521,3.034219E-03,8.758346E-02,
,23,13.70283,33.29675,1500.875,24.93281,3.017524E-03,8.910523E-02,
,23.5,13.58215,33.29459,1500.484,24.95582,2.99561E-03,9.062094E-02,
,24,13.38077,33.29265,1499.824,24.99496,2.958487E-03,9.211704E-02,
,24.5,13.18549,33.29291,1499.185,25.03436,2.921079E-03,9.359925E-02,
,25,13.0606,33.29452,1498.78,25.06048,2.896267E-03,9.506375E-02,
,25.5,13.00512,33.29466,1498.603,25.07159,2.885737E-03,9.651916E-02,
,26,12.94407,33.29743,1498.411,25.0857,2.872425E-03,9.796943E-02,
,26.5,12.83425,33.30252,1498.057,25.11125,2.848211E-03,.0994096,
,27,12.69746,33.30751,1497.611,25.14184,2.819101E-03,.1008362,
,27.5,12.61559,33.31309,1497.35,25.16207,2.799944E-03,.1022506,
,28,12.57522,33.31247,1497.221,25.16945,2.793084E-03,.1036584,
,28.5,12.5115,33.31386,1497.016,25.18282,2.780423E-03,.1050622,
,29,12.31806,33.33212,1496.389,25.23409,2.731763E-03,.1064484,
,29.5,12.20269,33.34421,1496.019,25.26553,2.701841E-03,.1078158,
,30,12.17206,33.34264,1495.921,25.2701,2.697602E-03,.1091755,
,30.5,12.16993,33.34747,1495.928,25.27427,2.693739E-03,.1105321,
,31,12.19347,33.34837,1496.018,25.27047,2.697526E-03,.1118894,
,31.5,12.20998,33.34557,1496.079,25.26518,2.702681E-03,.1132488,
,32,12.24841,33.34389,1496.216,25.25654,2.711077E-03,.1146115,
,32.5,12.2867,33.33456,1496.344,25.242,2.725009E-03,.1159802,
,33,12.26867,33.33884,1496.296,25.24876,2.718635E-03,.1173506,
,33.5,12.17049,33.3447,1495.976,25.27201,2.69661E-03,.1187143,
,34,12.12,33.35219,1495.822,25.28738,2.682113E-03,.1200686,
,34.5,12.04197,33.35474,1495.566,25.30406,2.666338E-03,.1214156,
,35,12.0092,33.35422,1495.461,25.30976,2.660961E-03,.1227563,
,35.5,11.99946,33.3532,1495.435,25.31085,2.660034E-03,.1240958,
,36,11.99371,33.35535,1495.426,25.31366,2.657449E-03,.1254344,
,36.5,11.96099,33.35876,1495.326,25.32237,2.649261E-03,.1267704,
,37,11.92448,33.36185,1495.213,25.3316,2.640576E-03,.1281023,
,37.5,11.91535,33.36192,1495.19,25.33341,2.63895E-03,.1294314,
,38,11.90017,33.36182,1495.146,25.33613,2.636585E-03,.1307595,
,38.5,11.8912,33.36226,1495.124,25.33818,2.634725E-03,.1320865,
,39,11.88492,33.36233,1495.111,25.33942,2.633629E-03,.1334127,
,39.5,11.87995,33.36228,1495.102,25.34029,2.632903E-03,.1347386,
,40,11.87595,33.36214,1495.096,25.3409,2.632448E-03,.1360642,
,40.5,11.86854,33.36253,1495.08,25.34267,2.630832E-03,.1373889,
,41,11.85962,33.3631,1495.058,25.34481,2.62889E-03,.1387131,
,41.5,11.84828,33.36398,1495.028,25.34752,2.626471E-03,.1400363,
,42,11.83384,33.36549,1494.989,25.35135,.0026229,.1413576,
,42.5,11.81249,33.36655,1494.925,25.3562,2.618368E-03,.142677,
,43,11.78827,33.36756,1494.851,25.36154,2.613382E-03,.1439944,
,43.5,11.77259,33.36981,1494.808,25.36615,2.609181E-03,.1453094,
,44,11.75115,33.37166,1494.744,25.37156,2.60412E-03,.1466216,
,44.5,11.73407,33.37395,1494.697,25.37646,2.599557E-03,.1479316,
,45,11.71755,33.37481,1494.649,25.38022,2.59606E-03,.1492395,
,45.5,11.69748,33.37484,1494.588,25.384,2.592527E-03,.1505457,
,46,11.66871,33.37471,1494.497,25.3892,2.587649E-03,.1518498,
,46.5,11.62855,33.37487,1494.366,25.39672,2.580612E-03,.1531506,
,47,11.58741,33.37547,1494.233,25.40476,2.573101E-03,.1544487,
,47.5,11.56759,33.37721,1494.174,25.40975,2.568419E-03,.155743,
,48,11.55094,33.37915,1494.127,25.41435,2.564105E-03,.1570349,
,48.5,11.53632,33.3811,1494.087,25.41859,2.560149E-03,.1583255,
,49,11.52618,33.38253,1494.062,25.42153,2.557517E-03,.1596138,
,49.5,11.51985,33.3835,1494.05,25.42346,2.555787E-03,.1609012,
,50,11.51424,33.38391,1494.039,25.42484,2.554558E-03,.1621877,
,50.5,11.50886,33.38411,1494.029,25.42599,2.553541E-03,.1634738,
,51,11.50446,33.38455,1494.022,25.42711,2.552568E-03,.1647594,
,51.5,11.49401,33.38421,1493.994,25.42867,2.551284E-03,.1660444,
,52,11.46857,33.38528,1493.915,25.43422,2.54612E-03,.1673277,
,52.5,11.41611,33.38831,1493.745,25.44608,2.534832E-03,.168607,
,53,11.34851,33.39507,1493.526,25.46367,2.51821E-03,.1698789,
,53.5,11.2737,33.40179,1493.281,25.48239,2.500415E-03,.1711427,
,54,11.22769,33.40494,1493.133,25.4932,2.490242E-03,.1723987,
,54.5,11.19703,33.40612,1493.035,25.49965,2.484206E-03,.1736511,
,55,11.18184,33.40678,1492.991,25.50294,2.481074E-03,.1749012,
,55.5,11.17449,33.40593,1492.973,25.50352,2.480627E-03,.1761504,
,56,11.16933,33.40489,1492.962,25.5037,2.480578E-03,.1773996,
,56.5,11.16551,33.4043,1492.956,25.50386,2.480553E-03,.1786486,
,57,11.16708,33.40377,1492.969,25.50318,2.481303E-03,.1798979,
,57.5,11.16656,33.40265,1492.974,25.50238,2.482129E-03,.1811475,
,58,11.16317,33.40408,1492.973,25.50415,2.480588E-03,.1823968,
,58.5,11.15757,33.40564,1492.963,25.5064,2.478564E-03,.1836454,
,59,11.1502,33.40681,1492.947,25.50863,2.476523E-03,.1848931,
,59.5,11.146,33.40656,1492.94,25.50916,2.476118E-03,.1861401,
,60,11.14673,33.40542,1492.95,25.50811,2.477195E-03,.1873872,
,60.5,11.13978,33.40502,1492.933,25.50906,2.47645E-03,.1886344,
,61,11.1347,33.40566,1492.924,25.51044,2.475301E-03,.1898811,
,61.5,11.13301,33.40657,1492.928,25.51142,2.474492E-03,.1911274,
,62,11.13349,33.40646,1492.938,25.51124,2.474656E-03,.1923735,
,62.5,11.13181,33.40649,1492.94,25.51168,2.474395E-03,.1936195,
,63,11.12591,33.40641,1492.928,25.51268,2.473552E-03,.1948653,
,63.5,11.11891,33.4064,1492.911,25.51388,2.472483E-03,.1961106,
,64,11.11402,33.40668,1492.903,25.51496,2.471529E-03,.1973555,
,64.5,11.10966,33.40638,1492.896,25.51552,2.471077E-03,.1985999,
,65,11.10614,33.40622,1492.891,25.51602,2.470728E-03,.1998442,
,65.5,11.102,33.40651,1492.885,25.517,2.46994E-03,.2010881,
,66,11.09324,33.40752,1492.864,25.51942,2.467731E-03,.2023315,
,66.5,11.07015,33.40827,1492.792,25.52406,2.463402E-03,.203573,
,67,11.06288,33.4093,1492.777,25.52618,2.461541E-03,.204813,
,67.5,11.0571,33.41007,1492.766,25.52783,2.460092E-03,.2060522,
,68,11.05142,33.41102,1492.755,25.52959,2.458473E-03,.2072906,
,68.5,11.04695,33.41268,1492.75,25.53165,2.456504E-03,.2085283,
,69,11.03264,33.41378,1492.709,25.53507,2.45339E-03,.2097641,
,69.5,11.01943,33.41457,1492.672,25.53806,2.450692E-03,.210999,
,70,11.00764,33.41496,1492.639,25.54048,2.448523E-03,.2122328,
,70.5,10.98,33.41693,1492.553,25.54691,2.442497E-03,.2134639,
,71,10.93276,33.42047,1492.399,25.55803,2.431958E-03,.2146908,
,71.5,10.87681,33.42528,1492.216,25.57168,.002419,.2159129,
,72,10.83702,33.43041,1492.09,25.58273,2.408585E-03,.2171288,
,72.5,10.82215,33.4324,1492.048,25.58693,.0024046,.2183407,
,73,10.81512,33.43216,1492.031,25.58791,2.403789E-03,.2195514,
,73.5,10.80537,33.43333,1492.007,25.59053,2.401406E-03,.2207613,
,74,10.78754,33.43699,1491.956,25.59659,2.395736E-03,.2219692,
,74.5,10.7509,33.44075,1491.84,25.60599,2.38689E-03,.2231736,
,75,10.72094,33.44513,1491.747,25.61461,2.378781E-03,.2243733,
,75.5,10.69674,33.44704,1491.672,25.6203,2.373391E-03,.2255699,
,76,10.68243,33.44764,1491.63,25.62327,2.370691E-03,.2267645,
,76.5,10.67118,33.44808,1491.599,25.62557,2.368599E-03,.2279578,
,77,10.65286,33.44952,1491.544,25.6299,2.364523E-03,.2291495,
,77.5,10.62709,33.45214,1491.465,25.63649,2.358318E-03,.2303389,
,78,10.59101,33.45705,1491.351,25.64662,2.348721E-03,.2315245,
,78.5,10.52999,33.46704,1491.154,25.665,2.331329E-03,.2327026,
,79,10.48489,33.47389,1491.01,25.67815,2.318867E-03,.2338728,
,79.5,10.45846,33.47845,1490.93,25.68631,2.311183E-03,.2350394,
,80,10.45012,33.48008,1490.911,25.68901,2.308683E-03,.2362025,
,80.5,10.44378,33.48067,1490.897,25.69051,2.307325E-03,.237365,
,81,10.43906,33.48058,1490.888,25.69117,2.30678E-03,.2385269,
,81.5,10.43509,33.48149,1490.884,25.69264,2.305536E-03,.2396882,
,82,10.42945,33.48243,1490.873,25.69434,2.304081E-03,.2408489,
,82.5,10.42388,33.48345,1490.863,25.69608,2.302561E-03,.242009,
,83,10.42014,33.48459,1490.859,25.69765,2.301143E-03,.2431683,
,83.5,10.41721,33.48489,1490.857,25.69835,2.300563E-03,.244327,
,84,10.41435,33.48566,1490.856,25.69943,2.299628E-03,.2454854,
,84.5,10.40466,33.48592,1490.83,25.70131,2.297946E-03,.2466431,
,85,10.39716,33.48592,1490.812,25.70263,2.296716E-03,.2478001,
,85.5,10.38896,33.48576,1490.791,25.70396,2.295542E-03,.2489564,
,86,10.37625,33.48577,1490.754,25.70618,2.293558E-03,.250112,
,86.5,10.36222,33.48657,1490.713,25.70914,2.290735E-03,.2512666,
,87,10.35094,33.48719,1490.681,25.71155,2.288598E-03,.2524195,
,87.5,10.34387,33.4876,1490.665,25.71311,2.287259E-03,.2535718,
,88,10.34032,33.48783,1490.661,25.71395,2.286589E-03,.2547237,
,88.5,10.33816,33.48868,1490.662,25.71496,2.285623E-03,.255875,
,89,10.33314,33.4902,1490.655,25.71698,2.283832E-03,.2570256,
,89.5,10.32606,33.494,1490.642,25.7211,2.280009E-03,.2581749,
,90,10.31102,33.50039,1490.604,25.72865,2.272893E-03,.2593214,
,90.5,10.29285,33.50759,1490.556,25.73739,2.264685E-03,.2604639,
,91,10.27953,33.51411,1490.525,25.74477,2.257761E-03,.2616028,
,91.5,10.27198,33.51879,1490.512,25.7498,2.253075E-03,.2627389,
,92,10.26898,33.52116,1490.512,25.75213,2.250949E-03,.2638732,
,92.5,10.26576,33.5232,1490.512,25.75424,2.249031E-03,.2650064,
,93,10.26025,33.52536,1490.503,25.75688,2.246608E-03,.2661383,
,93.5,10.2545,33.52762,1490.493,25.75967,2.24405E-03,.2672691,
,94,10.24938,33.53007,1490.486,25.76245,2.241518E-03,.2683988,
,94.5,10.24417,33.53361,1490.48,25.76606,2.238252E-03,.269527,
,95,10.23103,33.54052,1490.45,25.77371,2.230973E-03,.2706525,
,95.5,10.21119,33.54849,1490.397,25.78326,2.222027E-03,.2717738,
,96,10.18278,33.55587,1490.312,25.79387,2.212041E-03,.2728902,
,96.5,10.15147,33.56137,1490.214,25.80351,2.202882E-03,.2740018,
,97,10.12292,33.56631,1490.126,25.81216,2.194688E-03,.2751096,
,97.5,10.09125,33.57228,1490.028,25.82213,2.185344E-03,.2762129,
,98,10.06182,33.57818,1489.938,25.83169,2.176226E-03,.2773113,
,98.5,10.04981,33.58131,1489.907,25.83623,2.172017E-03,.2784063,
,99,10.04445,33.58501,1489.9,25.84007,2.168482E-03,.2794993,
,99.5,10.04519,33.5874,1489.914,25.84185,2.166889E-03,.2805911,
,100,10.04867,33.58986,1489.938,25.84307,2.16593E-03,.2816822,
,100.5,10.04969,33.59202,1489.953,25.84463,2.164452E-03,.2827728,
,101,10.05768,33.59457,1489.993,25.84526,2.164047E-03,.2838628,
,101.5,10.06787,33.59588,1490.039,25.84455,2.164819E-03,.2849531,
,102,10.07752,33.59648,1490.083,25.84337,2.166024E-03,.2860437,
,102.5,10.08458,33.59677,1490.117,25.84243,2.167003E-03,.2871349,
,103,10.08842,33.59706,1490.139,25.84206,2.167455E-03,.2882265,
,103.5,10.0898,33.5975,1490.153,25.84215,2.167534E-03,.2893182,
,104,10.09328,33.59821,1490.175,25.84216,2.16763E-03,.2904099,
,104.5,10.1027,33.59896,1490.218,25.84112,2.168732E-03,.291502,
,105,10.10575,33.59968,1490.238,25.84118,2.168788E-03,.2925943,
,105.5,10.10611,33.59988,1490.248,25.84129,2.168777E-03,.2936867,
,106,10.10952,33.60019,1490.269,25.84097,2.169166E-03,.2947792,
,106.5,10.11178,33.60078,1490.286,25.84098,2.169261E-03,.2958717,
,107,10.1139,33.60259,1490.304,25.842,2.168395E-03,.2969641,
,107.5,10.11686,33.60525,1490.326,25.84356,2.167021E-03,.298056,
,108,10.12046,33.60842,1490.351,25.84544,2.16539E-03,.299147,
,108.5,10.12181,33.61166,1490.368,25.84776,2.163282E-03,.3002372,
,109,10.12098,33.61395,1490.376,25.84972,2.161476E-03,.3013264,
,109.5,10.12123,33.61504,1490.387,25.85053,2.160799E-03,.3024149,
,110,10.12174,33.61578,1490.398,25.85098,2.160473E-03,.3035032,
,110.5,10.12257,33.61684,1490.411,25.85167,2.15999E-03,.3045913,
,111,10.12536,33.61872,1490.431,25.85256,2.159246E-03,.3056791,
,111.5,10.1245,33.62048,1490.438,25.85417,2.157826E-03,.3067664,
,112,10.12348,33.62101,1490.444,25.8548,2.157226E-03,.3078531,
,112.5,10.12497,33.6207,1490.457,25.85424,2.157985E-03,.3089398,
,113,10.12484,33.61937,1490.463,25.85334,2.158952E-03,.3100271,
,113.5,10.1253,33.61924,1490.473,25.8531,2.159286E-03,.3111146,
,114,10.12328,33.61965,1490.474,25.85376,2.158757E-03,.3122021,
,114.5,10.12042,33.62088,1490.474,25.8552,2.157481E-03,.3132891,
,115,10.11791,33.62188,1490.474,25.85633,2.156413E-03,.3143756,
,115.5,10.11493,33.62279,1490.473,25.85754,2.155331E-03,.3154615,
,116,10.11198,33.62317,1490.471,25.85843,.0021546,.316547,
,116.5,10.11007,33.62314,1490.473,25.85872,2.154419E-03,.3176322,
,117,10.10936,33.62301,1490.478,25.85868,2.154563E-03,.3187174,
,117.5,10.10865,33.62356,1490.485,25.85928,2.154101E-03,.3198026,
,118,10.10732,33.62445,1490.489,25.86025,2.15329E-03,.3208874,
,118.5,10.10748,33.62515,1490.499,25.86074,2.152918E-03,.321972,
,119,10.1081,33.62582,1490.51,25.86115,2.152684E-03,.3230564,
,119.5,10.1056,33.62726,1490.511,25.8627,2.151316E-03,.3241404,
,120,10.09594,33.62943,1490.488,25.86598,2.148194E-03,.3252233,
,120.5,10.08677,33.6315,1490.466,25.86913,2.145299E-03,.3263046,
,121,10.08125,33.63329,1490.456,25.87148,2.143183E-03,.3273847,
,121.5,10.07325,33.63448,1490.437,25.87375,2.141066E-03,.3284637,
,122,10.06754,33.63496,1490.425,25.87511,2.139887E-03,.3295419,
,122.5,10.06563,33.63436,1490.426,25.87498,2.14013E-03,.3306199,
,123,10.06502,33.63391,1490.432,25.87476,2.140454E-03,.331698,
,123.5,10.064,33.63404,1490.436,25.87502,2.140325E-03,.3327762,
,124,10.06306,33.63456,1490.442,25.87556,2.139954E-03,.3338543,
,124.5,10.06209,33.63565,1490.448,25.87659,2.138989E-03,.3349319,
,125,10.06047,33.63562,1490.451,25.87681,2.138898E-03,.3360094,
,125.5,10.06229,33.63473,1490.464,25.87582,2.139968E-03,.337087,
,126,10.06271,33.63368,1490.473,25.87494,2.140851E-03,.3381653,
,126.5,10.0633,33.63366,1490.483,25.87484,2.14101E-03,.3392437,
,127,10.0619,33.63407,1490.487,25.87541,2.140582E-03,.3403221,
,127.5,10.06103,33.63397,1490.492,25.8754,2.140718E-03,.3414004,
,128,10.06041,33.63302,1490.497,25.87478,2.141424E-03,.3424789,
,128.5,10.05834,33.63201,1490.497,25.87437,2.141848E-03,.3435578,
,129,10.05731,33.63239,1490.502,25.87487,2.141542E-03,.3446366,
,129.5,10.05513,33.63343,1490.503,25.87601,2.140471E-03,.3457151,
,130,10.04936,33.6345,1490.492,25.87777,2.138917E-03,.346793,
,130.5,10.0445,33.63502,1490.484,25.87905,2.137896E-03,.3478702,
,131,10.04433,33.63523,1490.492,25.87926,2.137697E-03,.3489471,
,131.5,10.04559,33.63525,1490.504,25.87903,2.138013E-03,.3500241,
,132,10.04647,33.63579,1490.516,25.87925,2.137899E-03,.351101,
,132.5,10.04763,33.63712,1490.531,25.8802,2.137092E-03,.3521778,
,133,10.04802,33.63804,1490.541,25.88083,2.136678E-03,.3532543,
,133.5,10.05002,33.63869,1490.558,25.88098,2.136583E-03,.3543306,
,134,10.05085,33.639,1490.569,25.88109,2.136522E-03,.3554069,
,134.5,10.04825,33.639,1490.568,25.88155,2.136184E-03,.356483,
,135,10.04252,33.63893,1490.556,25.88245,2.135434E-03,.357559,
,135.5,10.03448,33.63862,1490.535,25.88354,2.134505E-03,.3586345,
,136,10.02727,33.63854,1490.517,25.88466,2.133548E-03,.3597095,
,136.5,10.02201,33.63944,1490.508,25.88627,2.132122E-03,.3607839,
,137,10.01325,33.64158,1490.487,25.8894,2.129243E-03,.3618573,
,137.5,10.0004,33.64429,1490.452,25.89373,2.125219E-03,.362929,
,138,9.99376,33.64671,1490.439,25.8967,2.122443E-03,.3639988,
,138.5,9.990186,33.64803,1490.437,25.89837,2.120979E-03,.3650677,
,139,9.987863,33.6492,1490.438,25.89968,2.11977E-03,.3661358,
,139.5,9.986537,33.6499,1490.442,25.90043,2.119118E-03,.3672035,
,140,9.986382,33.65049,1490.451,25.90089,2.118776E-03,.368271,
,140.5,9.984911,33.65091,1490.454,25.90149,2.118306E-03,.3693382,
,141,9.982267,33.65116,1490.453,25.90215,2.117805E-03,.3704052,
,141.5,9.980822,33.65161,1490.457,25.9027,2.11746E-03,.3714721,
,142,9.978478,33.65174,1490.457,25.90321,2.117069E-03,.3725387,
,142.5,9.975486,33.65111,1490.454,25.90323,2.117142E-03,.3736052,
,143,9.977786,33.64984,1490.469,25.90184,2.118488E-03,.3746721,
,143.5,9.977521,33.64933,1490.475,25.90154,2.118923E-03,.3757395,
,144,9.974214,33.65069,1490.473,25.90318,2.117409E-03,.3768067,
,144.5,9.969869,33.65279,1490.469,25.90548,2.115325E-03,.3778728,
,145,9.966591,33.65379,1490.466,25.90679,2.114178E-03,.3789381,
,145.5,9.964532,33.65436,1490.468,25.90764,2.113482E-03,.3800031,
,146,9.961568,33.65502,1490.466,25.9087,2.112551E-03,.3810676,
,146.5,9.960091,33.65599,1490.47,25.90973,2.111703E-03,.3821316,
,147,9.957907,33.65668,1490.472,25.9105,2.111077E-03,.3831953,
,147.5,9.957448,33.65731,1490.479,25.9111,2.110615E-03,.3842587,
,148,9.956667,33.65771,1490.485,25.91158,2.110258E-03,.3853219,
,148.5,9.955313,33.65952,1490.49,25.91315,2.108888E-03,.3863847,
,149,9.95246,33.66226,1490.492,25.91581,2.106358E-03,.3874465,
,149.5,9.953076,33.66763,1490.509,25.91984,2.102624E-03,.3885068,
,150,9.955832,33.67253,1490.533,25.92325,2.099628E-03,.3895653,
,150.5,9.95953,33.6758,1490.559,25.92519,2.097881E-03,.3906226,
,151,9.961041,33.67636,1490.573,25.92542,2.097752E-03,.3916795,
,151.5,9.962912,33.67653,1490.589,25.92526,2.09792E-03,.3927364,
,152,9.962701,33.67671,1490.596,25.92542,2.097839E-03,.3937933,
,152.5,9.961762,33.67756,1490.602,25.9262,.0020973,.3948501,
,153,9.961177,33.67807,1490.609,25.92669,2.096876E-03,.3959066,
,153.5,9.960986,33.67812,1490.617,25.92676,2.096901E-03,.396963,
,154,9.961119,33.6784,1490.626,25.92696,2.096814E-03,.3980194,
,154.5,9.95973,33.67994,1490.631,25.92837,2.09559E-03,.3990755,
,155,9.955676,33.68177,1490.627,25.93045,2.093717E-03,.4001308,
,155.5,9.955388,33.68366,1490.636,25.93202,2.092344E-03,.4011853,
,156,9.953285,33.68456,1490.638,25.93308,2.091453E-03,.4022392,
,156.5,9.952806,33.68506,1490.645,25.93346,2.09119E-03,.4032928,
,157,9.953542,33.68561,1490.657,25.93388,2.090919E-03,.4043463,
,157.5,9.951661,33.68626,1490.659,25.93466,2.090271E-03,.4053996,
,158,9.949759,33.68864,1490.664,25.93686,2.088228E-03,.4064522,
,158.5,9.943018,33.69269,1490.653,25.94116,2.084198E-03,.4075034,
,159,9.93388,33.69626,1490.632,25.94544,2.08019E-03,.4085524,
,159.5,9.923237,33.6993,1490.606,25.94961,.0020764,.4095996,
,160,9.918215,33.70329,1490.601,25.95359,2.072731E-03,.4106447,
,160.5,9.924082,33.70541,1490.633,25.95427,2.07217E-03,.4116887,
,161,9.928432,33.7059,1490.658,25.95391,2.072637E-03,.4127329,
,161.5,9.930253,33.70606,1490.673,25.95375,2.072884E-03,.4137772,
,162,9.927126,33.70552,1490.669,25.95379,2.072863E-03,.4148215,
,162.5,9.924851,33.70571,1490.669,25.95432,2.072476E-03,.4158658,
,163,9.921661,33.70611,1490.667,25.95526,2.071666E-03,.4169098,
,163.5,9.920895,33.70698,1490.673,25.95607,2.070938E-03,.4179533,
,164,9.920235,33.70819,1490.681,25.95712,2.070123E-03,.4189966,
,164.5,9.918435,33.70875,1490.683,25.95779,2.069587E-03,.4200394,
,165,9.920097,33.70964,1490.698,25.9583,2.069216E-03,.421082,
,165.5,9.918877,33.71033,1490.703,25.95901,2.068681E-03,.4221244,
,166,9.919357,33.71134,1490.714,25.95975,2.068038E-03,.4231665,
,166.5,9.914927,33.71268,1490.708,25.9615,2.066468E-03,.4242082,
,167,9.898517,33.71858,1490.665,25.9688,2.059553E-03,.4252473,
,167.5,9.892386,33.72173,1490.655,25.97227,.0020563,.426284,
,168,9.89224,33.72509,1490.666,25.97491,2.053941E-03,.4273196,
,168.5,9.887017,33.72933,1490.661,25.9791,2.050037E-03,.4283528,
,169,9.880682,33.73386,1490.652,25.98372,2.04572E-03,.4293853,
,169.5,9.87261,33.74013,1490.639,25.98997,2.039906E-03,.4304135,
,170,9.863894,33.74664,1490.623,25.99652,2.033792E-03,.4314406,
,170.5,9.852158,33.7543,1490.599,26.0045,2.026279E-03,.4324627,
,171,9.839473,33.76369,1490.573,26.01397,2.017356E-03,.4334813,
,171.5,9.825618,33.77523,1490.545,26.02528,2.006694E-03,.4344957,
,172,9.799925,33.78737,1490.475,26.03901,1.993681E-03,.435502,
,172.5,9.772195,33.79953,1490.398,26.05308,1.980327E-03,.4365051,
,173,9.753252,33.81046,1490.35,26.06479,1.969276E-03,.4374989,
,173.5,9.741915,33.81862,1490.328,26.07307,1.961491E-03,.4384899,
,174,9.739263,33.8236,1490.333,26.07742,1.957437E-03,.4394775,
,174.5,9.738759,33.82524,1490.341,26.07879,1.956305E-03,.4404635,
,175,9.738631,33.82621,1490.35,26.07958,1.955735E-03,.4414491,
,175.5,9.73824,33.82715,1490.358,26.08032,1.955092E-03,.4424343,
,176,9.737426,33.82797,1490.364,26.08109,1.954419E-03,.4434192,
,176.5,9.736192,33.82867,1490.369,26.08189,1.953718E-03,.4444039,
,177,9.736643,33.82952,1490.38,26.08247,1.953295E-03,.4453882,
,177.5,9.737082,33.83035,1490.391,26.08302,1.952899E-03,.4463723,
,178,9.736224,33.83096,1490.397,26.08362,1.952401E-03,.4473562,
,178.5,9.735379,33.83146,1490.403,26.08417,1.952022E-03,.4483398,
,179,9.735234,33.83184,1490.411,26.08451,1.951819E-03,.4493234,
,179.5,9.735979,33.83212,1490.422,26.08459,1.951815E-03,.4503068,
,180,9.735279,33.83179,1490.428,26.0845,1.951973E-03,.4512903,
,180.5,9.735582,33.83189,1490.437,26.08452,1.952024E-03,.4522739,
,181,9.735936,33.8322,1490.447,26.08469,1.951953E-03,.4532575,
,181.5,9.734323,33.83238,1490.45,26.08517,1.95164E-03,.4542409,
,182,9.733603,33.83282,1490.456,26.0856,1.951329E-03,.4552242,
,182.5,9.73329,33.8334,1490.464,26.08603,1.950999E-03,.4562074,
,183,9.73287,33.83401,1490.471,26.08663,1.950558E-03,.4571903,
,183.5,9.731547,33.8351,1490.476,26.08772,1.949623E-03,.4581729,
,184,9.729445,33.8366,1490.479,26.08922,1.948261E-03,.4591551,
,184.5,9.725372,33.83873,1490.475,26.09153,1.946133E-03,.4601358,
,185,9.720909,33.84141,1490.47,26.09434,1.943545E-03,.461116,
,185.5,9.715295,33.84575,1490.464,26.09866,1.939584E-03,.4620942,
,186,9.705661,33.85125,1490.444,26.10454,1.934104E-03,.4630698,
,186.5,9.693739,33.85742,1490.416,26.11131,1.927738E-03,.4640435,
,187,9.681521,33.86385,1490.388,26.11845,1.920959E-03,.4650124,
,187.5,9.672359,33.86936,1490.37,26.12431,1.915474E-03,.4659792,
,188,9.666333,33.87392,1490.362,26.12884,1.911318E-03,.4669439,
,188.5,9.664063,33.87679,1490.365,26.13147,1.908892E-03,.467906,
,189,9.661339,33.87951,1490.367,26.13402,1.906554E-03,.4688674,
,189.5,9.657356,33.88205,1490.364,26.13659,1.904243E-03,.4698275,
,190,9.651771,33.88552,1490.356,26.14023,1.900883E-03,.4707861,
,190.5,9.644341,33.88992,1490.343,26.14495,1.89649E-03,.4717432,
,191,9.632769,33.89603,1490.317,26.15163,1.890232E-03,.4726973,
,191.5,9.615964,33.90198,1490.271,26.15902,1.883224E-03,.4736478,
,192,9.606147,33.90721,1490.25,26.16471,1.877896E-03,.4745954,
,192.5,9.597605,33.91113,1490.232,26.16921,1.873732E-03,.4755407,
,193,9.588543,33.91358,1490.21,26.17262,1.870594E-03,.4764841,
,193.5,9.584085,33.91488,1490.204,26.17435,1.869045E-03,.4774264,
,194,9.583325,33.91533,1490.21,26.17483,1.868656E-03,.4783681,
,194.5,9.581732,33.91497,1490.212,26.17486,1.868681E-03,.4793098,
