,0,18.94746,33.47778,1516.807,23.87244,4.022379E-03,0,
,.5,18.94746,33.47778,1516.807,23.87244,4.022379E-03,0,
,1,18.9476,33.4778,1516.808,23.87243,4.02242E-03,4.049147E-03,
,1.5,18.94728,33.47835,1516.816,23.87299,4.022066E-03,6.073757E-03,
,2,18.94554,33.47869,1516.82,23.87366,4.021566E-03,8.097976E-03,
,2.5,18.94359,33.47886,1516.823,23.8743,4.02111E-03,1.012202E-02,
,3,18.93904,33.47864,1516.818,23.87529,4.020364E-03,1.214584E-02,
,3.5,18.94134,33.4785,1516.833,23.87455,4.021254E-03,1.416961E-02,
,4,18.93278,33.47866,1516.817,23.87682,4.019199E-03,1.619332E-02,
,4.5,18.92541,33.47883,1516.805,23.87886,4.017414E-03,.0182158,
,5,18.92537,33.4786,1516.813,23.87871,4.017741E-03,2.023803E-02,
,5.5,18.92721,33.4787,1516.826,23.87831,4.018304E-03,2.226045E-02,
,6,18.92846,33.47911,1516.839,23.8783,4.018462E-03,2.428305E-02,
,6.5,18.92888,33.47972,1516.849,23.87864,4.018279E-03,2.630566E-02,
,7,18.931,33.48008,1516.864,23.8784,4.018722E-03,2.832833E-02,
,7.5,18.93685,33.47964,1516.889,23.87659,4.020616E-03,3.035159E-02,
,8,18.94183,33.47887,1516.91,23.87475,4.022467E-03,3.237585E-02,
,8.5,18.94436,33.47821,1516.925,23.87361,4.023689E-03,3.440087E-02,
,9,18.94628,33.47791,1516.939,23.8729,4.024579E-03,3.642634E-02,
,9.5,18.94559,33.47794,1516.945,23.87312,4.02456E-03,.0384521,
,10,18.94488,33.47806,1516.952,23.8734,4.024439E-03,.0404778,
,10.5,18.94415,33.47827,1516.958,23.87373,4.024218E-03,4.250345E-02,
,11,18.94148,33.4785,1516.959,23.87456,4.023558E-03,4.452874E-02,
,11.5,18.9368,33.47875,1516.954,23.87589,4.022447E-03,4.655366E-02,
,12,18.93341,33.47904,1516.953,23.87695,4.021607E-03,4.857842E-02,
,12.5,18.93382,33.47945,1516.964,23.87719,4.021559E-03,.0506027,
,13,18.93436,33.47967,1516.974,23.87725,4.02169E-03,5.262705E-02,
,13.5,18.93536,33.47929,1516.984,23.87667,4.022422E-03,5.465163E-02,
,14,18.94126,33.47923,1517.01,23.87515,4.024063E-03,5.667684E-02,
,14.5,18.95081,33.47942,1517.046,23.87294,4.026353E-03,5.870273E-02,
,15,18.95297,33.47948,1517.06,23.87243,4.026971E-03,6.072959E-02,
,15.5,18.95556,33.47744,1517.074,23.87023,4.029184E-03,6.275666E-02,
,16,18.92679,33.46862,1516.99,23.87066,4.028976E-03,6.478478E-02,
,16.5,18.76729,33.47712,1516.55,23.9172,3.984688E-03,6.680238E-02,
,17,18.09684,33.41805,1514.547,24.03809,3.869435E-03,6.876475E-02,
,17.5,17.93376,33.41683,1514.075,24.07705,3.832392E-03,7.070322E-02,
,18,17.76992,33.40894,1513.592,24.1107,3.800415E-03,7.262402E-02,
,18.5,17.59204,33.39408,1513.057,24.14215,3.770493E-03,7.452784E-02,
,19,17.41354,33.38571,1512.525,24.17843,3.736017E-03,7.641505E-02,
,19.5,17.22572,33.38027,1511.966,24.21905,3.697437E-03,7.829078E-02,
,20,17.0549,33.38035,1511.461,24.25945,3.658991E-03,8.013666E-02,
,20.5,16.90013,33.3809,1511.004,24.2963,3.623996E-03,8.197334E-02,
,21,16.7848,33.38163,1510.664,24.32375,3.598017E-03,8.379176E-02,
,21.5,16.66386,33.37528,1510.298,24.34698,3.576043E-03,.0855979,
,22,16.47086,33.36741,1509.709,24.38546,3.53938E-03,8.738761E-02,
,22.5,16.23918,33.36155,1509.001,24.43406,3.493149E-03,8.915769E-02,
,23,16.01274,33.35596,1508.304,24.4812,3.448229E-03,9.090518E-02,
,23.5,15.9024,33.34798,1507.962,24.50002,3.430434E-03,9.263611E-02,
,24,15.80271,33.3398,1507.651,24.51611,3.415221E-03,9.435922E-02,
,24.5,15.68507,33.33162,1507.284,24.5361,3.396255E-03,.0960751,
,25,15.53009,33.32061,1506.795,24.56203,3.371745E-03,9.777889E-02,
,25.5,15.36093,33.3143,1506.265,24.59456,3.340849E-03,9.946673E-02,
,26,15.16317,33.31103,1505.646,24.63526,.0033021,.1011365,
,26.5,14.97177,33.31023,1505.047,24.67627,3.263098E-03,.1027918,
,27,14.84275,33.31275,1504.648,24.70615,3.234809E-03,.1044284,
,27.5,14.78688,33.31287,1504.478,24.71818,3.223337E-03,.106054,
,28,14.71227,33.31666,1504.252,24.73715,3.205352E-03,.1076714,
,28.5,14.6485,33.32037,1504.061,24.75356,3.189893E-03,.1092807,
,29,14.60321,33.32257,1503.927,24.76491,3.179246E-03,.1108838,
,29.5,14.56291,33.3233,1503.806,24.77411,3.170623E-03,.1124826,
,30,14.49717,33.32211,1503.602,24.78717,3.158265E-03,.1140759,
,30.5,14.43446,33.32298,1503.41,24.80109,3.145189E-03,.1156623,
,31,14.3677,33.32507,1503.205,24.81676,3.13031E-03,.1172422,
,31.5,14.32908,33.3261,1503.09,24.82571,3.121854E-03,.1188159,
,32,14.29862,33.32536,1502.999,24.83154,3.116467E-03,.1203858,
,32.5,14.26425,33.32391,1502.895,24.83763,3.110872E-03,.1219539,
,33,14.17785,33.32312,1502.622,24.8551,3.094341E-03,.1235121,
,33.5,14.09153,33.32237,1502.349,24.87259,3.077799E-03,.1250698,
,34,14.00864,33.3234,1502.089,24.8905,3.060793E-03,.1266102,
,34.5,13.92575,33.32443,1501.828,24.90841,3.043787E-03,.1281505,
,35,13.87384,33.32534,1501.668,24.91984,3.032991E-03,.1296786,
,35.5,13.82809,33.32623,1501.528,24.92998,3.023431E-03,.1312043,
,36,13.79201,33.32747,1501.42,24.93835,3.01552E-03,.1327247,
,36.5,13.76218,33.32894,1501.332,24.94559,3.008676E-03,.1342417,
,37,13.7257,33.3322,1501.224,24.95559,2.999314E-03,.1357533,
,37.5,13.68639,33.33622,1501.109,24.96675,2.988884E-03,.1372626,
,38,13.62809,33.33892,1500.928,24.98076,2.975613E-03,.1387615,
,38.5,13.57587,33.34162,1500.768,24.99351,2.963549E-03,.1402582,
,39,13.54354,33.34434,1500.673,25.00217,2.955421E-03,.1417476,
,39.5,13.51072,33.34405,1500.573,25.00858,2.94944E-03,.1432346,
,40,13.47738,33.34045,1500.467,25.01251,2.945824E-03,.1447189,
,40.5,13.43083,33.3392,1500.32,25.02095,2.937861E-03,.1461989,
,41,13.38024,33.33865,1500.16,25.03077,2.928571E-03,.1476775,
,41.5,13.30837,33.33524,1499.926,25.04256,2.91752E-03,.1491465,
,42,13.23687,33.33203,1499.694,25.05442,2.906393E-03,.150615,
,42.5,13.17351,33.33314,1499.493,25.06792,2.893588E-03,.1520718,
,43,13.11015,33.33425,1499.291,25.08143,2.880784E-03,.1535286,
,43.5,12.99102,33.33814,1498.906,25.10798,2.855579E-03,.1549674,
,44,12.86699,33.34229,1498.505,25.13568,2.829271E-03,.1564046,
,44.5,12.74302,33.34952,1498.105,25.16553,2.800867E-03,.1578182,
,45,12.6545,33.3575,1497.825,25.18898,2.778602E-03,.1592248,
,45.5,12.6034,33.36208,1497.666,25.2024,2.765924E-03,.1606202,
,46,12.54361,33.36253,1497.473,25.2143,2.754676E-03,.1620104,
,46.5,12.41908,33.37006,1497.068,25.24415,2.726274E-03,.163386,
,47,12.31413,33.37645,1496.728,25.2693,2.702375E-03,.1647548,
,47.5,12.25129,33.38041,1496.527,25.28434,2.688158E-03,.166109,
,48,12.18845,33.38437,1496.326,25.29938,2.673941E-03,.1674633,
,48.5,12.15665,33.38898,1496.231,25.30896,2.664917E-03,.1688055,
,49,12.129,33.39368,1496.151,25.31781,2.656586E-03,.1701462,
,49.5,12.10017,33.39525,1496.063,25.32447,2.650358E-03,.1714829,
,50,12.07037,33.39428,1495.968,25.32934,2.645836E-03,.1728165,
,50.5,12.0378,33.39559,1495.866,25.33652,2.639087E-03,.1741465,
,51,12.00388,33.39801,1495.761,25.34481,2.631259E-03,.1754746,
,51.5,11.96987,33.39998,1495.655,25.35275,2.623804E-03,.1767957,
,52,11.93586,33.40194,1495.549,25.36069,2.616357E-03,.1781166,
,52.5,11.90215,33.40436,1495.444,25.36885,2.608677E-03,.1794295,
,53,11.86848,33.40684,1495.34,25.37704,2.600968E-03,.1807415,
,53.5,11.83339,33.40854,1495.23,25.38489,2.593588E-03,.1820507,
,54,11.79491,33.40837,1495.105,25.39191,2.58699E-03,.1833535,
,54.5,11.75644,33.40822,1494.981,25.39893,2.580393E-03,.1846562,
,55,11.69964,33.40836,1494.793,25.40956,2.57034E-03,.1859505,
,55.5,11.63699,33.40861,1494.585,25.42133,2.559184E-03,.1872422,
,56,11.58119,33.40948,1494.401,25.43232,2.548803E-03,.1885302,
,56.5,11.53917,33.41162,1494.266,25.4417,2.539982E-03,.1898106,
,57,11.49697,33.41489,1494.132,25.45198,.0025303,.1910881,
,57.5,11.4544,33.42076,1494,25.4643,2.518644E-03,.1923588,
,58,11.41759,33.42626,1493.887,25.47531,2.508259E-03,.193624,
,58.5,11.38568,33.43144,1493.79,25.4852,2.498958E-03,.1948847,
,59,11.35642,33.435,1493.701,25.49331,2.491336E-03,.1961418,
,59.5,11.33067,33.43642,1493.621,25.49908,2.485949E-03,.1973942,
,60,11.30316,33.43779,1493.535,25.50512,2.48029E-03,.1986462,
,60.5,11.24553,33.4384,1493.343,25.51599,2.469992E-03,.1998889,
,61,11.18789,33.439,1493.151,25.52687,2.459694E-03,.2011316,
,61.5,11.14151,33.43963,1492.997,25.53569,2.451371E-03,.2023686,
,62,11.10468,33.44028,1492.877,25.54277,2.444728E-03,.2036008,
,62.5,11.07111,33.44113,1492.769,25.54943,2.438485E-03,.2048323,
,63,11.06006,33.44338,1492.741,25.55319,2.435006E-03,.2060585,
,63.5,11.04901,33.44563,1492.714,25.55696,2.431528E-03,.2072848,
,64,11.04613,33.44677,1492.713,25.55839,2.430256E-03,.2085086,
,64.5,11.04337,33.44788,1492.713,25.55979,2.429016E-03,.2097322,
,65,11.03792,33.44842,1492.703,25.56114,2.427813E-03,.2109549,
,65.5,11.03141,33.44872,1492.689,25.56248,2.426624E-03,.2121771,
,66,11.02278,33.44897,1492.667,25.56416,2.425112E-03,.2133989,
,66.5,11.0028,33.44889,1492.605,25.56767,2.421882E-03,.2146181,
,67,10.98283,33.44881,1492.543,25.57119,2.418653E-03,.2158373,
,67.5,10.95938,33.44873,1492.469,25.57531,2.414824E-03,.2170545,
,68,10.93034,33.44862,1492.375,25.58039,2.410031E-03,.2182683,
,68.5,10.90129,33.44852,1492.28,25.58547,2.405237E-03,.2194822,
,69,10.86459,33.44996,1492.161,25.59309,2.398076E-03,.2206896,
,69.5,10.82611,33.45177,1492.036,25.60129,2.390366E-03,.2218955,
,70,10.78435,33.45366,1491.899,25.61012,2.382039E-03,.2230981,
,70.5,10.73417,33.45579,1491.732,25.62058,2.372132E-03,.2242926,
,71,10.68399,33.45792,1491.565,25.63105,2.362224E-03,.2254871,
,71.5,10.64583,33.46087,1491.442,25.64001,2.353769E-03,.2266738,
,72,10.61333,33.4642,1491.339,25.64828,2.345999E-03,.2278568,
,72.5,10.58358,33.46749,1491.246,25.65601,2.338732E-03,.2290387,
,73,10.56903,33.47046,1491.206,25.66084,2.334238E-03,.2302143,
,73.5,10.55447,33.47344,1491.166,25.66568,2.329744E-03,.2313899,
,74,10.55704,33.47648,1491.187,25.66758,2.327995E-03,.2325625,
,74.5,10.56017,33.47943,1491.21,25.66933,2.326414E-03,.2337347,
,75,10.55996,33.48201,1491.221,25.6714,2.32465E-03,.2349057,
,75.5,10.54455,33.48331,1491.176,25.6751,2.321214E-03,.2360751,
,76,10.51885,33.48373,1491.093,25.6799,2.316644E-03,.2372434,
,76.5,10.48437,33.48543,1490.981,25.68721,2.309737E-03,.2384066,
,77,10.4479,33.48742,1490.862,25.69507,2.302303E-03,.2395685,
,77.5,10.4132,33.48973,1490.749,25.70287,2.294971E-03,.240726,
,78,10.38004,33.49235,1490.642,25.71059,2.287728E-03,.2418796,
,78.5,10.34723,33.49549,1490.537,25.71868,2.280137E-03,.2430308,
,79,10.31533,33.50004,1490.437,25.72774,2.271633E-03,.244176,
,79.5,10.28395,33.50465,1490.339,25.73674,2.263164E-03,.2453191,
,80,10.2542,33.50947,1490.246,25.74553,2.254807E-03,.2464559,
,80.5,10.22594,33.51455,1490.159,25.75429,2.246522E-03,.24759,
,81,10.20026,33.52011,1490.083,25.76301,2.238362E-03,.2487191,
,81.5,10.17605,33.52703,1490.012,25.77254,2.229393E-03,.2498437,
,82,10.15301,33.53504,1489.948,25.7827,2.219784E-03,.2509646,
,82.5,10.12102,33.54423,1489.852,25.79527,2.207892E-03,.2520778,
,83,10.08447,33.55402,1489.741,25.80907,2.194838E-03,.2531873,
,83.5,10.05014,33.56404,1489.638,25.82268,2.181953E-03,.2542885,
,84,10.01743,33.57423,1489.541,25.83616,2.169194E-03,.2553835,
,84.5,9.988424,33.58385,1489.456,25.84857,2.157468E-03,.2564756,
,85,9.971272,33.59167,1489.412,25.85752,2.149052E-03,.2575581,
,85.5,9.954118,33.59949,1489.368,25.86647,2.140637E-03,.2586405,
,86,9.944329,33.60474,1489.348,25.87224,2.135244E-03,.2597164,
,86.5,9.936109,33.60942,1489.332,25.87734,2.130495E-03,.2607909,
,87,9.930188,33.61309,1489.323,25.88121,2.126905E-03,.2618637,
,87.5,9.927342,33.6154,1489.324,25.88346,2.124866E-03,.2629341,
,88,9.924614,33.61757,1489.325,25.88559,2.122937E-03,.2640043,
,88.5,9.92258,33.61893,1489.328,25.88703,2.12167E-03,.265073,
,89,9.920596,33.62025,1489.331,25.88843,2.120443E-03,.2661415,
,89.5,9.919002,33.62124,1489.334,25.88945,2.119517E-03,.267209,
,90,9.917481,33.62221,1489.339,25.89045,2.118629E-03,.2682765,
,90.5,9.916719,33.62302,1489.345,25.89117,2.118116E-03,.2693433,
,91,9.916026,33.62374,1489.352,25.89183,2.117638E-03,.27041,
,91.5,9.915547,33.62419,1489.359,25.89228,2.117263E-03,.2714764,
,92,9.915013,33.62465,1489.366,25.89273,2.116902E-03,.2725427,
,92.5,9.914372,33.62511,1489.372,25.89319,2.116567E-03,.2736088,
,93,9.913695,33.62558,1489.379,25.89364,2.116239E-03,.2746748,
,93.5,9.912876,33.626,1489.385,25.89409,2.115943E-03,.2757405,
,94,9.912057,33.62643,1489.39,25.89455,2.115647E-03,.2768062,
,94.5,9.911164,33.62712,1489.396,25.89524,2.115084E-03,.2778714,
,95,9.910251,33.62788,1489.402,25.896,2.114441E-03,.2789365,
,95.5,9.909119,33.62872,1489.407,25.89687,2.113707E-03,.2800014,
,96,9.907149,33.62988,1489.41,25.8981,2.11262E-03,.2810654,
,96.5,9.90518,33.63103,1489.412,25.89933,2.111533E-03,.2821294,
,97,9.902898,33.63258,1489.414,25.90093,.0021101,.2831923,
,97.5,9.9005,33.63428,1489.416,25.90266,2.108541E-03,.2842547,
,98,9.89784,33.63604,1489.417,25.90448,2.106906E-03,.2853165,
,98.5,9.894669,33.63791,1489.416,25.90645,2.105124E-03,.286377,
,99,9.891562,33.63979,1489.415,25.90843,2.103344E-03,.2874372,
,99.5,9.888938,33.64171,1489.417,25.91038,2.101582E-03,.2884957,
,100,9.886314,33.64363,1489.418,25.91234,2.099821E-03,.2895542,
,100.5,9.883957,33.6458,1489.42,25.91444,2.097925E-03,.2906109,
,101,9.881639,33.64801,1489.423,25.91655,2.096009E-03,.2916673,
,101.5,9.876452,33.65029,1489.415,25.9192,2.093588E-03,.2927221,
,102,9.869495,33.65261,1489.401,25.92217,2.090856E-03,.2937759,
,102.5,9.863358,33.65503,1489.39,25.92509,2.088183E-03,.2948286,
,103,9.858657,33.65759,1489.385,25.9279,2.085613E-03,.2958794,
,103.5,9.854184,33.66023,1489.38,25.93072,2.083034E-03,.2969298,
,104,9.851064,33.66328,1489.381,25.9336,2.080399E-03,.2979778,
,104.5,9.847265,33.66647,1489.379,25.93671,2.077545E-03,.2990254,
,105,9.838226,33.67077,1489.36,25.94155,.002073,.30007,
,105.5,9.829317,33.6751,1489.341,25.9464,2.068462E-03,.3011136,
,106,9.820934,33.67954,1489.325,25.95127,2.063945E-03,.3021537,
,106.5,9.812246,33.68412,1489.307,25.95632,2.05927E-03,.3031926,
,107,9.802833,33.68903,1489.287,25.96177,2.054219E-03,.3042282,
,107.5,9.792396,33.69349,1489.263,25.96699,2.049344E-03,.3052617,
,108,9.780744,33.69741,1489.234,25.97195,2.044678E-03,.3062926,
,108.5,9.771055,33.70084,1489.212,25.97622,2.040703E-03,.3073218,
,109,9.764112,33.70359,1489.198,25.97951,2.037694E-03,.3083489,
,109.5,9.754876,33.70591,1489.176,25.98286,2.034597E-03,.3093745,
,110,9.742323,33.70763,1489.141,25.9863,2.031373E-03,.3103983,
,110.5,9.724268,33.70957,1489.086,25.99081,2.027137E-03,.3114205,
,111,9.692249,33.71203,1488.981,25.99802,2.020336E-03,.312439,
,111.5,9.656971,33.71461,1488.864,26.00586,2.012934E-03,.3134559,
,112,9.605498,33.71775,1488.689,26.01681,2.002542E-03,.3144654,
,112.5,9.556611,33.72092,1488.523,26.02734,1.992548E-03,.3154736,
,113,9.524042,33.72432,1488.417,26.03533,1.985061E-03,.3164736,
,113.5,9.491472,33.72772,1488.311,26.04332,1.977574E-03,.3174737,
,114,9.476247,33.73026,1488.266,26.04778,1.973336E-03,.3184674,
,114.5,9.461884,33.73275,1488.225,26.05207,1.969261E-03,.3194609,
,115,9.454449,33.73698,1488.212,26.05658,1.965048E-03,.3204516,
,115.5,9.453123,33.74274,1488.222,26.06128,1.960713E-03,.3214398,
,116,9.45184,33.74847,1488.233,26.06596,.0019564,.322428,
,116.5,9.453591,33.75272,1488.253,26.069,1.953601E-03,.3234118,
,117,9.455343,33.75698,1488.273,26.07204,1.950802E-03,.3243956,
,117.5,9.454982,33.76249,1488.286,26.07641,1.946757E-03,.3253768,
,118,9.453249,33.76881,1488.296,26.08163,1.941902E-03,.3263564,
,118.5,9.44375,33.77569,1488.278,26.08854,1.935426E-03,.3273326,
,119,9.426577,33.78312,1488.233,26.09711,1.92735E-03,.3283057,
,119.5,9.425106,33.79182,1488.246,26.10415,1.920753E-03,.329275,
,120,9.435047,33.80143,1488.303,26.11009,1.91523E-03,.3302415,
,120.5,9.438598,33.80964,1488.334,26.11594,1.909787E-03,.3312042,
,121,9.43926,33.81721,1488.354,26.12175,1.904381E-03,.3321653,
,121.5,9.433532,33.82192,1488.347,26.12635,1.900108E-03,.3331234,
,122,9.423285,33.8246,1488.321,26.1301,1.896635E-03,.3340794,
,122.5,9.413121,33.82737,1488.296,26.13391,1.893101E-03,.3350348,
,123,9.403443,33.83072,1488.273,26.13809,1.889206E-03,.335986,
,123.5,9.393766,33.83408,1488.25,26.14228,1.885311E-03,.3369373,
,124,9.382383,33.83715,1488.22,26.14653,1.881334E-03,.3378862,
,124.5,9.368774,33.83984,1488.182,26.15088,1.877248E-03,.338832,
,125,9.355165,33.84253,1488.144,26.15522,1.873161E-03,.3397778,
,125.5,9.347191,33.84526,1488.126,26.15864,1.86999E-03,.3407203,
,126,9.341244,33.84801,1488.116,26.16173,1.867148E-03,.3416616,
,126.5,9.335335,33.85022,1488.106,26.16441,1.864699E-03,.3426021,
,127,9.329508,33.85135,1488.094,26.16623,1.863068E-03,.3435408,
,127.5,9.323791,33.85248,1488.083,26.16804,1.861445E-03,.3444794,
,128,9.320733,33.85392,1488.082,26.16967,1.859996E-03,.3454163,
,128.5,9.317676,33.85536,1488.08,26.1713,1.858546E-03,.3463532,
,129,9.313945,33.85827,1488.078,26.17418,1.85591E-03,.3472882,
,129.5,9.310114,33.86139,1488.077,26.17726,1.853097E-03,.3482228,
,130,9.306112,33.86505,1488.075,26.18076,1.849862E-03,.3491548,
,130.5,9.302059,33.86887,1488.073,26.1844,1.846497E-03,.350086,
,131,9.29996,33.87262,1488.078,26.18766,1.843495E-03,.3510158,
,131.5,9.300575,33.87627,1488.093,26.19039,1.840998E-03,.3519435,
,132,9.300893,33.87993,1488.107,26.19318,1.838443E-03,.352871,
,132.5,9.294994,33.88387,1488.099,26.19727,1.83466E-03,.3537951,
,133,9.289096,33.88781,1488.09,26.20136,1.830876E-03,.3547193,
,133.5,9.282931,33.8924,1488.081,26.20596,1.826567E-03,.3556396,
,134,9.276715,33.89712,1488.073,26.21066,1.822156E-03,.3565592,
,134.5,9.272377,33.90207,1488.071,26.21519,1.817946E-03,.3574758,
,135,9.268918,33.90711,1488.073,26.21964,1.81383E-03,.358391,
,135.5,9.264463,33.91207,1488.071,26.22423,1.809578E-03,.3593033,
,136,9.259475,33.91698,1488.067,26.2289,1.805252E-03,.3602141,
,136.5,9.257421,33.92147,1488.073,26.23275,1.801705E-03,.3611225,
,137,9.257217,33.92568,1488.086,26.23609,1.798648E-03,.3620295,
,137.5,9.258261,33.92986,1488.103,26.2392,1.795772E-03,.3629349,
,138,9.260434,33.93398,1488.124,26.24211,1.793058E-03,.3638388,
,138.5,9.258862,33.93823,1488.132,26.24569,1.789726E-03,.3647414,
,139,9.25008,33.94272,1488.114,26.25056,1.785204E-03,.3656414,
,139.5,9.243679,33.94649,1488.103,26.25451,1.781557E-03,.3665408,
,140,9.246056,33.9476,1488.122,26.25507,1.781138E-03,.3674381,
,140.5,9.240475,33.94902,1488.111,26.25711,1.779282E-03,.3683347,
,141,9.209534,33.95142,1488.009,26.26389,1.772844E-03,.369229,
,141.5,9.18311,33.95326,1487.922,26.26954,1.767528E-03,.3701211,
,142,9.162468,33.95437,1487.856,26.27374,1.763651E-03,.3710104,
,142.5,9.146877,33.95617,1487.809,26.27766,1.760031E-03,.3718982,
,143,9.139721,33.95909,1487.795,26.28112,1.756843E-03,.3727836,
,143.5,9.132565,33.96202,1487.78,26.28457,1.753655E-03,.3736689,
,144,9.127763,33.96309,1487.772,26.28619,1.752162E-03,.3745516,
,144.5,9.123029,33.96411,1487.765,26.28775,1.750719E-03,.3754341,
,145,9.118719,33.96499,1487.758,26.28914,1.74948E-03,.3763159,
,145.5,9.114751,33.96576,1487.753,26.29038,1.748407E-03,.377197,
,146,9.110105,33.96658,1487.745,26.29174,1.747195E-03,.3780775,
,146.5,9.104749,33.96743,1487.734,26.29323,1.745838E-03,.3789575,
,147,9.099811,33.96872,1487.726,26.29503,1.74418E-03,.3798365,
,147.5,9.09515,33.97031,1487.719,26.29705,1.74232E-03,.3807149,
,148,9.092538,33.97281,1487.721,26.29944,1.740174E-03,.3815918,
,148.5,9.09097,33.97578,1487.727,26.30203,1.737883E-03,.3824681,
,149,9.091097,33.97868,1487.739,26.30425,1.735891E-03,.3833431,
,149.5,9.09243,33.98154,1487.756,26.30623,1.734112E-03,.3842171,
,150,9.093244,33.98421,1487.771,26.30816,1.732376E-03,.3850906,
,150.5,9.092824,33.98642,1487.78,26.30997,1.730744E-03,.3859626,
,151,9.092405,33.98863,1487.79,26.31178,1.729113E-03,.3868347,
,151.5,9.089677,33.98926,1487.789,26.31271,1.728278E-03,.3877055,
,152,9.086615,33.98966,1487.786,26.31351,1.72756E-03,.3885761,
,152.5,9.081345,33.99001,1487.775,26.31462,1.726566E-03,.3894462,
,153,9.073162,33.99028,1487.754,26.31614,1.72521E-03,.3903155,
,153.5,9.06526,33.99056,1487.733,26.31763,1.72389E-03,.3911847,
,154,9.059579,33.99089,1487.721,26.31878,1.722848E-03,.3920528,
,154.5,9.053898,33.99121,1487.709,26.31993,1.721806E-03,.3929208,
,155,9.049994,33.9923,1487.704,26.32141,1.720519E-03,.3937877,
,155.5,9.046111,33.99339,1487.699,26.32288,1.719228E-03,.3946545,
,156,9.038493,33.99426,1487.681,26.3248,1.717495E-03,.3955197,
,156.5,9.030876,33.99513,1487.662,26.32672,1.715763E-03,.3963849,
,157,9.026217,33.9961,1487.654,26.32822,1.714429E-03,.3972489,
,157.5,9.023138,33.99712,1487.652,26.3295,1.713308E-03,.3981124,
,158,9.019773,33.99843,1487.65,26.33103,1.711936E-03,.3989754,
,158.5,9.014879,34.00121,1487.644,26.33393,1.709221E-03,.3998366,
,159,9.009986,34.00399,1487.637,26.33684,1.706507E-03,.4006978,
,159.5,8.997596,34.00818,1487.605,26.34209,1.70162E-03,.4015553,
,160,8.983866,34.01263,1487.568,26.34777,1.696346E-03,.4024121,
,160.5,8.976427,34.02044,1487.558,26.3551,.0016895,.4032639,
,161,8.970733,34.02917,1487.556,26.3629,1.682219E-03,.4041143,
,161.5,8.977173,34.03595,1487.597,26.36716,1.678279E-03,.4049608,
,162,8.987733,34.04206,1487.651,26.37023,1.675474E-03,.4058059,
,162.5,8.998949,34.04758,1487.708,26.37279,1.673175E-03,.4066494,
,163,9.010538,34.05277,1487.766,26.37506,1.671166E-03,.4074919,
,163.5,9.019753,34.05698,1487.813,26.3769,1.669544E-03,.4083338,
,164,9.024041,34.05914,1487.84,26.37785,1.668729E-03,.4091747,
,164.5,9.028329,34.06131,1487.867,26.37881,1.667914E-03,.4100155,
,165,9.022224,34.06368,1487.855,26.38163,1.665317E-03,.4108543,
,165.5,9.014828,34.06608,1487.839,26.3847,1.662498E-03,.4116929,
,166,9.008481,34.06886,1487.827,26.3879,1.65955E-03,.4125301,
,166.5,9.003859,34.07226,1487.823,26.39134,1.65639E-03,.4133651,
,167,8.999221,34.07603,1487.819,26.39506,1.652954E-03,.4141994,
,167.5,8.994516,34.08155,1487.816,26.4001,1.648221E-03,.4150303,
,168,8.991932,34.08781,1487.823,26.4054,1.64327E-03,.4158604,
,168.5,9.001978,34.09847,1487.881,26.4122,1.637014E-03,.4166861,
,169,9.022109,34.10817,1487.976,26.41662,1.633026E-03,.4175106,
,169.5,9.058382,34.11635,1488.128,26.41724,1.632667E-03,.4183333,
,170,9.082156,34.12325,1488.232,26.41885,1.631309E-03,.4191552,
,170.5,9.087971,34.1283,1488.268,26.42189,1.628516E-03,.4199761,
,171,9.093374,34.1332,1488.302,26.42487,1.625783E-03,.4207969,
,171.5,9.08954,34.13448,1488.298,26.42644,1.624379E-03,.4216152,
,172,9.085707,34.13575,1488.294,26.42801,1.622975E-03,.4224336,
,172.5,9.082238,34.13664,1488.291,26.42924,1.621877E-03,.4232512,
,173,9.079061,34.13722,1488.288,26.43019,1.621022E-03,.4240681,
,173.5,9.075906,34.13733,1488.285,26.43079,1.62053E-03,.424885,
,174,9.072792,34.13663,1488.281,26.43079,1.620649E-03,.4257016,
,174.5,9.070502,34.13604,1488.28,26.43072,1.620798E-03,.4265182,
,175,9.068911,34.13553,1488.281,26.43059,1.620974E-03,.4273349,
,175.5,9.067043,34.13523,1488.283,26.43064,1.621031E-03,.4281517,
,176,9.065025,34.13504,1488.283,26.43081,1.621024E-03,.4289685,
,176.5,9.063133,34.13504,1488.285,26.4311,1.620872E-03,.4297852,
,177,9.061457,34.13533,1488.287,26.4316,1.620473E-03,.4306017,
,177.5,9.059779,34.13563,1488.289,26.4321,1.620074E-03,.4314183,
,178,9.057471,34.13599,1488.29,26.43274,1.619546E-03,.4322344,
,178.5,9.054903,34.13638,1488.289,26.43344,1.618967E-03,.4330502,
,179,9.052441,34.13679,1488.289,26.43414,1.618384E-03,.4338661,
,179.5,9.051173,34.13752,1488.293,26.43489,1.61777E-03,.4346813,
,180,9.049906,34.13824,1488.298,26.43563,1.617155E-03,.4354964,
,180.5,9.048798,34.13891,1488.303,26.43635,1.616542E-03,.436311,
,181,9.047731,34.13956,1488.308,26.43705,1.615928E-03,.4371255,
,181.5,9.047143,34.14001,1488.315,26.4375,1.615621E-03,.4379397,
,182,9.046765,34.14037,1488.322,26.43785,1.615448E-03,.4387538,
,182.5,9.046613,34.14058,1488.33,26.43805,1.615373E-03,.4395678,
,183,9.046615,34.14069,1488.338,26.43816,1.615366E-03,.4403818,
,183.5,9.046541,34.14072,1488.346,26.4382,1.615405E-03,.4411958,
,184,9.046312,34.14058,1488.354,26.4381,1.61554E-03,.4420099,
,184.5,9.046082,34.14045,1488.361,26.438,1.615675E-03,.4428239,
,185,9.04607,34.14057,1488.369,26.43813,1.615638E-03,.4436381,
,185.5,9.046084,34.14073,1488.378,26.43829,1.615579E-03,.4444522,
,186,9.04581,34.14085,1488.385,26.43843,1.615586E-03,.4452663,
,186.5,9.045347,34.14095,1488.392,26.43855,1.615635E-03,.4460804,
,187,9.045441,34.14103,1488.401,26.4386,1.615687E-03,.4468945,
,187.5,9.045979,34.14109,1488.411,26.4386,1.615741E-03,.4477087,
,188,9.04628,34.14106,1488.421,26.43852,1.615906E-03,.448523,
,188.5,9.046471,34.14098,1488.429,26.4384,1.616122E-03,.4493373,
,189,9.046377,34.14094,1488.437,26.43838,1.616229E-03,.4501517,
,189.5,9.046102,34.14092,1488.445,26.43843,1.616268E-03,.4509661,
,190,9.045719,34.14093,1488.452,26.43852,1.61627E-03,.4517806,
,190.5,9.044537,34.14118,1488.456,26.43889,1.615998E-03,.4525949,
,191,9.043353,34.14143,1488.46,26.43926,1.615725E-03,.4534092,
,191.5,9.042254,34.14165,1488.464,26.4396,1.615493E-03,.4542234,
,192,9.041241,34.14184,1488.469,26.43989,1.615303E-03,.4550374,
,192.5,9.040227,34.14202,1488.474,26.44018,1.615112E-03,.4558513,
,193,9.039472,34.14232,1488.48,26.44056,1.614846E-03,.4566651,
,193.5,9.038723,34.14263,1488.486,26.44095,1.614577E-03,.4574789,
,194,9.037296,34.14253,1488.489,26.44109,1.614506E-03,.4582925,
,194.5,9.035655,34.14231,1488.491,26.44115,1.614499E-03,.4591061,
,195,9.032045,34.14202,1488.485,26.44154,1.614237E-03,.4599196,
,195.5,9.028195,34.14172,1488.479,26.44197,1.613943E-03,.460733,
,196,9.021245,34.14081,1488.461,26.44234,1.613679E-03,.4615462,
,196.5,9.013826,34.1398,1488.44,26.44271,1.613419E-03,.4623594,
,197,9.009737,34.13905,1488.433,26.44275,1.613445E-03,.4631725,
,197.5,9.008079,34.13848,1488.434,26.44254,1.613681E-03,.4639857,
,198,9.00654,34.13797,1488.436,26.44237,1.613899E-03,.4647988,
,198.5,9.005481,34.1377,1488.44,26.44232,1.614043E-03,.4656122,
,199,9.00442,34.13743,1488.444,26.44226,1.614187E-03,.4664256,
,199.5,9.003908,34.13758,1488.451,26.44247,1.614144E-03,.467239,
,200,9.003448,34.13776,1488.458,26.44269,1.614083E-03,.4680524,
,200.5,9.003011,34.13793,1488.464,26.44289,1.613976E-03,.4688658,
,201,9.002582,34.13809,1488.471,26.44308,1.613851E-03,.4696791,
,201.5,8.999202,34.1379,1488.467,26.44349,1.613565E-03,.4704923,
,202,8.994874,34.1376,1488.459,26.44398,1.613225E-03,.4713054,
,202.5,8.988313,34.13735,1488.443,26.44485,1.612465E-03,.4721181,
,203,8.980256,34.13702,1488.421,26.44586,1.611585E-03,.4729305,
,203.5,8.970194,34.137,1488.392,26.4474,1.61019E-03,.4737423,
,204,8.959089,34.13861,1488.361,26.4504,1.607347E-03,.4745532,
,204.5,8.954564,34.14233,1488.357,26.45402,1.603997E-03,.4753622,
,205,8.954132,34.14738,1488.37,26.45804,1.600274E-03,.4761695,
,205.5,8.954708,34.15261,1488.387,26.46208,1.59653E-03,.4769751,
,206,8.953998,34.15739,1488.399,26.46597,1.592942E-03,.4777789,
,206.5,8.951724,34.16148,1488.404,26.46951,1.589705E-03,.4785808,
,207,8.94883,34.16452,1488.405,26.47235,1.587112E-03,.4793812,
,207.5,8.945556,34.1671,1488.404,26.47494,1.584738E-03,.4801806,
,208,8.942159,34.1689,1488.402,26.47689,1.582943E-03,.4809785,
,208.5,8.93777,34.17054,1488.396,26.47886,1.581141E-03,.481776,
,209,8.930011,34.17167,1488.377,26.48095,1.57928E-03,.4825722,
,209.5,8.921344,34.17268,1488.355,26.4831,1.577324E-03,.4833677,
,210,8.911028,34.1735,1488.326,26.48534,1.575195E-03,.484162,
,210.5,8.897951,34.17354,1488.286,26.48746,1.573217E-03,.4849554,
,211,8.882139,34.17282,1488.235,26.48946,1.571389E-03,.485748,
,211.5,8.858065,34.17195,1488.153,26.49247,1.568448E-03,.4865389,
,212,8.829095,34.16982,1488.051,26.49537,1.565721E-03,.4873288,
,212.5,8.804251,34.16738,1487.965,26.49741,1.563793E-03,.4881174,
,213,8.787819,34.16595,1487.91,26.49884,1.562391E-03,.4889051,
,213.5,8.771494,34.16506,1487.857,26.50066,1.560733E-03,.4896922,
,214,8.752649,34.1655,1487.796,26.50402,1.557553E-03,.4904774,
,214.5,8.733693,34.16626,1487.735,26.50764,1.554122E-03,.491262,
,215,8.715918,34.16812,1487.679,26.51182,1.55023E-03,.4920438,
,215.5,8.7002,34.1701,1487.631,26.51577,1.546548E-03,.4928245,
,216,8.688314,34.17231,1487.598,26.51932,1.543256E-03,.4936033,
,216.5,8.682816,34.1746,1487.589,26.52203,1.540686E-03,.4943803,
,217,8.675608,34.17523,1487.571,26.52367,1.539181E-03,.4951564,
,217.5,8.666657,34.17471,1487.546,26.52466,1.53833E-03,.495932,
,218,8.657753,34.17413,1487.52,26.5256,1.537505E-03,.4967071,
,218.5,8.649566,34.17288,1487.496,26.52588,1.537306E-03,.4974819,
,219,8.641454,34.17148,1487.473,26.52601,1.537231E-03,.4982567,
,219.5,8.632906,34.16989,1487.447,26.52608,1.537159E-03,.4990315,
,220,8.61988,34.16805,1487.405,26.52666,1.53663E-03,.499806,
,220.5,8.599163,34.16578,1487.333,26.52811,1.535318E-03,.5005801,
,221,8.573314,34.16319,1487.242,26.53003,1.533447E-03,.5013533,
,221.5,8.554132,34.16148,1487.176,26.53165,1.531902E-03,.5021259,
,222,8.544136,34.16134,1487.147,26.53311,1.530578E-03,.5028976,
,222.5,8.532157,34.16319,1487.113,26.53637,1.527514E-03,.5036683,
,223,8.517849,34.16731,1487.073,26.54182,1.522433E-03,.5044369,
,223.5,8.507668,34.17092,1487.048,26.54633,1.518173E-03,.5052031,
,224,8.509653,34.17469,1487.068,26.54899,1.515723E-03,.5059676,
,224.5,8.514017,34.18023,1487.099,26.55264,1.512409E-03,.5067303,
,225,8.519693,34.18674,1487.137,26.55685,1.508619E-03,.5074922,
,225.5,8.536022,34.19616,1487.218,26.56171,1.504166E-03,.5082509,
,226,8.552271,34.20709,1487.3,26.56772,1.498639E-03,.5090079,
,226.5,8.566781,34.21835,1487.377,26.57427,1.492618E-03,.5097619,
,227,8.577064,34.22514,1487.432,26.57804,1.489176E-03,.5105133,
,227.5,8.583209,34.22845,1487.467,26.57973,1.487699E-03,.5112635,
,228,8.591826,34.23094,1487.51,26.58033,1.487244E-03,.5120132,
,228.5,8.597957,34.23292,1487.544,26.58092,1.486791E-03,.5127627,
,229,8.60105,34.23452,1487.566,26.58172,1.486129E-03,.5135119,
,229.5,8.604275,34.23533,1487.587,26.58183,1.486123E-03,.5142609,
,230,8.607478,34.23534,1487.607,26.58131,1.486718E-03,.5150101,
,230.5,8.609083,34.23511,1487.621,26.58091,1.487221E-03,.5157596,
,231,8.609468,34.23472,1487.631,26.58057,1.487708E-03,.5165092,
,231.5,8.609528,34.23477,1487.639,26.58057,1.487701E-03,.5172591,
,232,8.610295,34.23492,1487.651,26.58057,1.487819E-03,.5180089,
,232.5,8.610901,34.23515,1487.661,26.58066,1.487876E-03,.5187589,
,233,8.610803,34.23543,1487.67,26.58087,1.487737E-03,.5195087,
,233.5,8.610581,34.23568,1487.677,26.58113,1.487494E-03,.5202585,
,234,8.609152,34.23611,1487.681,26.58172,1.487052E-03,.5210081,
,234.5,8.606811,34.23666,1487.681,26.58253,1.486407E-03,.5217575,
,235,8.603494,34.23729,1487.678,26.58356,1.48551E-03,.5225065,
,235.5,8.600706,34.23781,1487.676,26.58434,1.484851E-03,.5232551,
,236,8.599314,34.23782,1487.679,26.58451,1.484784E-03,.5240034,
,236.5,8.597777,34.23726,1487.681,26.58439,1.485013E-03,.5247519,
,237,8.592873,34.23605,1487.67,26.5842,1.485228E-03,.5255004,
,237.5,8.58653,34.23462,1487.653,26.58404,1.48543E-03,.5262491,
,238,8.580011,34.23352,1487.636,26.5842,1.485321E-03,.5269978,
,238.5,8.573922,34.23284,1487.62,26.58461,1.484946E-03,.5277464,
,239,8.570485,34.23231,1487.615,26.5847,1.484939E-03,.5284949,
,239.5,8.569528,34.23193,1487.619,26.58459,1.485169E-03,.5292435,
,240,8.568641,34.23143,1487.624,26.58436,1.485508E-03,.5299921,
,240.5,8.566052,34.23038,1487.621,26.58389,1.486027E-03,.530741,
,241,8.563556,34.23002,1487.62,26.58398,1.486002E-03,.53149,
,241.5,8.5611,34.22997,1487.619,26.58433,1.485732E-03,.532239,
,242,8.552134,34.22926,1487.593,26.58514,1.484958E-03,.5329875,
,242.5,8.545496,34.22857,1487.575,26.58561,1.48456E-03,.533736,
,243,8.544066,34.22801,1487.578,26.58537,1.484927E-03,.5344844,
,243.5,8.542415,34.22758,1487.579,26.58533,1.485049E-03,.5352329,
,244,8.540445,34.22731,1487.58,26.58545,1.48499E-03,.5359814,
,244.5,8.536949,34.22779,1487.576,26.58632,1.484229E-03,.5367296,
,245,8.533923,34.22833,1487.573,26.58718,1.483489E-03,.5374776,
,245.5,8.531951,34.22899,1487.575,26.58803,1.482794E-03,.5382252,
,246,8.529959,34.22947,1487.577,26.58875,1.482217E-03,.5389725,
,246.5,8.527943,34.22972,1487.578,26.58928,1.481776E-03,.5397195,
,247,8.525323,34.23079,1487.577,26.59053,1.480664E-03,.540466,
,247.5,8.522092,34.23209,1487.575,26.59201,1.479332E-03,.5412121,
,248,8.517859,34.23355,1487.569,26.59372,1.477785E-03,.5419575,
,248.5,8.514765,34.23486,1487.568,26.59527,1.476455E-03,.542702,
,249,8.512446,34.23546,1487.568,26.59612,1.475738E-03,.5434461,
,249.5,8.511129,34.23505,1487.571,26.59595,.0014759,.54419,
,250,8.51219,34.23437,1487.583,26.59528,1.476668E-03,.5449343,
,250.5,8.512882,34.23404,1487.593,26.59494,1.477098E-03,.5456787,
,251,8.512935,34.23433,1487.602,26.59517,1.476941E-03,.5464233,
,251.5,8.510281,34.23479,1487.601,26.59599,1.476237E-03,.5471675,
,252,8.508109,34.2354,1487.602,26.59681,1.475547E-03,.5479116,
,252.5,8.508911,34.2363,1487.614,26.59731,1.475227E-03,.5486553,
,253,8.508937,34.23644,1487.623,26.59747,1.475154E-03,.5493988,
,253.5,8.508793,34.23656,1487.631,26.59765,1.475051E-03,.5501424,
,254,8.508749,34.23716,1487.64,26.59812,1.474681E-03,.5508859,
,254.5,8.507656,34.23728,1487.644,26.59837,1.47451E-03,.5516292,
,255,8.506055,34.23718,1487.646,26.59851,1.474436E-03,.5523724,
,255.5,8.506729,34.23717,1487.657,26.59838,1.474611E-03,.5531157,
,256,8.507328,34.23714,1487.667,26.59825,1.474807E-03,.5538591,
,256.5,8.50702,34.23691,1487.674,26.59811,1.475059E-03,.5546026,
,257,8.506595,34.23666,1487.681,26.59797,1.475315E-03,.5553463,
,257.5,8.505969,34.23637,1487.686,26.59783,1.47558E-03,.55609,
,258,8.507051,34.23594,1487.698,26.59734,1.476129E-03,.556834,
,258.5,8.508621,34.23533,1487.711,26.59666,1.476841E-03,.5575783,
,259,8.508505,34.23427,1487.718,26.59588,1.477654E-03,.558323,
,259.5,8.508344,34.23376,1487.725,26.59545,1.478136E-03,.559068,
,260,8.507689,34.23358,1487.731,26.59536,1.478282E-03,.5598131,
,260.5,8.505795,34.23384,1487.732,26.59591,1.477821E-03,.5605581,
,261,8.504536,34.23432,1487.736,26.59649,1.477359E-03,.561303,
,261.5,8.503908,34.235,1487.743,26.59709,1.476897E-03,.5620475,
,262,8.504009,34.23551,1487.753,26.59747,1.476648E-03,.562792,
,262.5,8.504933,34.23583,1487.765,26.59758,1.476642E-03,.5635364,
,263,8.50513,34.236,1487.774,26.5977,1.476635E-03,.5642808,
,263.5,8.503757,34.23584,1487.777,26.59784,1.476628E-03,.5650252,
,264,8.499977,34.23563,1487.771,26.59825,1.47633E-03,.5657694,
,264.5,8.494226,34.23538,1487.757,26.5989,1.475787E-03,.5665136,
,265,8.488561,34.23539,1487.745,26.59978,1.474949E-03,.5672572,
,265.5,8.485003,34.23522,1487.739,26.60019,1.47462E-03,.5680007,
,266,8.483622,34.23486,1487.742,26.60011,1.474816E-03,.5687441,
,266.5,8.483027,34.23452,1487.748,26.59995,1.47504E-03,.5694877,
,267,8.482655,34.2342,1487.754,26.59976,1.475272E-03,.5702313,
,267.5,8.481107,34.23433,1487.757,26.6001,1.475056E-03,.5709749,
,268,8.479343,34.23455,1487.759,26.60053,1.474759E-03,.5717185,
,268.5,8.475393,34.23453,1487.752,26.60112,1.474264E-03,.5724617,
,269,8.471383,34.23448,1487.745,26.60169,1.473773E-03,.5732049,
,269.5,8.470728,34.23462,1487.751,26.60185,1.473693E-03,.5739478,
,270,8.468701,34.23434,1487.752,26.60193,1.473686E-03,.5746908,
,270.5,8.46537,34.23369,1487.747,26.60193,1.47375E-03,.5754337,
,271,8.465248,34.23384,1487.755,26.60207,1.473752E-03,.5761766,
,271.5,8.465302,34.23403,1487.764,26.60222,1.473723E-03,.5769196,
,272,8.464781,34.2341,1487.77,26.60236,1.473653E-03,.5776625,
,272.5,8.46502,34.23408,1487.779,26.60231,1.473784E-03,.5784054,
,273,8.465947,34.23397,1487.791,26.60211,1.474097E-03,.5791485,
,273.5,8.463439,34.23425,1487.79,26.60273,1.473581E-03,.5798913,
,274,8.459593,34.23466,1487.785,26.60367,1.472743E-03,.5806341,
,274.5,8.453303,34.23476,1487.77,26.60469,1.471825E-03,.5813762,
,275,8.446304,34.23476,1487.752,26.60574,1.470885E-03,.5821182,
,275.5,8.445801,34.23551,1487.759,26.60638,1.47034E-03,.5828594,
,276,8.445816,34.23626,1487.768,26.60694,1.469871E-03,.5836006,
,276.5,8.445135,34.23626,1487.774,26.60708,1.469864E-03,.5843416,
,277,8.44267,34.23643,1487.773,26.60762,1.469459E-03,.5850825,
,277.5,8.434991,34.23711,1487.754,26.60935,1.467891E-03,.5858228,
,278,8.422333,34.23828,1487.716,26.61222,1.465188E-03,.5865619,
,278.5,8.406713,34.23975,1487.668,26.61578,1.46181E-03,.5873001,
,279,8.404968,34.24202,1487.672,26.61783,1.459921E-03,.5880364,
,279.5,8.404347,34.2444,1487.681,26.61979,1.458128E-03,.5887721,
,280,8.402904,34.24689,1487.687,26.62195,1.456141E-03,.5895065,
,280.5,8.402057,34.24902,1487.695,26.62373,1.454572E-03,.5902404,
,281,8.401978,34.25068,1487.705,26.625,1.453538E-03,.5909734,
,281.5,8.401227,34.2519,1487.712,26.62605,1.452624E-03,.591706,
,282,8.399868,34.25272,1487.716,26.6269,1.451818E-03,.5924382,
,282.5,8.398943,34.25318,1487.722,26.62742,1.451402E-03,.59317,
,283,8.398256,34.25344,1487.728,26.62777,1.451199E-03,.5939018,
,283.5,8.396841,34.25319,1487.73,26.62781,1.45129E-03,.5946334,
,284,8.39515,34.25294,1487.732,26.62788,1.451324E-03,.595365,
,284.5,8.392851,34.25302,1487.732,26.62821,1.451008E-03,.5960966,
,285,8.389753,34.25313,1487.729,26.62878,1.450588E-03,.596828,
,285.5,8.385946,34.25323,1487.723,26.62957,1.449937E-03,.5975593,
,286,8.383451,34.2527,1487.721,26.62951,1.450009E-03,.5982903,
,286.5,8.380151,34.25106,1487.715,26.62871,1.450862E-03,.5990215,
,287,8.376522,34.2497,1487.708,26.62812,1.451515E-03,.5997531,
,287.5,8.369386,34.24731,1487.687,26.62737,1.452219E-03,.600485,
,288,8.361265,34.24565,1487.662,26.62732,1.452347E-03,.6012172,
,288.5,8.350998,34.24436,1487.631,26.62786,1.451864E-03,.6019492,
,289,8.339597,34.24345,1487.595,26.62885,1.450916E-03,.602681,
,289.5,8.328021,34.24355,1487.56,26.63071,1.449145E-03,.6034119,
,290,8.31201,34.24329,1487.508,26.63295,1.447023E-03,.6041419,
,290.5,8.290865,34.24262,1487.436,26.63561,1.444494E-03,.6048708,
,291,8.274693,34.24205,1487.383,26.63762,1.442592E-03,.6055986,
,291.5,8.262751,34.24156,1487.346,26.63905,1.441226E-03,.6063256,
,292,8.250834,34.24107,1487.309,26.64049,1.439889E-03,.607052,
,292.5,8.238941,34.24057,1487.271,26.64193,1.438581E-03,.6077776,
,293,8.229385,34.24063,1487.244,26.64339,1.437253E-03,.6085026,
,293.5,8.221755,34.24115,1487.224,26.64487,1.435909E-03,.609227,
,294,8.217466,34.24114,1487.216,26.6455,1.435326E-03,.6099508,
,294.5,8.215023,34.24108,1487.215,26.64582,1.435045E-03,.6106744,
,295,8.214147,34.2411,1487.22,26.646,1.434958E-03,.6113979,
,295.5,8.213331,34.24078,1487.225,26.64593,1.435136E-03,.6121215,
,296,8.212685,34.24057,1487.231,26.6459,1.435274E-03,.6128451,
,296.5,8.213057,34.24097,1487.241,26.64608,1.435155E-03,.6135687,
,297,8.213367,34.24135,1487.251,26.64625,1.435046E-03,.6142923,
,297.5,8.213054,34.24139,1487.258,26.64638,1.435039E-03,.6150158,
,298,8.21427,34.2421,1487.272,26.64678,1.434764E-03,.6157392,
,298.5,8.221039,34.24519,1487.309,26.64817,1.433514E-03,.6164622,
,299,8.228276,34.24841,1487.349,26.6496,1.432301E-03,.6171847,
,299.5,8.235907,34.25173,1487.39,26.65107,1.431121E-03,.6179067,
,300,8.248928,34.25476,1487.451,26.65154,1.430882E-03,.6186281,
,300.5,8.259814,34.25724,1487.504,26.65186,1.430757E-03,.6193496,
,301,8.264067,34.25819,1487.529,26.65186,1.430872E-03,.620071,
,301.5,8.265971,34.2589,1487.545,26.65208,1.430757E-03,.6207924,
,302,8.263793,34.25919,1487.546,26.65268,1.430241E-03,.6215135,
,302.5,8.263404,34.25986,1487.553,26.6533,1.42973E-03,.6222346,
,303,8.266757,34.26136,1487.576,26.65396,1.42923E-03,.6229553,
,303.5,8.274414,34.26325,1487.616,26.65429,1.429069E-03,.6236759,
,304,8.284602,34.26541,1487.665,26.65444,1.429085E-03,.6243965,
,304.5,8.296091,34.26777,1487.719,26.65452,1.429153E-03,.6251171,
,305,8.2978,34.26947,1487.736,26.65563,1.428191E-03,.6258373,
,305.5,8.295748,34.27076,1487.738,26.65698,1.426966E-03,.6265572,
,306,8.291609,34.27136,1487.732,26.65803,1.425969E-03,.6272764,
,306.5,8.287465,34.27153,1487.725,26.65882,1.425297E-03,.6279952,
,307,8.283319,34.27154,1487.717,26.65951,1.424755E-03,.6287137,
,307.5,8.281314,34.2714,1487.718,26.65967,1.424673E-03,.6294321,
,308,8.279939,34.27121,1487.721,26.65967,1.424726E-03,.6301505,
,308.5,8.276733,34.2708,1487.717,26.65985,1.424673E-03,.6308689,
,309,8.273278,34.2704,1487.711,26.66008,1.424563E-03,.6315872,
,309.5,8.270569,34.27036,1487.709,26.66047,1.42419E-03,.6323054,
,310,8.268132,34.27048,1487.709,26.66093,1.423836E-03,.6330234,
,310.5,8.266032,34.2708,1487.71,26.66149,1.423454E-03,.6337412,
,311,8.264524,34.27147,1487.713,26.66222,1.422832E-03,.6344588,
,311.5,8.262806,34.27193,1487.716,26.66286,1.422249E-03,.635176,
,312,8.260975,34.27228,1487.717,26.66344,1.421686E-03,.6358931,
,312.5,8.260393,34.27251,1487.724,26.66372,1.421549E-03,.6366099,
,313,8.259651,34.27267,1487.729,26.66395,1.421436E-03,.6373267,
,313.5,8.257957,34.2724,1487.731,26.66401,1.421429E-03,.6380434,
,314,8.256368,34.27215,1487.733,26.66406,1.421434E-03,.6387601,
,314.5,8.255706,34.27203,1487.739,26.66406,1.421542E-03,.6394769,
,315,8.254892,34.27193,1487.744,26.66409,1.421613E-03,.6401936,
,315.5,8.252271,34.27196,1487.742,26.66454,1.421252E-03,.6409103,
,316,8.249468,34.27203,1487.74,26.66503,1.420864E-03,.6416269,
,316.5,8.246533,34.27216,1487.738,26.66554,1.420456E-03,.6423433,
,317,8.24508,34.27223,1487.74,26.66581,1.420281E-03,.6430595,
,317.5,8.24181,34.27251,1487.737,26.66655,1.419701E-03,.6437755,
,318,8.237881,34.27286,1487.731,26.66744,1.418984E-03,.6444913,
,318.5,8.234839,34.27298,1487.728,26.66793,1.418511E-03,.6452066,
,319,8.23303,34.27305,1487.729,26.66824,1.418265E-03,.6459218,
,319.5,8.232859,34.27306,1487.737,26.6683,1.418318E-03,.646637,
,320,8.232429,34.27293,1487.744,26.66826,1.418441E-03,.6473522,
,320.5,8.231748,34.27266,1487.749,26.66813,1.418632E-03,.6480675,
,321,8.231165,34.27287,1487.755,26.66837,1.418464E-03,.6487827,
,321.5,8.230484,34.2732,1487.762,26.66873,1.418191E-03,.6494979,
,322,8.228681,34.27317,1487.763,26.66903,1.418045E-03,.650213,
,322.5,8.227906,34.27305,1487.768,26.66907,1.418106E-03,.6509281,
,323,8.228391,34.27282,1487.778,26.66879,1.418421E-03,.6516433,
,323.5,8.228038,34.27214,1487.784,26.6683,1.418947E-03,.6523587,
,324,8.227241,34.27122,1487.788,26.66768,1.419586E-03,.6530743,
,324.5,8.226043,34.27073,1487.792,26.66747,1.419854E-03,.6537902,
,325,8.224415,34.27033,1487.793,26.6674,1.419989E-03,.6545062,
,325.5,8.221713,34.27003,1487.791,26.66755,1.41991E-03,.6552222,
,326,8.219954,34.27013,1487.793,26.66789,1.419695E-03,.6559381,
,326.5,8.218657,34.27042,1487.797,26.66833,1.419413E-03,.656654,
,327,8.218551,34.27076,1487.805,26.66862,.0014192,.6573697,
,327.5,8.218608,34.27113,1487.814,26.66891,1.418985E-03,.6580853,
,328,8.219011,34.27157,1487.824,26.66922,1.418762E-03,.6588008,
,328.5,8.220031,34.27243,1487.838,26.66974,1.418373E-03,.6595162,
,329,8.22131,34.27345,1487.852,26.67036,1.417914E-03,.6602313,
,329.5,8.22233,34.27389,1487.865,26.67053,1.41787E-03,.6609463,
,330,8.223241,34.27419,1487.877,26.67062,1.417897E-03,.6616613,
,330.5,8.22356,34.27398,1487.886,26.67042,1.418151E-03,.6623763,
,331,8.222303,34.27337,1487.889,26.67013,1.418492E-03,.6630915,
,331.5,8.218255,34.27205,1487.88,26.66968,1.418984E-03,.663807,
,332,8.215714,34.27119,1487.878,26.66936,1.419354E-03,.6645226,
,332.5,8.213059,34.27049,1487.875,26.66922,1.419535E-03,.6652384,
,333,8.209247,34.26979,1487.868,26.6693,1.419451E-03,.6659542,
,333.5,8.206562,34.26947,1487.866,26.66943,1.419434E-03,.66667,
,334,8.203982,34.26918,1487.865,26.66955,1.419437E-03,.6673858,
,334.5,8.200581,34.26837,1487.859,26.66949,1.41955E-03,.6681016,
,335,8.197492,34.26766,1487.855,26.66944,1.419654E-03,.6688175,
,335.5,8.196236,34.26752,1487.858,26.66951,1.419707E-03,.6695335,
,336,8.194255,34.2673,1487.859,26.66961,1.419701E-03,.6702494,
,336.5,8.189787,34.26678,1487.85,26.66982,1.419488E-03,.6709653,
,337,8.184016,34.26619,1487.835,26.67023,1.419141E-03,.671681,
,337.5,8.177156,34.26551,1487.817,26.67078,1.418692E-03,.6723966,
,338,8.170018,34.26386,1487.797,26.67056,1.418953E-03,.6731122,
,338.5,8.162692,34.26223,1487.775,26.67039,1.419158E-03,.6738277,
,339,8.154901,34.26061,1487.752,26.67031,1.419222E-03,.6745434,
,339.5,8.144546,34.25922,1487.719,26.67078,1.418777E-03,.6752589,
,340,8.132922,34.25792,1487.682,26.67151,1.418081E-03,.6759743,
,340.5,8.12751,34.25719,1487.669,26.67173,1.417932E-03,.6766894,
,341,8.121958,34.25681,1487.656,26.67223,1.417527E-03,.6774043,
,341.5,8.116101,34.25709,1487.643,26.67326,1.416631E-03,.678119,
,342,8.108131,34.25759,1487.622,26.67491,1.415072E-03,.6788328,
,342.5,8.101486,34.25804,1487.606,26.67632,1.413755E-03,.6795462,
,343,8.097754,34.25837,1487.6,26.67716,1.41302E-03,.680259,
,343.5,8.095617,34.2583,1487.6,26.67737,1.412887E-03,.6809716,
,344,8.093839,34.25808,1487.602,26.67739,1.412927E-03,.6816842,
,344.5,8.087925,34.25768,1487.587,26.67801,1.412403E-03,.6823965,
,345,8.08223,34.25744,1487.574,26.67871,.0014118,.6831086,
,345.5,8.07718,34.25774,1487.563,26.67965,1.410964E-03,.6838204,
,346,8.072893,34.2576,1487.555,26.68018,1.410526E-03,.6845319,
,346.5,8.069569,34.25693,1487.55,26.68018,1.410588E-03,.6852433,
,347,8.069546,34.25661,1487.558,26.67993,1.410946E-03,.6859548,
,347.5,8.069716,34.2563,1487.566,26.67965,1.411341E-03,.6866664,
,348,8.067408,34.25564,1487.565,26.67947,1.411577E-03,.6873783,
,348.5,8.065776,34.25613,1487.568,26.6801,1.410995E-03,.68809,
,349,8.063463,34.25676,1487.568,26.68095,1.410202E-03,.6888013,
,349.5,8.059231,34.25714,1487.561,26.68191,1.409359E-03,.6895123,
,350,8.056599,34.25744,1487.56,26.68254,1.408863E-03,.6902229,
,350.5,8.054841,34.25769,1487.562,26.68299,1.408557E-03,.6909334,
,351,8.054242,34.2576,1487.568,26.68296,1.408609E-03,.6916438,
,351.5,8.054089,34.25738,1487.575,26.68275,1.408798E-03,.6923542,
,352,8.05288,34.25771,1487.579,26.68319,1.408513E-03,.6930646,
,352.5,8.050804,34.25826,1487.58,26.68396,1.407904E-03,.6937748,
,353,8.047763,34.25908,1487.578,26.68511,1.406898E-03,.6944846,
,353.5,8.047317,34.25999,1487.586,26.68596,1.406176E-03,.6951939,
,354,8.046244,34.26046,1487.591,26.68647,1.405772E-03,.6959029,
,354.5,8.045216,34.26067,1487.596,26.68675,1.405565E-03,.6966119,
,355,8.044927,34.26052,1487.603,26.68669,1.405682E-03,.6973208,
,355.5,8.045379,34.26057,1487.613,26.68665,.0014058,.6980298,
,356,8.047066,34.26093,1487.628,26.68665,1.405919E-03,.6987388,
,356.5,8.04786,34.26143,1487.64,26.68692,1.40579E-03,.6994478,
,357,8.04788,34.26203,1487.649,26.68741,1.405446E-03,.7001567,
,357.5,8.048082,34.26206,1487.658,26.68744,1.405501E-03,.7008656,
,358,8.048837,34.26207,1487.669,26.68734,1.405658E-03,.7015744,
,358.5,8.051239,34.26239,1487.687,26.68718,1.405876E-03,.7022834,
,359,8.050473,34.2627,1487.693,26.68754,1.405599E-03,.7029924,
,359.5,8.048455,34.26303,1487.694,26.68813,1.405114E-03,.7037012,
,360,8.049582,34.26375,1487.707,26.68851,1.404864E-03,.7044097,
,360.5,8.050666,34.26438,1487.72,26.68883,1.404668E-03,.7051182,
,361,8.051487,34.26446,1487.732,26.68876,1.40479E-03,.7058268,
,361.5,8.051957,34.26442,1487.742,26.68864,1.404988E-03,.7065353,
,362,8.051762,34.26413,1487.749,26.68842,1.405331E-03,.707244,
,362.5,8.052273,34.26431,1487.76,26.68847,1.405375E-03,.7079528,
,363,8.053504,34.26447,1487.773,26.68843,1.405493E-03,.7086616,
,363.5,8.055821,34.26405,1487.789,26.6878,1.406158E-03,.7093706,
,364,8.058248,34.2645,1487.807,26.68781,1.406285E-03,.7100798,
,364.5,8.059392,34.26476,1487.82,26.68785,1.406368E-03,.7107891,
,365,8.057642,34.26436,1487.822,26.68778,1.406489E-03,.7114985,
,365.5,8.055264,34.26431,1487.821,26.6881,1.406238E-03,.7122077,
,366,8.052247,34.26462,1487.818,26.68883,1.405611E-03,.7129169,
,366.5,8.049464,34.26437,1487.816,26.68904,1.405468E-03,.7136258,
,367,8.046815,34.26381,1487.813,26.68896,1.405601E-03,.7143347,
,367.5,8.045893,34.26383,1487.818,26.68913,1.40552E-03,.7150436,
,368,8.043965,34.26356,1487.819,26.68921,1.405516E-03,.7157525,
,368.5,8.040421,34.26294,1487.813,26.68925,1.405543E-03,.7164614,
,369,8.030428,34.26178,1487.782,26.68978,1.405041E-03,.7171701,
,369.5,8.019501,34.26022,1487.747,26.6902,1.404682E-03,.7178787,
,370,8.008125,34.25832,1487.71,26.69046,1.40449E-03,.7185872,
,370.5,7.996501,34.25453,1487.669,26.68916,1.405643E-03,.719296,
,371,7.978511,34.25119,1487.605,26.68918,1.40552E-03,.7200047,
,371.5,7.953511,34.24835,1487.516,26.69064,1.403992E-03,.7207133,
,372,7.932875,34.24756,1487.445,26.69307,1.401656E-03,.7214206,
,372.5,7.913151,34.24738,1487.378,26.69585,1.399022E-03,.7221273,
,373,7.891618,34.24867,1487.306,26.70009,1.394938E-03,.7228312,
,373.5,7.875714,34.24995,1487.256,26.70347,1.391713E-03,.7235344,
,374,7.870681,34.25122,1487.247,26.7052,1.390145E-03,.724236,
,374.5,7.864687,34.25209,1487.233,26.70676,1.388685E-03,.7249367,
,375,7.857546,34.25259,1487.215,26.70819,1.387326E-03,.725637,
,375.5,7.84644,34.25199,1487.18,26.70928,1.386279E-03,.7263364,
,376,7.83643,34.25092,1487.149,26.7099,1.385697E-03,.7270354,
,376.5,7.822002,34.24911,1487.1,26.71062,1.385014E-03,.7277341,
,377,7.800302,34.24628,1487.023,26.71165,1.384023E-03,.7284326,
,377.5,7.786693,34.245,1486.978,26.71263,1.383021E-03,.7291303,
,378,7.774269,34.24383,1486.937,26.71351,1.382139E-03,.7298277,
,378.5,7.763706,34.24284,1486.904,26.71421,1.381471E-03,.7305247,
,379,7.751517,34.24215,1486.865,26.71545,1.380296E-03,.7312211,
,379.5,7.73966,34.24175,1486.828,26.71686,1.378961E-03,.7319171,
,380,7.73092,34.24216,1486.803,26.71846,1.377521E-03,.7326122,
,380.5,7.719786,34.24281,1486.77,26.72061,1.375464E-03,.7333063,
,381,7.707472,34.24357,1486.732,26.72302,1.373103E-03,.734,
,381.5,7.700662,34.24429,1486.716,26.72456,1.37171E-03,.7346919,
,382,7.694082,34.24498,1486.7,26.72604,1.370359E-03,.7353837,
,382.5,7.689884,34.24546,1486.693,26.72708,1.369443E-03,.7360746,
,383,7.685842,34.24603,1486.686,26.72813,1.368481E-03,.7367651,
,383.5,7.682081,34.24671,1486.681,26.72919,1.367494E-03,.7374551,
,384,7.678663,34.24736,1486.677,26.73017,1.366652E-03,.7381447,
,384.5,7.676581,34.24768,1486.678,26.73071,1.366215E-03,.7388339,
,385,7.673912,34.24772,1486.676,26.73115,1.365873E-03,.739523,
,385.5,7.670646,34.24752,1486.672,26.73151,1.365593E-03,.7402118,
,386,7.668471,34.24739,1486.672,26.73167,1.365542E-03,.7409007,
,386.5,7.66651,34.24727,1486.672,26.7318,1.365536E-03,.7415894,
,387,7.665329,34.24766,1486.677,26.73234,1.365029E-03,.742278,
,387.5,7.664018,34.2481,1486.68,26.73292,1.364492E-03,.7429665,
,388,7.662011,34.24856,1486.682,26.73354,1.363982E-03,.7436547,
,388.5,7.662251,34.24895,1486.691,26.73379,1.363895E-03,.7443427,
,389,7.662219,34.24923,1486.7,26.73401,1.363813E-03,.7450306,
,389.5,7.661423,34.24938,1486.705,26.73426,1.363646E-03,.7457185,
,390,7.661355,34.24971,1486.714,26.73456,1.363429E-03,.7464063,
,390.5,7.661375,34.25012,1486.723,26.73489,1.363173E-03,.7470939,
,391,7.661538,34.25063,1486.732,26.73529,1.362854E-03,.7477815,
,391.5,7.661051,34.25085,1486.739,26.73555,1.362665E-03,.7484689,
,392,7.660001,34.25082,1486.743,26.73571,1.362586E-03,.7491563,
,392.5,7.66075,34.25096,1486.754,26.73572,1.362653E-03,.7498437,
,393,7.660823,34.25088,1486.763,26.73563,1.362858E-03,.7505311,
,393.5,7.660294,34.25068,1486.769,26.73551,.0013631,.7512186,
,394,7.660283,34.2513,1486.778,26.73598,1.362652E-03,.751906,
,394.5,7.659012,34.25191,1486.782,26.73664,.0013621,.7525932,
,395,7.656592,34.25254,1486.782,26.73747,1.361454E-03,.7532802,
,395.5,7.656462,34.25342,1486.791,26.7382,1.360765E-03,.7539667,
,396,7.656294,34.25377,1486.799,26.73849,1.360519E-03,.7546531,
,396.5,7.655664,34.25323,1486.804,26.73808,1.360977E-03,.7553395,
,397,7.657063,34.2525,1486.817,26.73734,1.36181E-03,.7560263,
,397.5,7.658314,34.25195,1486.83,26.73676,1.362473E-03,.7567134,
,398,7.658781,34.2518,1486.839,26.7366,1.362697E-03,.7574007,
,398.5,7.656958,34.25228,1486.841,26.73721,1.362204E-03,.7580879,
,399,7.656225,34.25304,1486.848,26.73792,1.361616E-03,.7587749,
,399.5,7.65657,34.25386,1486.858,26.73852,1.361112E-03,.7594617,
,400,7.654278,34.25327,1486.857,26.73835,1.361266E-03,.7601483,
,400.5,7.653769,34.25254,1486.863,26.73784,1.361826E-03,.7608352,
,401,7.654249,34.2518,1486.872,26.7372,1.362571E-03,.7615223,
,401.5,7.653188,34.25197,1486.876,26.73749,1.36236E-03,.7622095,
,402,7.65134,34.25224,1486.878,26.73796,1.36198E-03,.7628967,
,402.5,7.648167,34.25265,1486.875,26.73872,1.361316E-03,.7635835,
,403,7.64764,34.25343,1486.882,26.73939,1.360778E-03,.7642701,
,403.5,7.648747,34.25444,1486.896,26.74001,1.360319E-03,.7649565,
,404,7.647392,34.25434,1486.899,26.74018,1.360238E-03,.7656427,
,404.5,7.64602,34.25422,1486.902,26.74032,1.36019E-03,.7663289,
,405,7.645228,34.25439,1486.907,26.74055,1.360064E-03,.767015,
,405.5,7.644746,34.25484,1486.914,26.74093,1.359784E-03,.767701,
,406,7.644564,34.25467,1486.922,26.7408,1.359986E-03,.768387,
,406.5,7.64601,34.25472,1486.936,26.74064,1.360212E-03,.7690731,
,407,7.648661,34.25501,1486.954,26.74049,1.360418E-03,.7697594,
,407.5,7.648656,34.25467,1486.962,26.74023,1.360718E-03,.7704458,
,408,7.648453,34.25429,1486.969,26.73998,1.361015E-03,.7711322,
,408.5,7.647998,34.25396,1486.975,26.73982,1.361227E-03,.7718189,
,409,7.648951,34.25371,1486.987,26.7395,1.361615E-03,.7725057,
,409.5,7.650028,34.25368,1487,26.73929,1.361897E-03,.7731926,
,410,7.647935,34.25399,1487,26.73982,1.361471E-03,.7738796,
,410.5,7.647991,34.25508,1487.01,26.74066,1.360753E-03,.7745662,
,411,7.648587,34.25616,1487.022,26.74143,1.360142E-03,.7752525,
,411.5,7.649378,34.25709,1487.035,26.74208,1.359677E-03,.7759386,
,412,7.646995,34.25692,1487.034,26.74232,1.359515E-03,.7766244,
,412.5,7.644249,34.25645,1487.031,26.74234,1.359524E-03,.7773103,
,413,7.640792,34.2557,1487.025,26.74222,1.359642E-03,.7779962,
,413.5,7.629361,34.25428,1486.988,26.74276,1.359209E-03,.7786819,
,414,7.620883,34.25436,1486.964,26.74404,1.35802E-03,.7793671,
,414.5,7.613229,34.25496,1486.944,26.7456,1.356535E-03,.7800519,
,415,7.604187,34.2552,1486.918,26.74706,1.35515E-03,.7807359,
,415.5,7.597897,34.25577,1486.903,26.74846,1.353818E-03,.7814192,
,416,7.593002,34.25644,1486.893,26.74976,1.352593E-03,.782102,
,416.5,7.587471,34.25563,1486.879,26.74984,1.352661E-03,.7827844,
,417,7.581883,34.25518,1486.866,26.75027,1.352324E-03,.7834666,
,417.5,7.576237,34.25509,1486.852,26.75104,1.351593E-03,.7841488,
,418,7.569694,34.255,1486.835,26.75197,1.350703E-03,.7848303,
,418.5,7.563066,34.25489,1486.818,26.75283,1.349884E-03,.7855116,
,419,7.556748,34.25484,1486.802,26.75363,1.349129E-03,.7861924,
,419.5,7.554176,34.25585,1486.802,26.75477,1.348125E-03,.7868727,
,420,7.546686,34.25656,1486.782,26.75644,1.346625E-03,.7875524,
,420.5,7.538606,34.25733,1486.761,26.75823,1.344984E-03,.7882314,
,421,7.534748,34.25858,1486.756,26.75974,1.343556E-03,.7889097,
,421.5,7.529691,34.25849,1486.745,26.76043,1.342896E-03,.7895873,
,422,7.524924,34.25803,1486.734,26.76077,1.342593E-03,.7902648,
,422.5,7.521046,34.25745,1486.727,26.76084,1.342587E-03,.7909421,
,423,7.516195,34.25686,1486.716,26.76106,1.342391E-03,.7916194,
,423.5,7.5105,34.25618,1486.702,26.76136,1.342106E-03,.7922966,
,424,7.501972,34.25481,1486.676,26.76151,1.34203E-03,.7929736,
,424.5,7.488614,34.25363,1486.631,26.76249,1.341107E-03,.7936503,
,425,7.468971,34.25269,1486.563,26.76455,1.339083E-03,.7943266,
,425.5,7.440156,34.25147,1486.459,26.76767,1.335906E-03,.7950011,
,426,7.413339,34.25079,1486.364,26.77094,1.332609E-03,.7956742,
,426.5,7.390672,34.25086,1486.285,26.77424,1.32934E-03,.7963459,
,427,7.378351,34.25008,1486.245,26.77542,1.328195E-03,.7970163,
,427.5,7.369593,34.2493,1486.219,26.77606,1.327616E-03,.7976863,
,428,7.364772,34.24878,1486.208,26.77624,1.327527E-03,.7983561,
,428.5,7.36188,34.24914,1486.206,26.77691,1.326969E-03,.7990257,
,429,7.360464,34.24989,1486.209,26.7777,1.326291E-03,.799695,
,429.5,7.360203,34.25093,1486.218,26.77857,1.325536E-03,.800364,
,430,7.360713,34.25173,1486.229,26.77918,1.325039E-03,.8010326,
,430.5,7.36013,34.25227,1486.236,26.77971,1.324654E-03,.8017009,
,431,7.35862,34.25249,1486.239,26.7801,1.324421E-03,.8023692,
,431.5,7.355184,34.25117,1486.232,26.77959,1.324894E-03,.8030376,
,432,7.352275,34.25002,1486.228,26.77913,1.325329E-03,.8037062,
,432.5,7.348509,34.24893,1486.22,26.77879,1.32567E-03,.8043749,
,433,7.341969,34.24776,1486.202,26.7787,1.325826E-03,.8050438,
,433.5,7.340621,34.24903,1486.207,26.77988,1.324709E-03,.8057122,
,434,7.342743,34.25077,1486.225,26.78098,1.323748E-03,.8063805,
,434.5,7.349534,34.25272,1486.262,26.78156,1.323394E-03,.8070482,
,435,7.354688,34.25454,1486.293,26.78229,1.322827E-03,.8077158,
,435.5,7.355244,34.25618,1486.305,26.7835,1.321731E-03,.8083829,
,436,7.346036,34.25745,1486.28,26.78582,1.319535E-03,.8090493,
,436.5,7.330798,34.25756,1486.229,26.78798,1.317482E-03,.8097144,
,437,7.322697,34.25772,1486.207,26.78926,1.316321E-03,.8103789,
,437.5,7.320825,34.25795,1486.208,26.78975,1.315919E-03,.811043,
,438,7.31913,34.258,1486.21,26.79001,1.31566E-03,.8117068,
,438.5,7.316044,34.25827,1486.207,26.79069,1.315156E-03,.8123704,
,439,7.313961,34.25872,1486.208,26.79134,1.314625E-03,.8130338,
,439.5,7.313897,34.25944,1486.217,26.7919,1.314086E-03,.813697,
,440,7.311759,34.2596,1486.217,26.7923,1.31378E-03,.81436,
,440.5,7.309004,34.2598,1486.215,26.79285,1.31334E-03,.8150227,
,441,7.305566,34.26019,1486.21,26.79368,1.312627E-03,.8156852,
,441.5,7.300092,34.26082,1486.198,26.79488,1.311482E-03,.8163473,
,442,7.294678,34.26112,1486.186,26.79587,1.310608E-03,.8170087,
,442.5,7.289752,34.26114,1486.176,26.79658,1.309978E-03,.8176699,
,443,7.285815,34.26067,1486.168,26.79681,1.309762E-03,.8183307,
,443.5,7.282737,34.25956,1486.163,26.79638,1.310217E-03,.8189917,
,444,7.28056,34.25844,1486.162,26.79581,1.310836E-03,.8196529,
,444.5,7.279294,34.25789,1486.164,26.79554,1.311163E-03,.8203144,
,445,7.27318,34.25817,1486.15,26.79659,1.310177E-03,.8209756,
,445.5,7.267072,34.25832,1486.135,26.79754,1.309265E-03,.8216364,
,446,7.261714,34.25834,1486.122,26.79831,1.30855E-03,.8222969,
,446.5,7.258461,34.2582,1486.118,26.79872,1.308239E-03,.822957,
,447,7.255808,34.25811,1486.116,26.799,1.308037E-03,.8236171,
,447.5,7.25329,34.25819,1486.115,26.79939,1.307728E-03,.824277,
,448,7.250396,34.25886,1486.112,26.8003,1.306867E-03,.8249366,
,448.5,7.247675,34.25934,1486.111,26.80115,1.306194E-03,.8255957,
,449,7.245389,34.25953,1486.111,26.80168,1.30578E-03,.8262547,
,449.5,7.243286,34.25925,1486.111,26.80174,1.305717E-03,.8269136,
,450,7.237004,34.25784,1486.093,26.80146,1.305965E-03,.8275725,
,450.5,7.219282,34.25521,1486.03,26.8019,1.305495E-03,.8282313,
,451,7.196458,34.25236,1485.946,26.80287,1.304468E-03,.8288897,
,451.5,7.168946,34.25072,1485.846,26.80531,1.301848E-03,.8295471,
,452,7.139625,34.24946,1485.74,26.80838,1.298734E-03,.8302031,
,452.5,7.112444,34.24872,1485.642,26.8116,1.295561E-03,.8308579,
,453,7.099172,34.24946,1485.6,26.81399,1.293294E-03,.8315111,
,453.5,7.092013,34.24963,1485.58,26.81519,1.292148E-03,.8321633,
,454,7.083875,34.25022,1485.558,26.81677,1.290655E-03,.8328149,
,454.5,7.075622,34.25111,1485.535,26.81856,1.288958E-03,.8334658,
,455,7.070242,34.25227,1485.524,26.82023,1.287369E-03,.8341157,
,455.5,7.064967,34.25317,1485.513,26.82166,1.286097E-03,.834765,
,456,7.059764,34.25388,1485.502,26.82292,1.285046E-03,.8354138,
,456.5,7.048045,34.25387,1485.465,26.82462,1.283373E-03,.8360616,
,457,7.037777,34.2537,1485.434,26.82595,1.282068E-03,.836709,
,457.5,7.031643,34.2533,1485.418,26.82638,1.281653E-03,.8373558,
,458,7.02329,34.25137,1485.391,26.82603,1.281974E-03,.8380026,
,458.5,7.020528,34.24684,1485.383,26.82287,1.284958E-03,.8386503,
,459,7.023009,34.24456,1485.398,26.82076,1.287044E-03,.8392992,
,459.5,7.018384,34.24492,1485.389,26.82169,1.286207E-03,.8399484,
,460,7.001632,34.24684,1485.335,26.82548,1.282515E-03,.8405964,
,460.5,7.000358,34.25087,1485.343,26.82887,1.279489E-03,.8412431,
,461,7.000334,34.24918,1485.349,26.8275,1.280855E-03,.8418892,
,461.5,7.001894,34.24783,1485.362,26.82619,1.282162E-03,.8425357,
,462,7.006005,34.24734,1485.385,26.82525,1.283125E-03,.8431829,
,462.5,7.001417,34.2461,1485.375,26.82489,1.283533E-03,.8438305,
,463,6.999979,34.24549,1485.376,26.82463,1.283853E-03,.8444782,
,463.5,7.002775,34.24551,1485.396,26.8243,1.284226E-03,.8451262,
,464,7.001663,34.24297,1485.396,26.82247,1.285962E-03,.8457747,
,464.5,7.00413,34.23846,1485.409,26.81853,1.289774E-03,.8464246,
,465,7.012044,34.23694,1485.446,26.81622,1.292147E-03,.847076,
,465.5,7.001258,34.2334,1485.408,26.81496,1.293267E-03,.8477283,
,466,7.007995,34.23914,1485.449,26.81854,1.290083E-03,.84838,
,466.5,6.993262,34.24155,1485.404,26.82252,1.286236E-03,.84903,
,467,6.989614,34.24541,1485.403,26.82602,1.283013E-03,.8496781,
,467.5,6.988416,34.2466,1485.408,26.82709,1.282073E-03,.8503254,
,468,6.987565,34.2466,1485.413,26.82719,1.28203E-03,.8509724,
,468.5,6.984173,34.24625,1485.408,26.82738,1.281845E-03,.8516192,
,469,6.981871,34.24664,1485.407,26.82805,1.281295E-03,.8522659,
,469.5,6.980567,34.24738,1485.412,26.82882,1.280652E-03,.8529123,
,470,6.978916,34.24807,1485.414,26.82958,1.280025E-03,.8535584,
,470.5,6.976952,34.24881,1485.416,26.83043,1.279285E-03,.8542041,
,471,6.975877,34.25013,1485.422,26.83157,1.278198E-03,.8548495,
,471.5,6.974981,34.25203,1485.429,26.83315,1.276795E-03,.855494,
,472,6.974673,34.25336,1485.438,26.83428,1.275812E-03,.8561381,
,472.5,6.975369,34.25424,1485.45,26.83492,1.275291E-03,.8567818,
,473,6.977163,34.25456,1485.466,26.83492,1.275364E-03,.8574253,
,473.5,6.978676,34.25312,1485.478,26.83363,1.276692E-03,.8580692,
,474,6.977566,34.25256,1485.481,26.8333,1.277097E-03,.8587136,
,474.5,6.972331,34.25206,1485.469,26.83359,1.276825E-03,.859358,
,475,6.96335,34.25278,1485.443,26.83541,1.275106E-03,.8600018,
,475.5,6.953096,34.25436,1485.413,26.83808,1.272544E-03,.8606447,
,476,6.944844,34.25626,1485.392,26.84069,1.270006E-03,.8612863,
,476.5,6.942989,34.25811,1485.396,26.84236,1.268538E-03,.8619269,
,477,6.940248,34.25909,1485.394,26.84358,1.267474E-03,.8625667,
,477.5,6.933686,34.26009,1485.378,26.84521,1.26594E-03,.8632059,
,478,6.924507,34.2607,1485.352,26.84692,1.264314E-03,.8638442,
,478.5,6.914235,34.26124,1485.321,26.84877,1.26253E-03,.8644818,
,479,6.902843,34.26171,1485.286,26.85075,1.260569E-03,.8651186,
,479.5,6.887752,34.26157,1485.235,26.85267,1.258657E-03,.8657543,
,480,6.885718,34.26136,1485.235,26.85279,1.258665E-03,.8663895,
,480.5,6.886504,34.26127,1485.246,26.8526,1.258917E-03,.8670247,
,481,6.885765,34.26188,1485.253,26.85317,1.258413E-03,.8676599,
,481.5,6.882523,34.26359,1485.25,26.85497,1.256789E-03,.8682945,
,482,6.879986,34.26495,1485.25,26.85646,1.255388E-03,.8689284,
,482.5,6.880617,34.26527,1485.262,26.85656,1.255383E-03,.869562,
,483,6.880385,34.26461,1485.268,26.85612,1.255971E-03,.8701957,
,483.5,6.877572,34.26433,1485.265,26.8563,1.255805E-03,.8708294,
,484,6.873885,34.26429,1485.259,26.85675,1.255346E-03,.8714631,
,484.5,6.871625,34.26431,1485.259,26.85703,1.255254E-03,.8720965,
,485,6.866104,34.26448,1485.246,26.85793,1.254414E-03,.8727298,
,485.5,6.860729,34.26432,1485.233,26.85854,1.253771E-03,.8733627,
,486,6.855973,34.26448,1485.223,26.85928,1.253053E-03,.8739952,
,486.5,6.851312,34.26527,1485.214,26.86049,1.251978E-03,.8746273,
,487,6.845322,34.26596,1485.2,26.86191,1.250636E-03,.8752589,
,487.5,6.838092,34.26662,1485.181,26.86346,1.249256E-03,.8758897,
,488,6.835789,34.26644,1485.18,26.86361,1.249137E-03,.8765202,
,488.5,6.833029,34.26425,1485.175,26.86222,1.250501E-03,.8771509,
,489,6.827793,34.2616,1485.16,26.86084,1.251801E-03,.8777823,
,489.5,6.81954,34.25941,1485.133,26.86024,1.252289E-03,.8784142,
,490,6.809151,34.25681,1485.098,26.85962,1.252875E-03,.8790463,
,490.5,6.80242,34.25575,1485.078,26.85962,1.252869E-03,.8796785,
,491,6.799005,34.25396,1485.071,26.85873,.0012537,.8803111,
,491.5,6.790648,34.25311,1485.046,26.85921,1.25324E-03,.8809437,
,492,6.78317,34.25295,1485.024,26.8601,1.252402E-03,.8815759,
,492.5,6.777147,34.25296,1485.009,26.86089,1.251652E-03,.8822078,
,493,6.771859,34.25291,1484.997,26.86155,1.251061E-03,.8828393,
,493.5,6.76874,34.25311,1484.993,26.86215,1.250562E-03,.8834706,
,494,6.765869,34.25326,1484.991,26.86265,1.250117E-03,.8841016,
,494.5,6.76474,34.2534,1484.995,26.86291,1.249953E-03,.8847326,
,495,6.7631,34.25296,1484.996,26.8628,1.250038E-03,.8853633,
,495.5,6.760066,34.2519,1484.991,26.86238,1.250513E-03,.8859944,
,496,6.757995,34.24964,1484.989,26.86086,1.251979E-03,.8866259,
,496.5,6.757934,34.24771,1484.994,26.85934,1.25345E-03,.8872581,
,497,6.757106,34.24736,1484.999,26.85919,1.25366E-03,.8878908,
,497.5,6.750745,34.24773,1484.983,26.86036,1.252567E-03,.8885232,
,498,6.751592,34.2499,1484.997,26.86197,1.25123E-03,.889155,
,498.5,6.749441,34.24907,1484.996,26.86162,1.251579E-03,.8897867,
,499,6.749993,34.24857,1485.006,26.86109,1.252152E-03,.8904185,
,499.5,6.747063,34.2478,1485.002,26.86089,1.252375E-03,.8910505,
,500,6.745777,34.24775,1485.005,26.86101,1.252309E-03,.8916825,
,500.5,6.745815,34.24813,1485.014,26.86127,1.252146E-03,.8923145,
,501,6.742921,34.24788,1485.011,26.86152,1.25199E-03,.8929464,
,501.5,6.740438,34.24853,1485.01,26.86238,1.251175E-03,.8935782,
,502,6.737136,34.24938,1485.007,26.86357,1.250156E-03,.8942094,
,502.5,6.731422,34.25038,1484.994,26.86506,1.248752E-03,.8948399,
,503,6.727408,34.25141,1484.988,26.86639,1.247487E-03,.8954699,
,503.5,6.723984,34.2509,1484.982,26.86648,1.247397E-03,.8960994,
,504,6.724101,34.25094,1484.991,26.86646,1.247508E-03,.8967291,
,504.5,6.717936,34.25087,1484.975,26.86718,1.246842E-03,.8973585,
,505,6.714682,34.25093,1484.971,26.86777,1.246383E-03,.8979877,
,505.5,6.71348,34.2505,1484.974,26.86752,1.246621E-03,.8986169,
,506,6.711153,34.25,1484.972,26.86743,1.246698E-03,.899246,
,506.5,6.702514,34.24953,1484.946,26.86824,1.246025E-03,.8998751,
,507,6.696244,34.24918,1484.93,26.86889,1.245336E-03,.9005038,
,507.5,6.689841,34.24776,1484.911,26.86864,1.245628E-03,.9011324,
,508,6.685703,34.24619,1484.901,26.86788,1.246367E-03,.9017613,
,508.5,6.680074,34.2447,1484.886,26.86744,1.24677E-03,.9023904,
,509,6.675897,34.2451,1484.878,26.86829,1.245968E-03,.9030195,
,509.5,6.669405,34.24546,1484.862,26.86949,1.244832E-03,.903648,
,510,6.662837,34.24656,1484.846,26.87119,1.243299E-03,.9042759,
,510.5,6.655694,34.2469,1484.826,26.87242,1.24217E-03,.9049032,
,511,6.651411,34.24737,1484.819,26.87336,1.241272E-03,.9055299,
,511.5,6.645795,34.24731,1484.805,26.87409,1.240577E-03,.9061562,
,512,6.640993,34.24737,1484.794,26.87479,1.239911E-03,.9067822,
,512.5,6.638436,34.24769,1484.793,26.87535,1.239381E-03,.9074079,
,513,6.637429,34.2477,1484.797,26.87549,1.239302E-03,.9080334,
,513.5,6.636354,34.2471,1484.801,26.87515,1.239665E-03,.908659,
,514,6.634145,34.24738,1484.801,26.87568,1.239279E-03,.9092846,
,514.5,6.629303,34.24623,1484.789,26.87542,1.239547E-03,.9099101,
,515,6.628034,34.24717,1484.793,26.87633,1.238776E-03,.9105356,
,515.5,6.620211,34.24922,1484.774,26.87903,1.236214E-03,.9111603,
,516,6.614952,34.25032,1484.763,26.88058,1.234744E-03,.9117839,
,516.5,6.610087,34.25204,1484.754,26.88253,1.232894E-03,.9124067,
,517,6.600407,34.25212,1484.725,26.884,1.231509E-03,.9130285,
,517.5,6.597336,34.24955,1484.718,26.88232,1.233142E-03,.9136505,
,518,6.591368,34.25015,1484.703,26.88368,1.231805E-03,.9142726,
,518.5,6.585936,34.25164,1484.692,26.88551,1.230145E-03,.9148939,
,519,6.580272,34.25307,1484.68,26.88734,1.228328E-03,.9155143,
,519.5,6.574383,34.25483,1484.668,26.88955,1.22636E-03,.9161341,
