,0,21.29183,33.48986,1523.308,23.26703,4.600019E-03,0,
,.5,21.29427,33.48846,1523.318,23.26529,4.601787E-03,2.315457E-03,
,1,21.29395,33.48822,1523.325,23.26514,4.602102E-03,4.631661E-03,
,1.5,21.29061,33.48827,1523.324,23.26616,4.601321E-03,6.947672E-03,
,2,21.28497,33.48822,1523.317,23.26766,4.600042E-03,9.263197E-03,
,2.5,21.27713,33.4881,1523.305,23.26965,4.598355E-03,1.157807E-02,
,3,21.26314,33.48748,1523.275,23.27301,4.59525E-03,1.389132E-02,
,3.5,21.24073,33.48637,1523.222,23.27827,4.590393E-03,1.620253E-02,
,4,21.21173,33.48489,1523.15,23.28504,4.584165E-03,1.851214E-02,
,4.5,21.16322,33.48233,1523.025,23.2962,4.573672E-03,.0208153,
,5,21.0969,33.47892,1522.851,23.31153,4.559193E-03,.0231137,
,5.5,21.00262,33.47421,1522.599,23.33344,4.53845E-03,2.540473E-02,
,6,20.83278,33.46521,1522.137,23.37221,4.501547E-03,2.767671E-02,
,6.5,20.54805,33.45715,1521.357,23.44192,4.435145E-03,2.992458E-02,
,7,20.10429,33.4473,1520.129,23.55129,4.330886E-03,3.213087E-02,
,7.5,19.49952,33.43453,1518.432,23.69852,4.190446E-03,3.427956E-02,
,8,18.71398,33.43877,1516.2,23.90016,3.998164E-03,3.632627E-02,
,8.5,17.71841,33.427,1513.27,24.13346,3.77577E-03,3.826989E-02,
,9,16.5788,33.40424,1509.86,24.38847,3.532728E-03,4.014282E-02,
,9.5,15.83645,33.35782,1507.527,24.52146,3.406095E-03,4.188104E-02,
,10,15.26138,33.29597,1505.669,24.60195,.0033295,4.357956E-02,
,10.5,14.8087,33.25073,1504.189,24.66528,3.269223E-03,4.523866E-02,
,11,14.40428,33.23831,1502.887,24.74191,3.19625E-03,4.686757E-02,
,11.5,14.06509,33.24961,1501.81,24.82164,.0031204,4.845745E-02,
,12,13.81059,33.26163,1501.003,24.88356,3.061579E-03,5.001071E-02,
,12.5,13.57605,33.27447,1500.256,24.94144,3.006609E-03,5.154105E-02,
,13,13.32645,33.28875,1499.457,25.00287,2.948213E-03,5.304302E-02,
,13.5,13.04356,33.30364,1498.542,25.07073,2.883724E-03,5.450855E-02,
,14,12.82574,33.31626,1497.836,25.1235,2.833521E-03,.0559459,
,14.5,12.66618,33.32363,1497.317,25.16043,2.798425E-03,5.736368E-02,
,15,12.55221,33.32502,1496.942,25.18355,2.776545E-03,5.876726E-02,
,15.5,12.44715,33.32516,1496.595,25.2039,2.757265E-03,6.015978E-02,
,16,12.34734,33.32458,1496.264,25.22261,2.73952E-03,6.154576E-02,
,16.5,12.28584,33.32231,1496.061,25.23262,2.730171E-03,6.292253E-02,
,17,12.24129,33.32009,1495.915,25.23939,2.723779E-03,6.429549E-02,
,17.5,12.2114,33.32088,1495.822,25.24571,2.717875E-03,6.566492E-02,
,18,12.18796,33.32325,1495.753,25.25204,2.712007E-03,6.703166E-02,
,18.5,12.16836,33.32619,1495.698,25.25807,2.706399E-03,6.839582E-02,
,19,12.14504,33.32837,1495.629,25.26413,2.700653E-03,6.975634E-02,
,19.5,12.11921,33.33047,1495.552,25.2706,2.694529E-03,7.111513E-02,
,20,12.08355,33.33358,1495.442,25.27976,2.68614E-03,.0724693,
,20.5,12.02879,33.33779,1495.268,25.29338,2.673259E-03,7.381818E-02,
,21,11.96959,33.34157,1495.078,25.30748,2.65995E-03,7.516043E-02,
,21.5,11.92041,33.34466,1494.921,25.31911,2.648994E-03,7.649714E-02,
,22,11.88681,33.34751,1494.817,25.32757,2.64095E-03,7.782927E-02,
,22.5,11.83389,33.35012,1494.647,25.33941,2.629852E-03,7.915549E-02,
,23,11.78848,33.35359,1494.503,25.35061,2.619411E-03,8.047608E-02,
,23.5,11.74821,33.35696,1494.376,25.36078,2.609897E-03,8.179327E-02,
,24,11.71703,33.35905,1494.28,25.36819,2.602836E-03,8.310531E-02,
,24.5,11.69373,33.36021,1494.209,25.37336,2.597966E-03,8.441452E-02,
,25,11.6727,33.36101,1494.145,25.3778,2.59384E-03,8.572164E-02,
,25.5,11.64856,33.36197,1494.071,25.38293,2.58913E-03,8.702669E-02,
,26,11.62113,33.36406,1493.987,25.38972,2.582673E-03,8.832835E-02,
,26.5,11.59319,33.36732,1493.903,25.39741,2.575493E-03,8.962628E-02,
,27,11.55578,33.37056,1493.785,25.40679,2.56668E-03,9.092036E-02,
,27.5,11.50823,33.37355,1493.632,25.41784,2.556238E-03,9.221097E-02,
,28,11.46774,33.37585,1493.503,25.42703,2.547648E-03,9.349519E-02,
,28.5,11.43362,33.37721,1493.394,25.4343,2.540849E-03,9.477638E-02,
,29,11.40532,33.3776,1493.305,25.43975,2.53574E-03,9.605452E-02,
,29.5,11.3778,33.37765,1493.217,25.44484,2.530975E-03,9.733014E-02,
,30,11.35111,33.37887,1493.134,25.45064,2.525538E-03,9.860265E-02,
,30.5,11.32139,33.38087,1493.041,25.45755,2.519043E-03,9.987244E-02,
,31,11.28799,33.38346,1492.936,25.46556,2.511499E-03,.1011393,
,31.5,11.24926,33.38615,1492.812,25.47463,2.502928E-03,.1024008,
,32,11.21079,33.38905,1492.69,25.48384,2.494261E-03,.1036587,
,32.5,11.17261,33.39219,1492.568,25.4932,2.485489E-03,.1049127,
,33,11.12888,33.3961,1492.428,25.50409,2.475211E-03,.1061608,
,33.5,11.08173,33.40054,1492.276,25.51598,2.463967E-03,.1074056,
,34,11.01894,33.40789,1492.073,25.53296,2.447887E-03,.1086404,
,34.5,10.96131,33.41441,1491.887,25.5483,2.433366E-03,.1098695,
,35,10.90891,33.42007,1491.717,25.56199,2.420422E-03,.1110927,
,35.5,10.88558,33.42447,1491.649,25.56952,2.413394E-03,.1123091,
,36,10.86865,33.42735,1491.601,25.57474,2.408552E-03,.1135233,
,36.5,10.85675,33.42821,1491.568,25.57749,2.406003E-03,.1147356,
,37,10.84883,33.43021,1491.551,25.58049,2.403287E-03,.1159461,
,37.5,10.84231,33.4326,1491.539,25.58354,.0024005,.1171555,
,38,10.83706,33.43532,1491.532,25.58662,2.397657E-03,.1183637,
,38.5,10.83303,33.4384,1491.53,25.58963,2.394947E-03,.11957,
,39,10.82909,33.44096,1491.527,25.59229,2.392516E-03,.1207751,
,39.5,10.82528,33.44321,1491.525,25.59473,2.390262E-03,.1219795,
,40,10.82259,33.44534,1491.526,25.59686,2.38839E-03,.1231825,
,40.5,10.81752,33.4472,1491.519,25.59923,2.386183E-03,.1243845,
,41,10.80978,33.44915,1491.502,25.60211,2.383586E-03,.1255854,
,41.5,10.79972,33.45097,1491.477,25.6053,2.380688E-03,.1267847,
,42,10.78749,33.45222,1491.444,25.60843,2.377791E-03,.1279825,
,42.5,10.77395,33.45309,1491.405,25.61148,2.374968E-03,.1291794,
,43,10.76425,33.45338,1491.38,25.61347,2.373202E-03,.1303745,
,43.5,10.7549,33.45339,1491.355,25.61515,2.371709E-03,.1315693,
,44,10.74637,33.45275,1491.332,25.6161,2.370869E-03,.1327633,
,44.5,10.7395,33.452,1491.315,25.6167,2.370364E-03,.1339569,
,45,10.73276,33.45123,1491.299,25.61727,2.369912E-03,.1351504,
,45.5,10.72477,33.45044,1491.278,25.61808,2.369298E-03,.1363435,
,46,10.7164,33.45036,1491.257,25.61948,2.36806E-03,.1375361,
,46.5,10.70705,33.45045,1491.232,25.6212,2.36654E-03,.138728,
,47,10.69686,33.45062,1491.204,25.62315,2.364826E-03,.1399194,
,47.5,10.68415,33.45091,1491.168,25.62556,2.362594E-03,.1411094,
,48,10.6694,33.45115,1491.124,25.6283,2.360066E-03,.1422983,
,48.5,10.65282,33.45132,1491.074,25.6313,2.357274E-03,.1434863,
,49,10.63627,33.45119,1491.023,25.6341,2.354682E-03,.1446723,
,49.5,10.62325,33.4512,1490.985,25.63637,2.352641E-03,.1458575,
,50,10.61289,33.4516,1490.958,25.63846,2.350799E-03,.1470418,
,50.5,10.6006,33.45362,1490.925,25.64221,2.347296E-03,.1482244,
,51,10.59816,33.45618,1490.927,25.64465,2.345047E-03,.1494059,
,51.5,10.60458,33.45951,1490.962,25.64613,2.343728E-03,.1505865,
,52,10.62507,33.46511,1491.05,25.64696,2.343098E-03,.1517665,
,52.5,10.65102,33.47081,1491.157,25.64683,2.343413E-03,.1529464,
,53,10.6672,33.47756,1491.231,25.64926,2.341217E-03,.1541258,
,53.5,10.67297,33.48343,1491.267,25.65286,2.337887E-03,.1553038,
,54,10.66965,33.48848,1491.27,25.65738,2.333697E-03,.1564799,
,54.5,10.6577,33.49439,1491.243,25.66403,2.327536E-03,.1576539,
,55,10.65209,33.49755,1491.235,25.66751,2.324231E-03,.1588247,
,55.5,10.656,33.50117,1491.262,25.66965,2.322249E-03,.1599949,
,56,10.67564,33.50599,1491.345,25.6699,2.322157E-03,.1611642,
,56.5,10.68399,33.50938,1491.387,25.67111,2.321183E-03,.1623332,
,57,10.69244,33.51499,1491.432,25.67399,2.318571E-03,.1635014,
,57.5,10.69847,33.52058,1491.469,25.67734,2.315497E-03,.1646681,
,58,10.70135,33.52405,1491.491,25.67951,2.313518E-03,.1658336,
,58.5,10.70285,33.52605,1491.507,25.68078,2.312437E-03,.1669983,
,59,10.70312,33.5272,1491.518,25.68168,2.311744E-03,.1681626,
,59.5,10.7013,33.52801,1491.521,25.68264,2.310923E-03,.1693265,
,60,10.69986,33.52871,1491.525,25.68337,2.310316E-03,.17049,
,60.5,10.69849,33.52923,1491.529,25.68401,2.309858E-03,.1716533,
,61,10.6967,33.52977,1491.532,25.68478,2.309242E-03,.1728163,
,61.5,10.69446,33.53037,1491.533,25.6857,2.308441E-03,.173979,
,62,10.69149,33.53111,1491.531,25.68679,2.307468E-03,.1751411,
,62.5,10.68863,33.53174,1491.53,25.68775,2.306666E-03,.1763029,
,63,10.68584,33.53229,1491.529,25.68861,2.305986E-03,.1774644,
,63.5,10.68293,33.53286,1491.528,25.68962,2.305097E-03,.1786252,
,64,10.67936,33.53355,1491.525,25.6908,2.304033E-03,.1797858,
,64.5,10.67489,33.53441,1491.518,25.69224,2.302734E-03,.1809458,
,65,10.66945,33.53505,1491.508,25.6937,2.301495E-03,.1821049,
,65.5,10.66523,33.53562,1491.502,25.6949,2.30046E-03,.1832637,
,66,10.66232,33.53611,1491.5,25.69583,2.299646E-03,.184422,
,66.5,10.65813,33.53666,1491.495,25.697,2.298707E-03,.1855798,
,67,10.65394,33.53719,1491.489,25.6981,2.297754E-03,.186737,
,67.5,10.6502,33.53767,1491.484,25.69908,2.296876E-03,.187894,
,68,10.64847,33.53804,1491.487,25.69969,2.29635E-03,.1890505,
,68.5,10.64688,33.53835,1491.49,25.70022,2.295934E-03,.1902068,
,69,10.64551,33.53855,1491.494,25.70062,2.295695E-03,.191363,
,69.5,10.64423,33.53874,1491.497,25.70097,2.295444E-03,.192519,
,70,10.64308,33.53894,1491.502,25.70133,2.295234E-03,.1936749,
,70.5,10.64209,33.53918,1491.507,25.7017,2.295082E-03,.1948307,
,71,10.6414,33.5394,1491.513,25.70195,2.294934E-03,.1959864,
,71.5,10.64081,33.53962,1491.52,25.70218,2.294782E-03,.1971421,
,72,10.64019,33.53996,1491.526,25.70256,2.294554E-03,.1982977,
,72.5,10.63971,33.54032,1491.533,25.70293,2.294301E-03,.1994531,
,73,10.63938,33.54072,1491.541,25.70329,2.294017E-03,.2006085,
,73.5,10.6392,33.54105,1491.549,25.70358,2.293841E-03,.2017637,
,74,10.63905,33.54137,1491.557,25.70386,2.293698E-03,.2029188,
,74.5,10.6384,33.54165,1491.563,25.70428,2.293371E-03,.2040738,
,75,10.63771,33.54184,1491.569,25.70457,2.293166E-03,.2052287,
,75.5,10.63669,33.54193,1491.574,25.70479,2.293062E-03,.2063835,
,76,10.63468,33.54201,1491.575,25.70516,2.292898E-03,.2075383,
,76.5,10.63197,33.54227,1491.574,25.70586,2.292315E-03,.2086928,
,77,10.62945,33.5426,1491.574,25.70657,2.291711E-03,.209847,
,77.5,10.62756,33.54299,1491.576,25.70721,2.291216E-03,.211001,
,78,10.62621,33.54341,1491.58,25.70778,2.290816E-03,.2121549,
,78.5,10.62453,33.5438,1491.583,25.70837,2.290328E-03,.2133083,
,79,10.62185,33.54418,1491.582,25.70916,2.289657E-03,.2144616,
,79.5,10.61686,33.54438,1491.573,25.7102,2.288768E-03,.2156145,
,80,10.60768,33.54445,1491.549,25.71181,2.287353E-03,.2167667,
,80.5,10.59499,33.54471,1491.512,25.71425,2.285196E-03,.2179183,
,81,10.56951,33.5469,1491.433,25.72034,2.279401E-03,.2190669,
,81.5,10.5522,33.54924,1491.383,25.72513,2.274911E-03,.220214,
,82,10.54482,33.5518,1491.368,25.72838,2.271977E-03,.2213593,
,82.5,10.54464,33.55503,1491.379,25.73104,2.269525E-03,.2225027,
,83,10.53791,33.55712,1491.366,25.73384,2.26695E-03,.2236449,
,83.5,10.52822,33.55895,1491.342,25.73692,2.264105E-03,.2247859,
,84,10.51802,33.56113,1491.317,25.74037,2.260903E-03,.2259257,
,84.5,10.50372,33.56306,1491.277,25.74438,2.257244E-03,.2270631,
,85,10.48819,33.56473,1491.232,25.74838,2.253548E-03,.2281988,
,85.5,10.47145,33.56635,1491.182,25.75253,2.249666E-03,.229333,
,86,10.45268,33.5683,1491.126,25.7573,2.245117E-03,.2304648,
,86.5,10.43083,33.57138,1491.06,25.76349,2.239352E-03,.2315936,
,87,10.40494,33.57507,1490.981,25.77083,2.23249E-03,.2327199,
,87.5,10.37203,33.57928,1490.877,25.77972,2.224039E-03,.2338425,
,88,10.34925,33.58311,1490.808,25.78666,2.217504E-03,.2349607,
,88.5,10.33353,33.58621,1490.764,25.79177,2.21274E-03,.2360764,
,89,10.32316,33.58839,1490.738,25.79527,2.209559E-03,.23719,
,89.5,10.31465,33.59022,1490.718,25.7982,2.206904E-03,.2383022,
,90,10.30762,33.59234,1490.704,25.80093,2.204306E-03,.2394132,
,90.5,10.30097,33.59385,1490.69,25.80331,2.202118E-03,.2405227,
,91,10.29734,33.59484,1490.687,25.80474,2.200911E-03,.2416315,
,91.5,10.29546,33.59529,1490.689,25.8054,2.200421E-03,.2427399,
