,0,21.45108,33.51847,1523.771,23.24536,4.620874E-03,0,
,.5,21.45108,33.51847,1523.771,23.24536,4.620874E-03,0,
,1,21.44872,33.51874,1523.773,23.24615,4.620228E-03,4.651153E-03,
,1.5,21.44608,33.51863,1523.774,23.24684,4.619762E-03,6.976356E-03,
,2,21.4423,33.5183,1523.772,23.24764,4.619206E-03,9.301316E-03,
,2.5,21.43587,33.51773,1523.763,23.24894,4.618097E-03,1.162591E-02,
,3,21.41944,33.51644,1523.726,23.25243,4.614905E-03,1.394911E-02,
,3.5,21.38858,33.51416,1523.649,23.25912,4.608674E-03,1.627013E-02,
,4,21.337,33.51047,1523.515,23.27043,4.598067E-03,.018588,
,4.5,21.21758,33.50177,1523.193,23.29622,4.573658E-03,2.089328E-02,
,5,21.01548,33.48781,1522.639,23.34011,4.531899E-03,2.318139E-02,
,5.5,20.74288,33.46935,1521.888,23.39943,4.475342E-03,2.545486E-02,
,6,20.13865,33.46958,1520.226,23.55855,4.323644E-03,2.764409E-02,
,6.5,19.42678,33.46315,1518.236,23.73833,4.152211E-03,.0297932,
,7,18.45402,33.43206,1515.43,23.96036,3.940398E-03,3.183653E-02,
,7.5,17.95464,33.38837,1513.936,24.05006,3.854987E-03,3.380042E-02,
,8,17.66531,33.30939,1513.002,24.05975,3.845856E-03,3.573859E-02,
,8.5,17.46866,33.28193,1512.395,24.08587,3.821106E-03,3.766648E-02,
,9,17.25134,33.27432,1511.745,24.13166,3.777604E-03,3.957557E-02,
,9.5,17.00724,33.27467,1511.021,24.18955,3.72254E-03,4.146821E-02,
,10,16.7009,33.27472,1510.103,24.2611,3.65441E-03,4.332307E-02,
,10.5,16.42935,33.27735,1509.286,24.32591,3.592728E-03,4.514774E-02,
,11,16.20513,33.27706,1508.607,24.37692,3.54421E-03,4.694332E-02,
,11.5,16.04842,33.28054,1508.136,24.41517,3.507954E-03,4.871778E-02,
,12,15.93523,33.28647,1507.801,24.44531,3.479435E-03,5.047677E-02,
,12.5,15.83344,33.28974,1507.497,24.47072,3.455291E-03,.0522237,
,13,15.73799,33.29384,1507.213,24.49523,3.432007E-03,5.395475E-02,
,13.5,15.62328,33.298,1506.869,24.52398,3.40472E-03,5.567644E-02,
,14,15.46874,33.30178,1506.398,24.56113,3.369492E-03,5.738256E-02,
,14.5,15.2594,33.30377,1505.75,24.60868,3.324267E-03,.0590671,
,15,15.0961,33.3032,1505.241,24.64385,3.290841E-03,.0607304,
,15.5,14.95821,33.29977,1504.808,24.67116,3.264938E-03,6.238165E-02,
,16,14.84168,33.29356,1504.439,24.69159,3.245641E-03,6.402124E-02,
,16.5,14.73176,33.28854,1504.09,24.71129,3.22696E-03,6.565066E-02,
,17,14.56544,33.28856,1503.565,24.74674,3.193276E-03,6.726386E-02,
,17.5,14.33471,33.29153,1502.833,24.79772,3.144818E-03,6.885909E-02,
,18,14.04401,33.29749,1501.907,24.86307,3.082683E-03,7.042836E-02,
,18.5,13.76171,33.3037,1501.001,24.92623,3.022656E-03,7.196611E-02,
,19,13.5787,33.30302,1500.407,24.96304,2.987704E-03,7.348007E-02,
,19.5,13.47212,33.30239,1500.063,24.98417,2.967665E-03,7.497796E-02,
,20,13.35571,33.30091,1499.685,25.0065,2.946496E-03,7.646607E-02,
,20.5,13.2309,33.30019,1499.279,25.03094,2.92331E-03,7.794449E-02,
,21,13.11275,33.30193,1498.896,25.05581,2.899739E-03,7.941108E-02,
,21.5,13.02462,33.30274,1498.611,25.07397,2.882567E-03,8.086643E-02,
,22,12.96558,33.30459,1498.424,25.08706,2.87018E-03,8.231439E-02,
,22.5,12.92301,33.30931,1498.296,25.09906,2.858762E-03,8.375704E-02,
,23,12.89972,33.3143,1498.232,25.10752,2.850852E-03,.0851934,
,23.5,12.88885,33.3197,1498.21,25.11385,2.844982E-03,8.662736E-02,
,24,12.88657,33.3254,1498.218,25.11871,2.840525E-03,8.805878E-02,
,24.5,12.87739,33.33092,1498.202,25.12478,2.834932E-03,8.948763E-02,
,25,12.85367,33.33621,1498.137,25.13352,2.826703E-03,9.091257E-02,
,25.5,12.8277,33.3393,1498.062,25.14103,2.81971E-03,9.233342E-02,
,26,12.80515,33.34098,1497.996,25.14679,2.814344E-03,9.375176E-02,
,26.5,12.78654,33.34156,1497.943,25.15092,2.810475E-03,9.516812E-02,
,27,12.76061,33.34154,1497.864,25.15591,2.805794E-03,9.658135E-02,
,27.5,12.72112,33.34171,1497.74,25.16373,2.798421E-03,9.799188E-02,
,28,12.66957,33.34213,1497.575,25.17413,2.788607E-03,9.939893E-02,
,28.5,12.61576,33.34296,1497.403,25.18522,2.778143E-03,.1008007,
,29,12.57195,33.34202,1497.262,25.19306,2.770795E-03,.1021974,
,29.5,12.54124,33.34087,1497.165,25.19805,2.766139E-03,.1035913,
,30,12.50007,33.34084,1497.034,25.20597,2.758761E-03,.1049814,
,30.5,12.44022,33.34205,1496.841,25.21845,2.746995E-03,.1063669,
,31,12.36322,33.34379,1496.59,25.23457,2.731736E-03,.1077465,
,31.5,12.27155,33.34484,1496.288,25.25282,2.714457E-03,.1091183,
,32,12.20347,33.34399,1496.063,25.26514,2.70282E-03,.1104818,
,32.5,12.14283,33.34111,1495.861,25.27438,2.694146E-03,.1118407,
,33,12.09093,33.34043,1495.691,25.28376,2.685311E-03,.1131944,
,33.5,12.03856,33.34105,1495.521,25.2941,2.675551E-03,.1145435,
,34,11.9851,33.34245,1495.348,25.30519,2.665059E-03,.1158886,
,34.5,11.93091,33.34418,1495.172,25.31669,2.65416E-03,.1172277,
,35,11.87885,33.34467,1495.002,25.32675,2.644756E-03,.1185618,
,35.5,11.8406,33.34476,1494.879,25.33403,2.637824E-03,.1198918,
,36,11.78604,33.34525,1494.7,25.34463,2.627854E-03,.1212174,
,36.5,11.70554,33.35014,1494.437,25.3633,2.610206E-03,.1225362,
,37,11.62127,33.35657,1494.161,25.3839,2.590714E-03,.1238453,
,37.5,11.55284,33.36296,1493.94,25.40142,2.574054E-03,.1251443,
,38,11.48915,33.36911,1493.735,25.41785,2.558517E-03,.1264359,
,38.5,11.42807,33.37465,1493.538,25.43332,2.543941E-03,.1277216,
,39,11.36895,33.37804,1493.344,25.44674,2.53126E-03,.1289989,
,39.5,11.32417,33.3814,1493.201,25.45748,2.521124E-03,.1302709,
,40,11.2866,33.38335,1493.08,25.4658,2.513302E-03,.1315384,
,40.5,11.25383,33.3845,1492.976,25.4726,2.506897E-03,.1328024,
,41,11.22812,33.38674,1492.897,25.47894,2.500869E-03,.1340633,
,41.5,11.20666,33.38871,1492.832,25.4844,2.495756E-03,.1353213,
,42,11.17969,33.3925,1492.751,25.49211,2.488657E-03,.1365763,
,42.5,11.14911,33.39865,1492.66,25.50251,2.478766E-03,.1378268,
,43,11.13159,33.40267,1492.611,25.50877,2.472973E-03,.1390729,
,43.5,11.12261,33.40631,1492.593,25.5132,2.468867E-03,.1403171,
,44,11.1194,33.4094,1492.593,25.51617,2.46613E-03,.1415597,
,44.5,11.11834,33.41203,1492.601,25.51841,2.464104E-03,.142801,
,45,11.11694,33.41673,1492.61,25.52226,2.460594E-03,.1440409,
,45.5,11.11172,33.42006,1492.604,25.52584,2.457248E-03,.1452788,
,46,11.10435,33.42341,1492.591,25.52975,2.453665E-03,.1465151,
,46.5,11.09548,33.42833,1492.574,25.53517,2.448611E-03,.1477493,
,47,11.08428,33.43432,1492.55,25.54187,2.44233E-03,.1489806,
,47.5,11.06967,33.43997,1492.514,25.54892,2.43574E-03,.1502089,
,48,11.04967,33.44536,1492.458,25.55663,2.428583E-03,.1514338,
,48.5,11.03132,33.44892,1492.407,25.56257,2.422867E-03,.1526551,
,49,11.00855,33.44981,1492.336,25.56738,2.418464E-03,.153874,
,49.5,10.98152,33.44996,1492.249,25.57234,2.413803E-03,.1550904,
,50,10.96182,33.45007,1492.189,25.57592,2.410492E-03,.156305,
,50.5,10.94757,33.4508,1492.148,25.57905,2.407615E-03,.1575181,
,51,10.93482,33.45196,1492.112,25.58226,2.404677E-03,.1587297,
,51.5,10.92991,33.4551,1492.107,25.58556,2.401655E-03,.1599397,
,52,10.92093,33.45886,1492.088,25.59004,2.39749E-03,.161148,
,52.5,10.90611,33.4631,1492.05,25.59597,2.391976E-03,.162354,
,53,10.89519,33.46527,1492.022,25.59957,2.388609E-03,.1635576,
,53.5,10.88456,33.46519,1491.993,25.60138,2.387027E-03,.1647599,
,54,10.87516,33.46581,1491.969,25.60359,2.384992E-03,.1659613,
,54.5,10.86661,33.46653,1491.948,25.60567,2.383065E-03,.1671618,
,55,10.85753,33.46711,1491.925,25.6077,2.381301E-03,.1683615,
,55.5,10.84256,33.46923,1491.883,25.61196,2.377323E-03,.1695592,
,56,10.81856,33.47291,1491.811,25.61904,2.370677E-03,.1707546,
,56.5,10.78819,33.47821,1491.718,25.62856,2.361739E-03,.1719463,
,57,10.75427,33.4832,1491.613,25.63841,2.352485E-03,.1731331,
,57.5,10.72937,33.48556,1491.536,25.64461,2.346628E-03,.1743163,
,58,10.72811,33.48742,1491.542,25.6463,2.345133E-03,.1754975,
,58.5,10.73091,33.49013,1491.563,25.64789,2.343722E-03,.176678,
,59,10.72467,33.49323,1491.553,25.65139,2.340458E-03,.1778574,
,59.5,10.72112,33.49677,1491.553,25.65481,2.337357E-03,.1790354,
,60,10.72285,33.49981,1491.571,25.65687,2.335414E-03,.1802119,
,60.5,10.72633,33.50246,1491.595,25.65828,2.334276E-03,.1813876,
,61,10.73024,33.50465,1491.62,25.65932,2.33334E-03,.1825628,
,61.5,10.73172,33.5064,1491.635,25.66041,2.332501E-03,.1837376,
,62,10.73172,33.50794,1491.646,25.66166,2.331384E-03,.1849118,
,62.5,10.73053,33.50936,1491.651,25.66298,2.330168E-03,.1860855,
,63,10.72927,33.51093,1491.657,25.66437,2.328995E-03,.1872587,
,63.5,10.72565,33.51254,1491.655,25.66632,2.327221E-03,.1884309,
,64,10.72169,33.51428,1491.651,25.66839,2.32535E-03,.1896024,
,64.5,10.71804,33.51588,1491.648,25.67024,2.323702E-03,.190773,
,65,10.71554,33.51688,1491.649,25.67149,2.322695E-03,.1919429,
,65.5,10.71365,33.51763,1491.651,25.6724,2.321917E-03,.1931123,
,66,10.71142,33.51844,1491.653,25.6734,2.321019E-03,.1942814,
,66.5,10.70908,33.51929,1491.654,25.67445,2.320126E-03,.1954499,
,67,10.70647,33.51996,1491.654,25.67539,2.319315E-03,.1966181,
,67.5,10.70345,33.52046,1491.652,25.67631,2.318528E-03,.1977859,
,68,10.70012,33.52094,1491.649,25.67736,2.31768E-03,.1989532,
,68.5,10.69598,33.52159,1491.643,25.6786,2.316597E-03,.20012,
,69,10.6903,33.52206,1491.632,25.67993,2.315415E-03,.2012863,
,69.5,10.68403,33.52221,1491.619,25.68112,2.314396E-03,.2024521,
,70,10.68181,33.52216,1491.619,25.68152,2.314194E-03,.2036176,
,70.5,10.67956,33.52176,1491.619,25.68156,2.314172E-03,.204783,
,71,10.67754,33.52183,1491.62,25.68191,2.314045E-03,.2059483,
,71.5,10.67686,33.52194,1491.626,25.68215,2.313907E-03,.2071136,
,72,10.67521,33.52225,1491.629,25.68276,2.313317E-03,.2082787,
,72.5,10.67231,33.52249,1491.627,25.68343,2.312828E-03,.2094435,
,73,10.67007,33.52273,1491.628,25.68398,2.312376E-03,.2106081,
,73.5,10.66836,33.52291,1491.63,25.68441,2.312047E-03,.2117725,
,74,10.66533,33.52314,1491.628,25.68512,2.31153E-03,.2129367,
,74.5,10.65932,33.52365,1491.616,25.68654,2.31027E-03,.2141005,
,75,10.64856,33.52454,1491.587,25.6891,2.307915E-03,.2152634,
,75.5,10.63624,33.52548,1491.553,25.692,2.305248E-03,.2164248,
,76,10.62314,33.52612,1491.515,25.69483,2.302637E-03,.2175851,
,76.5,10.61122,33.52649,1491.482,25.69724,2.300428E-03,.2187442,
,77,10.60318,33.52678,1491.462,25.6988,2.299026E-03,.2199025,
,77.5,10.59403,33.52703,1491.438,25.70052,2.297554E-03,.2210598,
,78,10.58574,33.52776,1491.418,25.70255,2.295667E-03,.2222163,
,78.5,10.57762,33.52881,1491.398,25.70484,2.293549E-03,.223372,
,79,10.56947,33.53059,1491.38,25.70766,2.291023E-03,.2245265,
,79.5,10.56196,33.53318,1491.365,25.71101,2.287954E-03,.2256796,
,80,10.55559,33.53525,1491.353,25.71362,2.285568E-03,.2268311,
,80.5,10.55124,33.53686,1491.348,25.71572,2.283652E-03,.2279816,
,81,10.54735,33.53805,1491.344,25.71732,2.282202E-03,.2291313,
,81.5,10.54391,33.53899,1491.341,25.71862,2.281059E-03,.2302805,
,82,10.54057,33.54011,1491.339,25.72008,2.279781E-03,.2314289,
,82.5,10.53544,33.54163,1491.33,25.72216,2.277909E-03,.2325765,
,83,10.52941,33.54332,1491.319,25.72455,2.275723E-03,.2337233,
,83.5,10.52299,33.5451,1491.307,25.7271,2.273487E-03,.2348688,
,84,10.51875,33.54691,1491.302,25.72913,2.271578E-03,.2360134,
,84.5,10.51356,33.54858,1491.294,25.73145,2.269465E-03,.2371568,
,85,10.50415,33.55106,1491.272,25.73495,2.266236E-03,.2382988,
,85.5,10.48977,33.5542,1491.233,25.73986,2.26166E-03,.2394389,
,86,10.47462,33.55791,1491.192,25.74537,2.256507E-03,.2405765,
,86.5,10.45721,33.56212,1491.143,25.75169,2.250585E-03,.2417115,
,87,10.43509,33.56682,1491.078,25.75924,2.243493E-03,.2428437,
,87.5,10.40909,33.5733,1491.002,25.76874,2.234543E-03,.2439706,
,88,10.38192,33.58009,1490.921,25.77871,2.225162E-03,.2450936,
,88.5,10.35645,33.58689,1490.847,25.78835,2.216095E-03,.2462122,
,89,10.33569,33.59278,1490.788,25.79647,2.208474E-03,.2473263,
,89.5,10.31781,33.59759,1490.739,25.80332,2.202041E-03,.2484373,
,90,10.29722,33.60341,1490.68,25.81139,2.194374E-03,.2495439,
,90.5,10.2696,33.60927,1490.597,25.82068,.0021856,.2506468,
,91,10.24584,33.61497,1490.527,25.8292,2.177608E-03,.2517459,
,91.5,10.23393,33.61935,1490.498,25.83472,2.172418E-03,.2528415,
