,0,19.9721,33.41258,1519.627,23.55981,4.320737E-03,0,
,.5,19.9721,33.41258,1519.627,23.55981,4.320737E-03,0,
,1,19.9721,33.41258,1519.627,23.55981,4.320737E-03,0,
,1.5,19.9727,33.41227,1519.636,23.55949,4.32125E-03,6.524167E-03,
,2,19.97012,33.41209,1519.637,23.56006,4.320804E-03,8.699004E-03,
,2.5,19.97035,33.4123,1519.646,23.56012,4.320951E-03,1.087382E-02,
,3,19.97092,33.41256,1519.657,23.56012,4.321169E-03,1.304863E-02,
,3.5,19.96968,33.41256,1519.662,23.56048,4.321001E-03,1.522345E-02,
,4,19.96834,33.41256,1519.666,23.56086,4.320814E-03,1.739826E-02,
,4.5,19.96591,33.41252,1519.668,23.56146,4.320384E-03,1.957282E-02,
,5,19.96241,33.41245,1519.666,23.56228,4.31972E-03,2.174712E-02,
,5.5,19.95898,33.41237,1519.665,23.56308,4.31908E-03,2.392139E-02,
,6,19.95659,33.41217,1519.667,23.5636,4.318775E-03,2.609513E-02,
,6.5,19.9542,33.41198,1519.668,23.56412,4.31847E-03,2.826887E-02,
,7,19.94843,33.41055,1519.659,23.56449,4.318265E-03,3.044241E-02,
,7.5,19.9413,33.40878,1519.645,23.56493,4.317984E-03,3.261586E-02,
,8,19.91115,33.40411,1519.565,23.56926,4.314063E-03,3.478779E-02,
,8.5,19.87659,33.39923,1519.471,23.57457,4.309182E-03,3.695772E-02,
,9,19.83789,33.39416,1519.366,23.58078,4.303406E-03,3.912579E-02,
,9.5,19.77793,33.38916,1519.201,23.5925,4.292361E-03,4.128698E-02,
,10,19.71465,33.38418,1519.026,23.60509,4.280481E-03,4.344675E-02,
,10.5,19.64119,33.3797,1518.823,23.62063,4.265773E-03,4.559356E-02,
,11,19.56773,33.37521,1518.62,23.63616,4.251064E-03,4.774036E-02,
,11.5,19.49504,33.3711,1518.419,23.65169,4.236412E-03,4.987311E-02,
,12,19.42246,33.36703,1518.218,23.66722,4.221767E-03,5.200391E-02,
,12.5,19.33322,33.36113,1517.967,23.68549,4.204493E-03,5.412192E-02,
,13,19.2367,33.35442,1517.694,23.70497,4.186066E-03,5.623435E-02,
,13.5,19.13142,33.34585,1517.394,23.72517,4.166941E-03,5.833745E-02,
,14,19.01609,33.33514,1517.061,23.7462,4.14701E-03,6.042983E-02,
,14.5,18.84112,33.32193,1516.552,23.78007,4.114824E-03,6.250755E-02,
,15,18.61242,33.30646,1515.886,23.82551,4.071598E-03,6.457205E-02,
,15.5,18.26413,33.29316,1514.866,23.90137,3.999314E-03,6.659812E-02,
,16,17.93241,33.28066,1513.89,23.97301,3.931076E-03,6.859314E-02,
,16.5,17.64049,33.26865,1513.024,24.0345,3.872528E-03,.0705614,
,17,17.40063,33.26375,1512.312,24.08802,3.821597E-03,7.249005E-02,
,17.5,17.17326,33.26056,1511.638,24.13963,3.772492E-03,7.440921E-02,
,18,17.04593,33.25745,1511.26,24.16728,3.74628E-03,7.629913E-02,
,18.5,16.93988,33.25436,1510.946,24.18983,3.724935E-03,7.818285E-02,
,19,16.9005,33.25722,1510.838,24.20128,3.714181E-03,8.005499E-02,
,19.5,16.87946,33.26171,1510.788,24.20968,3.706343E-03,8.192395E-02,
,20,16.85703,33.26187,1510.729,24.21503,3.701362E-03,.0837879,
,20.5,16.83436,33.26125,1510.668,24.21984,3.696884E-03,8.565096E-02,
,21,16.77022,33.2671,1510.489,24.23927,3.678489E-03,8.750428E-02,
,21.5,16.6832,33.27197,1510.238,24.2632,3.655801E-03,8.934982E-02,
,22,16.55227,33.27496,1509.851,24.29574,3.624891E-03,9.118041E-02,
,22.5,16.44024,33.27811,1509.521,24.32397,3.598092E-03,9.300046E-02,
,23,16.35584,33.28149,1509.275,24.34589,3.577301E-03,.0948051,
,23.5,16.26365,33.28372,1509.003,24.36868,3.555687E-03,9.660246E-02,
,24,16.15519,33.28353,1508.677,24.39327,3.532353E-03,9.838463E-02,
,24.5,16.04841,33.283,1508.356,24.41714,3.509727E-03,.1001597,
,25,15.94479,33.28185,1508.042,24.43963,3.488423E-03,.1019214,
,25.5,15.87714,33.27972,1507.838,24.45318,3.475647E-03,.1036746,
,26,15.82224,33.27742,1507.673,24.46369,3.465767E-03,.1054222,
,26.5,15.75267,33.27639,1507.464,24.47845,3.451817E-03,.1071619,
,27,15.68332,33.27607,1507.256,24.4937,3.437395E-03,.108896,
,27.5,15.61433,33.27692,1507.05,24.50976,3.422194E-03,.1106209,
,28,15.54911,33.27793,1506.855,24.52506,3.407715E-03,.1123433,
,28.5,15.50221,33.27966,1506.719,24.53671,3.396749E-03,.1140533,
,29,15.45531,33.2814,1506.582,24.54836,3.385782E-03,.1157633,
,29.5,15.42533,33.28145,1506.496,24.55507,3.37955E-03,.1174658,
,30,15.39869,33.28116,1506.421,24.5608,3.374255E-03,.1191667,
,30.5,15.37669,33.28062,1506.359,24.56518,3.370212E-03,.1208641,
,31,15.35301,33.27979,1506.292,24.5697,3.366023E-03,.12256,
,31.5,15.31868,33.27799,1506.191,24.57587,3.360204E-03,.1242528,
,32,15.28562,33.27657,1506.093,24.58204,3.354464E-03,.1259427,
,32.5,15.25344,33.2754,1505.999,24.5882,3.348779E-03,.1276307,
,33,15.22865,33.27396,1505.927,24.5925,.0033448,.1293152,
,33.5,15.20563,33.27245,1505.861,24.59636,3.341237E-03,.1309989,
,34,15.18516,33.27023,1505.802,24.59911,3.338669E-03,.13268,
,34.5,15.15377,33.26776,1505.708,24.60403,3.334098E-03,.1343597,
,35,15.1005,33.26477,1505.544,24.6133,3.32551E-03,.1360366,
,35.5,15.02462,33.26116,1505.308,24.62699,3.312546E-03,.1377062,
,36,14.9448,33.2566,1505.057,24.64075,3.299505E-03,.1393705,
,36.5,14.86219,33.25111,1504.796,24.65435,3.286622E-03,.1410299,
,37,14.76459,33.24626,1504.487,24.67159,3.270271E-03,.1426784,
,37.5,14.63264,33.24303,1504.069,24.69726,3.245892E-03,.1443184,
,38,14.45637,33.24179,1503.51,24.73374,3.211227E-03,.1459474,
,38.5,14.23768,33.23708,1502.806,24.77612,3.17087E-03,.1475512,
,39,14.02636,33.24188,1502.134,24.82382,3.125509E-03,.1491343,
,39.5,13.82006,33.25191,1501.48,24.87416,3.077645E-03,.1506954,
,40,13.61703,33.26422,1500.837,24.92527,3.028986E-03,.1522351,
,40.5,13.48384,33.28104,1500.426,24.96525,2.990873E-03,.153746,
,41,13.36744,33.29895,1500.071,25.00256,2.955297E-03,.1552499,
,41.5,13.30882,33.30811,1499.896,25.02148,2.937472E-03,.1567301,
,42,13.25426,33.31601,1499.733,25.03858,2.921358E-03,.1582075,
,42.5,13.21269,33.31926,1499.607,25.04937,2.911152E-03,.1596754,
,43,13.18317,33.32191,1499.52,25.05732,2.903707E-03,.1611394,
,43.5,13.15489,33.32399,1499.437,25.06457,2.896947E-03,.1626,
,44,13.10308,33.32509,1499.274,25.07572,2.886409E-03,.1640562,
,44.5,13.02708,33.32161,1499.024,25.0881,2.874719E-03,.1655058,
,45,12.90269,33.32028,1498.614,25.11156,2.852421E-03,.1669472,
,45.5,12.74266,33.31751,1498.082,25.14073,2.824662E-03,.1683761,
,46,12.57562,33.31136,1497.52,25.16848,2.798259E-03,.1697936,
,46.5,12.41974,33.31686,1497.007,25.20276,2.765635E-03,.1711916,
,47,12.26828,33.31844,1496.502,25.23292,2.736978E-03,.1725757,
,47.5,12.11983,33.31735,1496.003,25.26027,2.711028E-03,.1739503,
,48,12.06299,33.32267,1495.824,25.27517,2.696915E-03,.1753106,
,48.5,12.02096,33.32725,1495.693,25.28669,2.686002E-03,.1766671,
,49,11.98574,33.32706,1495.581,25.29324,2.679767E-03,.178018,
,49.5,11.96201,33.32911,1495.51,25.29924,2.674187E-03,.1793658,
,50,11.94044,33.33066,1495.446,25.30443,2.669365E-03,.180711,
,50.5,11.9168,33.33088,1495.374,25.30901,2.66509E-03,.1820544,
,51,11.88279,33.32871,1495.263,25.31374,2.660719E-03,.1833947,
,51.5,11.83993,33.32835,1495.123,25.32146,2.653447E-03,.1847321,
,52,11.78686,33.33008,1494.951,25.33263,2.642821E-03,.1860662,
,52.5,11.74363,33.33299,1494.813,25.34293,2.633136E-03,.187394,
,53,11.71133,33.338,1494.716,25.3528,2.623879E-03,.1887183,
,53.5,11.69914,33.34643,1494.692,25.36157,2.615643E-03,.1900375,
,54,11.68474,33.35151,1494.657,25.36826,2.609383E-03,.1913528,
,54.5,11.67204,33.356,1494.627,25.37407,2.603933E-03,.1926657,
,55,11.65804,33.35801,1494.589,25.3782,2.600142E-03,.1939754,
,55.5,11.64161,33.35983,1494.543,25.38264,2.596025E-03,.1952837,
,56,11.62132,33.36137,1494.483,25.38758,2.591389E-03,.1965899,
,56.5,11.59064,33.36216,1494.386,25.39387,2.585491E-03,.1978932,
,57,11.56774,33.36361,1494.316,25.39919,2.58057E-03,.1991942,
,57.5,11.53794,33.36379,1494.222,25.40473,2.57542E-03,.2004925,
,58,11.50504,33.36844,1494.121,25.4144,2.566251E-03,.2017868,
,58.5,11.48701,33.37167,1494.071,25.42024,2.560761E-03,.2030778,
,59,11.45627,33.36875,1493.969,25.42357,2.557698E-03,.2043666,
,59.5,11.39178,33.3647,1493.748,25.43221,2.549478E-03,.2056523,
,60,11.31799,33.36462,1493.499,25.44542,2.536918E-03,.2069328,
,60.5,11.26776,33.36657,1493.334,25.4561,2.526862E-03,.2082075,
,61,11.2285,33.36755,1493.207,25.46396,2.519443E-03,.2094781,
,61.5,11.17336,33.37051,1493.026,25.47621,2.507856E-03,.210744,
,62,11.12661,33.37407,1492.875,25.48736,2.497386E-03,.2120039,
,62.5,11.10953,33.37775,1492.827,25.49336,2.491932E-03,.2132602,
,63,11.08888,33.38028,1492.766,25.49894,2.486556E-03,.2145138,
,63.5,11.06223,33.38181,1492.683,25.50491,2.480895E-03,.2157641,
,64,11.04403,33.38325,1492.629,25.50925,2.476868E-03,.2170125,
,64.5,11.03032,33.38572,1492.592,25.51358,2.472838E-03,.2182588,
,65,11.02043,33.38766,1492.568,25.51694,2.469741E-03,.2195032,
,65.5,11.01026,33.38939,1492.543,25.52003,2.466889E-03,.2207461,
,66,10.99976,33.39078,1492.516,25.52305,2.464229E-03,.2219877,
,66.5,10.98728,33.39181,1492.482,25.52611,2.461343E-03,.2232279,
,67,10.96591,33.39339,1492.417,25.53105,2.456731E-03,.2244661,
,67.5,10.92748,33.3947,1492.291,25.53894,2.449338E-03,.2257015,
,68,10.88631,33.39494,1492.155,25.54645,2.442297E-03,.226933,
,68.5,10.85766,33.395,1492.062,25.55152,2.437509E-03,.2281617,
,69,10.83704,33.39603,1491.999,25.55591,2.43332E-03,.2293881,
,69.5,10.81573,33.40022,1491.937,25.56292,2.426801E-03,.2306118,
,70,10.76174,33.40784,1491.764,25.57839,2.412072E-03,.231831,
,70.5,10.71797,33.41737,1491.628,25.59352,2.397904E-03,.2330417,
,71,10.69741,33.42267,1491.57,25.60118,2.390607E-03,.2342473,
,71.5,10.68174,33.42683,1491.528,25.60719,2.384992E-03,.2354499,
,72,10.66277,33.43108,1491.474,25.61381,2.378827E-03,.2366494,
,72.5,10.63744,33.4353,1491.398,25.62155,2.371461E-03,.2378454,
,73,10.61877,33.43826,1491.344,25.62708,2.366291E-03,.2390383,
,73.5,10.59759,33.44043,1491.279,25.63248,2.361251E-03,.2402284,
,74,10.5804,33.44387,1491.231,25.63813,2.35597E-03,.2414161,
,74.5,10.56072,33.44801,1491.174,25.64474,2.349772E-03,.2426011,
,75,10.53878,33.45204,1491.109,25.65172,2.343246E-03,.2437829,
,75.5,10.52845,33.45553,1491.085,25.65625,2.339042E-03,.2449619,
,76,10.52355,33.45765,1491.078,25.65873,2.336794E-03,.2461392,
,76.5,10.52005,33.45922,1491.076,25.66054,2.335164E-03,.2473157,
,77,10.51754,33.4604,1491.077,25.66188,2.333962E-03,.2484913,
,77.5,10.51719,33.4613,1491.085,25.66268,2.333322E-03,.2496665,
,78,10.51729,33.46201,1491.095,25.66326,2.332887E-03,.2508416,
,78.5,10.51735,33.46229,1491.104,25.66349,2.332731E-03,.2520164,
,79,10.51841,33.46243,1491.116,25.66341,2.332922E-03,.2531912,
,79.5,10.51988,33.4625,1491.129,25.66319,2.333266E-03,.2543662,
,80,10.52067,33.46262,1491.141,25.66311,2.333424E-03,.2555412,
,80.5,10.51889,33.46309,1491.143,25.66378,2.332936E-03,.2567162,
,81,10.51486,33.46449,1491.139,25.6656,2.331328E-03,.2578906,
,81.5,10.5045,33.46709,1491.113,25.66945,2.327751E-03,.2590638,
,82,10.47911,33.47113,1491.036,25.67691,2.320737E-03,.2602347,
,82.5,10.45,33.47523,1490.946,25.68522,2.312916E-03,.2614006,
,83,10.42562,33.47841,1490.871,25.69192,2.306586E-03,.2625641,
,83.5,10.40739,33.48045,1490.817,25.69658,2.302154E-03,.263725,
,84,10.38295,33.48186,1490.739,25.70186,2.297189E-03,.2648825,
,84.5,10.35666,33.48306,1490.655,25.70731,2.292067E-03,.2660387,
,85,10.32722,33.48384,1490.559,25.71305,2.286682E-03,.2671915,
,85.5,10.30184,33.48539,1490.479,25.71864,2.281442E-03,.2683417,
,86,10.28039,33.4868,1490.412,25.7234,2.276995E-03,.2694898,
,86.5,10.26351,33.48721,1490.36,25.72652,2.274115E-03,.2706361,
,87,10.24897,33.48774,1490.317,25.72948,2.271385E-03,.2717806,
,87.5,10.23954,33.48798,1490.292,25.73126,2.269767E-03,.272924,
,88,10.23122,33.48799,1490.271,25.73267,2.268517E-03,.2740669,
,88.5,10.22308,33.48767,1490.249,25.73382,2.267564E-03,.2752091,
,89,10.21314,33.48663,1490.221,25.73469,2.266807E-03,.2763509,
,89.5,10.20247,33.48532,1490.189,25.73548,2.266114E-03,.2774925,
,90,10.17627,33.48522,1490.103,25.73989,2.261998E-03,.2786322,
,90.5,10.13504,33.48489,1489.963,25.74664,2.255613E-03,.2797697,
,91,10.07904,33.48431,1489.769,25.75569,2.247011E-03,.2809044,
,91.5,10.05399,33.484,1489.687,25.75961,2.243356E-03,.2820348,
,92,10.03506,33.48254,1489.625,25.76164,2.241499E-03,.2831644,
,92.5,10.0204,33.48026,1489.578,25.76234,2.240898E-03,.2842932,
,93,10.00155,33.47937,1489.517,25.76486,2.238642E-03,.285421,
,93.5,9.985701,33.47919,1489.469,25.76741,2.236298E-03,.2865478,
,94,9.973456,33.47987,1489.433,25.76998,2.233847E-03,.2876737,
,94.5,9.964908,33.48201,1489.413,25.77307,2.230955E-03,.2887978,
,95,9.956655,33.48479,1489.395,25.77659,2.227705E-03,.2899207,
,95.5,9.946324,33.48832,1489.371,25.78101,2.223709E-03,.2910415,
,96,9.934389,33.49226,1489.341,25.78607,2.218982E-03,.2921602,
,96.5,9.921529,33.49668,1489.308,25.79171,2.213632E-03,.293277,
,97,9.913237,33.50312,1489.294,25.79811,2.207696E-03,.2943899,
,97.5,9.903425,33.50892,1489.274,25.80428,2.201899E-03,.2955001,
,98,9.892529,33.51426,1489.249,25.81027,2.196202E-03,.2966083,
,98.5,9.878184,33.51934,1489.212,25.81659,2.190243E-03,.297712,
,99,9.863591,33.52422,1489.173,25.8228,2.184405E-03,.2988148,
,99.5,9.852384,33.52698,1489.145,25.82687,2.180662E-03,.2999135,
,100,9.841316,33.52969,1489.116,25.83086,2.176997E-03,.3010112,
,100.5,9.830575,33.53225,1489.089,25.83469,2.173509E-03,.3021069,
,101,9.819411,33.53457,1489.059,25.83837,2.170096E-03,.3032006,
,101.5,9.809768,33.53671,1489.035,25.84166,2.167044E-03,.304293,
,102,9.80344,33.53861,1489.023,25.8442,2.164689E-03,.3053839,
,102.5,9.797274,33.53969,1489.01,25.84606,2.163022E-03,.3064737,
,103,9.791177,33.54041,1488.997,25.84762,2.161653E-03,.3075629,
,103.5,9.783754,33.54138,1488.98,25.84961,2.159829E-03,.308651,
,104,9.775805,33.54243,1488.961,25.85174,2.157865E-03,.3097387,
,104.5,9.764355,33.54364,1488.929,25.85453,2.155281E-03,.3108247,
,105,9.756114,33.54527,1488.909,25.85715,2.152861E-03,.3119096,
,105.5,9.75074,33.54723,1488.901,25.8596,2.150613E-03,.3129937,
,106,9.746481,33.54878,1488.895,25.86152,2.148911E-03,.3140762,
,106.5,9.742063,33.55105,1488.89,25.86403,2.146624E-03,.315158,
,107,9.737335,33.55473,1488.886,25.8677,2.143196E-03,.3162383,
,107.5,9.736,33.56098,1488.897,25.87278,2.138468E-03,.3173163,
,108,9.737164,33.56912,1488.92,25.8789,2.132782E-03,.3183925,
,108.5,9.745246,33.57869,1488.969,25.88509,2.127039E-03,.3194647,
,109,9.752665,33.58762,1489.015,25.89088,2.121668E-03,.3205353,
,109.5,9.752501,33.59306,1489.029,25.89512,2.117772E-03,.3216026,
,110,9.751559,33.59673,1489.039,25.89811,2.115048E-03,.322669,
,110.5,9.749393,33.59759,1489.04,25.89915,2.114174E-03,.3237341,
,111,9.747043,33.59834,1489.041,25.90012,2.113335E-03,.3247988,
,111.5,9.744514,33.59897,1489.041,25.90103,2.112528E-03,.3258631,
,112,9.73804,33.60069,1489.028,25.90345,2.110284E-03,.3269264,
,112.5,9.72915,33.60307,1489.006,25.9068,2.107161E-03,.3279889,
,113,9.724006,33.60711,1489.001,25.91081,2.103468E-03,.3290489,
,113.5,9.718988,33.61112,1488.996,25.91479,2.099808E-03,.3301079,
,114,9.712365,33.61414,1488.984,25.91825,2.09659E-03,.3311646,
,114.5,9.701152,33.61676,1488.955,25.92217,2.092924E-03,.3322195,
,115,9.687549,33.61918,1488.917,25.92635,2.089025E-03,.3332734,
,115.5,9.667341,33.61698,1488.849,25.92791,2.087604E-03,.334325,
,116,9.643314,33.61513,1488.767,25.93038,2.085315E-03,.3353758,
,116.5,9.611172,33.61414,1488.658,25.93489,2.081091E-03,.3364249,
,117,9.582456,33.61317,1488.56,25.93884,2.077359E-03,.3374724,
,117.5,9.55849,33.61225,1488.48,25.94205,2.07431E-03,.3385178,
,118,9.537494,33.61176,1488.411,25.9451,2.071437E-03,.3395624,
,118.5,9.525561,33.61263,1488.377,25.94772,2.069105E-03,.3406049,
,119,9.51387,33.61355,1488.344,25.95035,2.066743E-03,.3416471,
,119.5,9.504313,33.61504,1488.319,25.95311,2.064115E-03,.3426871,
,120,9.494759,33.61663,1488.295,25.95592,2.061459E-03,.3437264,
,120.5,9.48521,33.61846,1488.27,25.95886,2.058733E-03,.344764,
,121,9.478983,33.62107,1488.259,25.96189,2.055976E-03,.3458003,
,121.5,9.475595,33.62434,1488.259,25.96502,2.053192E-03,.3468354,
,122,9.476587,33.62658,1488.273,25.9666,2.051773E-03,.3478692,
,122.5,9.47909,33.62846,1488.293,25.96766,2.050825E-03,.3489027,
,123,9.485517,33.63062,1488.328,25.96832,2.050288E-03,.3499356,
,123.5,9.493127,33.63287,1488.366,25.96886,2.049876E-03,.3509684,
,124,9.491811,33.63497,1488.372,25.97071,2.048182E-03,.3520002,
,124.5,9.487627,33.63703,1488.368,25.97299,2.046077E-03,.3530318,
,125,9.474351,33.63987,1488.331,25.9774,2.042077E-03,.3540608,
,125.5,9.461279,33.64261,1488.295,25.9817,2.038145E-03,.3550889,
,126,9.451236,33.64484,1488.27,25.98508,2.034931E-03,.3561144,
,126.5,9.43744,33.64679,1488.23,25.98884,2.031371E-03,.3571386,
,127,9.417428,33.64829,1488.167,25.99325,2.027235E-03,.3581603,
,127.5,9.399372,33.64966,1488.111,25.99724,2.023501E-03,.3591815,
,128,9.389823,33.65046,1488.085,25.99943,2.021515E-03,.3601998,
,128.5,9.380273,33.65126,1488.059,26.00163,2.019528E-03,.3612182,
,129,9.371224,33.65224,1488.036,26.00385,2.017526E-03,.3622346,
,129.5,9.362196,33.65324,1488.012,26.00607,2.015523E-03,.3632509,
,130,9.358573,33.65645,1488.011,26.00916,2.012638E-03,.3642649,
,130.5,9.356391,33.66002,1488.016,26.01231,2.009713E-03,.3652785,
,131,9.36183,33.66496,1488.05,26.0153,2.007002E-03,.3662899,
,131.5,9.370712,33.66957,1488.097,26.01748,2.005057E-03,.3673007,
,132,9.384709,33.67368,1488.161,26.01844,2.004248E-03,.3683105,
,132.5,9.399445,33.67751,1488.228,26.01904,2.003798E-03,.3693202,
,133,9.415406,33.68086,1488.299,26.01904,2.003946E-03,.3703297,
,133.5,9.429306,33.68424,1488.362,26.01941,2.003735E-03,.371339,
,134,9.433105,33.6878,1488.389,26.02159,2.001762E-03,.3723475,
,134.5,9.436905,33.69136,1488.415,26.02377,1.99979E-03,.373356,
,135,9.446113,33.69671,1488.464,26.02641,1.997397E-03,.3743622,
,135.5,9.454974,33.70205,1488.511,26.0291,1.994956E-03,.3753683,
,136,9.455424,33.70676,1488.526,26.0327,1.991654E-03,.3763718,
,136.5,9.455277,33.71116,1488.54,26.03616,1.988484E-03,.3773748,
,137,9.452472,33.71411,1488.541,26.03901,.0019859,.3783755,
,137.5,9.44901,33.71652,1488.54,26.0415,1.98364E-03,.3793757,
,138,9.443573,33.71732,1488.529,26.04295,1.982359E-03,.3803745,
,138.5,9.438061,33.71807,1488.518,26.04439,1.98109E-03,.3813732,
,139,9.43146,33.71818,1488.503,26.04557,1.980004E-03,.3823706,
,139.5,9.42486,33.71828,1488.487,26.04676,1.978917E-03,.383368,
,140,9.41586,33.71885,1488.463,26.04867,1.977151E-03,.3843641,
,140.5,9.405829,33.7196,1488.435,26.05088,1.975094E-03,.3853597,
,141,9.393491,33.72038,1488.4,26.05346,1.972715E-03,.3863542,
,141.5,9.378196,33.72116,1488.353,26.05654,1.969926E-03,.3873474,
,142,9.36625,33.72233,1488.319,26.0594,1.967294E-03,.3883391,
,142.5,9.357217,33.72372,1488.296,26.06199,1.964916E-03,.3893299,
,143,9.354795,33.72518,1488.297,26.06354,1.963563E-03,.3903192,
,143.5,9.354666,33.72753,1488.308,26.0654,1.961909E-03,.391308,
,144,9.35917,33.7317,1488.338,26.06788,1.959649E-03,.3922955,
,144.5,9.365126,33.73589,1488.373,26.07015,1.957597E-03,.3932828,
,145,9.381804,33.74022,1488.448,26.07083,1.957082E-03,.3942687,
,145.5,9.398482,33.74456,1488.522,26.07151,1.956567E-03,.3952546,
,146,9.40918,33.74891,1488.575,26.07319,1.955075E-03,.3962396,
,146.5,9.415905,33.75327,1488.613,26.07555,1.952935E-03,.397224,
,147,9.42104,33.75656,1488.644,26.07731,1.951369E-03,.3982078,
,147.5,9.424047,33.75841,1488.666,26.07828,1.950571E-03,.3991907,
,148,9.426329,33.75992,1488.684,26.07908,1.949926E-03,.4001732,
,148.5,9.427939,33.76111,1488.7,26.07973,1.949424E-03,.4011555,
,149,9.42822,33.76212,1488.71,26.08047,1.948827E-03,.4021374,
,149.5,9.427759,33.76302,1488.718,26.08126,1.948178E-03,.4031191,
,150,9.427882,33.76426,1488.728,26.08222,1.947339E-03,.4041003,
,150.5,9.428317,33.76566,1488.74,26.08327,1.946398E-03,.4050812,
,151,9.428391,33.76683,1488.75,26.08418,1.94563E-03,.4060616,
,151.5,9.428283,33.76788,1488.759,26.08501,1.94495E-03,.4070417,
,152,9.426446,33.7689,1488.762,26.0861,1.943991E-03,.4080212,
,152.5,9.424081,33.76993,1488.763,26.08725,1.942947E-03,.4090006,
,153,9.421586,33.77101,1488.763,26.08852,1.941857E-03,.409979,
,153.5,9.418862,33.77216,1488.763,26.08987,1.94069E-03,.4109572,
,154,9.414914,33.77358,1488.759,26.09159,1.939111E-03,.4119343,
,154.5,9.410699,33.77533,1488.754,26.09362,1.937264E-03,.4129108,
,155,9.405634,33.77811,1488.747,26.09662,1.93457E-03,.4138857,
,155.5,9.399531,33.78083,1488.736,26.09974,1.931739E-03,.4148602,
,156,9.386271,33.78318,1488.699,26.10372,1.92796E-03,.4158314,
,156.5,9.37301,33.78552,1488.661,26.1077,1.924181E-03,.4168027,
,157,9.353366,33.78743,1488.6,26.11236,1.919782E-03,.4177701,
,157.5,9.332052,33.78922,1488.533,26.11721,1.915222E-03,.4187364,
,158,9.312859,33.79055,1488.472,26.12137,1.91135E-03,.4197009,
,158.5,9.296229,33.79132,1488.421,26.12469,1.908312E-03,.4206631,
,159,9.282529,33.7923,1488.38,26.12769,1.905521E-03,.4216239,
,159.5,9.271718,33.79346,1488.35,26.13037,1.902974E-03,.4225834,
,160,9.264115,33.79518,1488.332,26.13294,1.900612E-03,.4235414,
,160.5,9.258026,33.79715,1488.321,26.13545,1.898337E-03,.4244987,
,161,9.249229,33.80034,1488.301,26.13934,1.894717E-03,.4254536,
,161.5,9.23947,33.80396,1488.277,26.14371,1.890618E-03,.4264078,
,162,9.231865,33.80774,1488.263,26.14789,1.886754E-03,.4273588,
,162.5,9.224757,33.81154,1488.249,26.15203,1.882943E-03,.4283092,
,163,9.219405,33.81464,1488.242,26.15535,1.879859E-03,.4292566,
,163.5,9.214261,33.81766,1488.235,26.15856,1.87686E-03,.4302036,
,164,9.207132,33.81866,1488.218,26.16046,1.875113E-03,.4311485,
,164.5,9.199476,33.81977,1488.2,26.16253,1.873202E-03,.432093,
,165,9.188311,33.82162,1488.169,26.16578,1.870165E-03,.4330354,
,165.5,9.176744,33.8236,1488.137,26.1692,1.866988E-03,.4339774,
,166,9.162747,33.82629,1488.098,26.17356,1.862963E-03,.4349163,
,166.5,9.149865,33.82914,1488.062,26.17785,1.858999E-03,.4358547,
,167,9.144828,33.83303,1488.057,26.18169,1.855463E-03,.4367898,
,167.5,9.139935,33.8368,1488.052,26.18541,1.852033E-03,.4377246,
,168,9.136502,33.83937,1488.05,26.18795,1.849675E-03,.4386567,
,168.5,9.133249,33.84207,1488.05,26.19057,1.84725E-03,.4395884,
,169,9.131319,33.84576,1488.056,26.19377,1.84433E-03,.440518,
,169.5,9.128913,33.84931,1488.059,26.19694,1.84143E-03,.4414468,
,170,9.125087,33.85241,1488.057,26.19999,1.838588E-03,.4423737,
,170.5,9.122124,33.85553,1488.059,26.2029,1.835903E-03,.4432995,
,171,9.120393,33.85864,1488.064,26.20561,1.833442E-03,.4442238,
,171.5,9.118183,33.86115,1488.068,26.20791,1.831362E-03,.4451473,
,172,9.115205,33.86268,1488.067,26.20956,1.829896E-03,.4460695,
,172.5,9.112511,33.86405,1488.067,26.21105,1.828569E-03,.4469915,
,173,9.110723,33.86489,1488.07,26.21204,1.827687E-03,.4479125,
,173.5,9.109557,33.8656,1488.075,26.2128,1.827025E-03,.4488334,
,174,9.110231,33.86594,1488.086,26.21292,1.827017E-03,.449754,
,174.5,9.110838,33.86647,1488.097,26.21322,1.826842E-03,.4506745,
,175,9.11128,33.86744,1488.108,26.21394,1.826269E-03,.4515947,
,175.5,9.112224,33.86866,1488.121,26.21476,1.825593E-03,.4525148,
,176,9.114721,33.87067,1488.141,26.21591,1.824594E-03,.4534343,
,176.5,9.117146,33.8727,1488.161,26.21709,1.823572E-03,.4543536,
,177,9.116506,33.87528,1488.17,26.2192,1.821619E-03,.4552715,
,177.5,9.115865,33.87786,1488.179,26.22132,1.819665E-03,.4561893,
,178,9.117353,33.8814,1488.197,26.22389,1.817347E-03,.4571053,
,178.5,9.118917,33.88459,1488.215,26.22617,1.815317E-03,.4580207,
,179,9.120316,33.88662,1488.231,26.22749,1.814193E-03,.4589351,
,179.5,9.118834,33.88882,1488.237,26.22943,1.812439E-03,.4598486,
,180,9.115374,33.89112,1488.235,26.23179,1.810251E-03,.4607615,
,180.5,9.113042,33.89267,1488.237,26.23336,1.808894E-03,.4616732,
,181,9.111118,33.89393,1488.24,26.23464,1.807838E-03,.4625845,
,181.5,9.112954,33.89581,1488.257,26.23584,1.806793E-03,.4634952,
,182,9.116945,33.89805,1488.283,26.237,1.805754E-03,.4644054,
,182.5,9.123148,33.89999,1488.316,26.23755,1.805351E-03,.4653152,
,183,9.129114,33.90201,1488.349,26.23817,1.804878E-03,.4662248,
,183.5,9.131004,33.90479,1488.368,26.23999,1.803217E-03,.4671338,
,184,9.134177,33.90791,1488.391,26.24192,1.80148E-03,.4680418,
,184.5,9.13821,33.91127,1488.419,26.24393,1.799692E-03,.4689492,
,185,9.144639,33.9147,1488.455,26.24559,1.79823E-03,.4698556,
,185.5,9.152033,33.91816,1488.495,26.2471,1.796899E-03,.4707615,
,186,9.162426,33.92192,1488.546,26.24839,1.795806E-03,.4716666,
,186.5,9.174706,33.92588,1488.604,26.24955,1.794862E-03,.4725713,
,187,9.181726,33.92916,1488.642,26.25099,1.793662E-03,.4734754,
,187.5,9.183699,33.93179,1488.661,26.25269,1.792214E-03,.4743789,
,188,9.187486,33.9339,1488.686,26.25373,1.791332E-03,.4752819,
,188.5,9.193089,33.93546,1488.716,26.25413,1.791015E-03,.4761845,
,189,9.192391,33.93547,1488.722,26.25423,1.790966E-03,.477087,
,189.5,9.18794,33.93454,1488.713,26.25417,1.791077E-03,.4779895,
,190,9.177863,33.93261,1488.682,26.25424,1.791106E-03,.4788921,
,190.5,9.165292,33.93022,1488.641,26.25438,1.791097E-03,.4797946,
,191,9.130194,33.92674,1488.516,26.25727,.0017883,.4806959,
,191.5,9.096142,33.9236,1488.395,26.26026,1.785411E-03,.4815967,
,192,9.073872,33.92216,1488.319,26.26269,1.783096E-03,.4824956,
,192.5,9.061634,33.92377,1488.285,26.26591,1.780109E-03,.4833934,
,193,9.059619,33.92846,1488.291,26.26994,1.776436E-03,.4842899,
,193.5,9.082229,33.93561,1488.392,26.27189,1.774699E-03,.4851843,
,194,9.105359,33.94286,1488.494,26.27384,1.772966E-03,.4860785,
,194.5,9.128607,33.9509,1488.598,26.27647,1.77069E-03,.4869708,
,195,9.151953,33.95892,1488.702,26.27906,1.768453E-03,.4878631,
,195.5,9.179911,33.96547,1488.821,26.2797,1.768066E-03,.4887541,
,196,9.20787,33.97203,1488.94,26.28033,1.767678E-03,.489645,
,196.5,9.225263,33.97755,1489.019,26.28181,1.766452E-03,.4905352,
,197,9.241277,33.98293,1489.093,26.2834,1.765117E-03,.4914253,
,197.5,9.24525,33.9865,1489.12,26.28553,1.763215E-03,.492314,
,198,9.247121,33.98958,1489.139,26.28765,1.761316E-03,.4932023,
,198.5,9.242784,33.99114,1489.133,26.28963,1.759503E-03,.4940893,
,199,9.235966,33.99214,1489.118,26.29153,1.75777E-03,.4949755,
,199.5,9.22809,33.99285,1489.098,26.29334,1.756115E-03,.4958611,
,200,9.224883,33.99268,1489.094,26.29374,1.755793E-03,.4967459,
,200.5,9.221906,33.99242,1489.091,26.29402,1.755596E-03,.4976307,
,201,9.219954,33.9917,1489.091,26.29376,1.755957E-03,.4985156,
,201.5,9.217218,33.99125,1489.089,26.29383,1.756002E-03,.4994004,
,202,9.212636,33.9914,1489.081,26.29469,1.755309E-03,.5002851,
,202.5,9.208137,33.99208,1489.073,26.29594,1.754214E-03,.5011693,
,203,9.203743,33.99342,1489.067,26.29768,1.752611E-03,.5020529,
,203.5,9.198996,33.996,1489.061,26.30047,1.75003E-03,.5029353,
,204,9.193965,33.99959,1489.056,26.30408,1.746666E-03,.5038167,
,204.5,9.181451,34.00233,1489.021,26.30824,1.742777E-03,.5046954,
,205,9.167177,34.00485,1488.98,26.31252,1.738777E-03,.5055734,
,205.5,9.166284,34.00723,1488.988,26.31447,1.736924E-03,.5064489,
,206,9.165071,34.00915,1488.994,26.31614,1.735375E-03,.507324,
,206.5,9.16317,34.01004,1488.997,26.31722,1.73448E-03,.5081983,
,207,9.158627,34.01161,1488.99,26.3192,1.732731E-03,.5090717,
,207.5,9.152485,34.01359,1488.978,26.32171,1.730465E-03,.5099446,
,208,9.146754,34.01521,1488.968,26.32392,1.728482E-03,.5108159,
,208.5,9.14114,34.01672,1488.957,26.32605,1.72658E-03,.5116869,
,209,9.139507,34.01834,1488.961,26.32754,1.725231E-03,.5125565,
,209.5,9.138461,34.0199,1488.968,26.32889,1.724011E-03,.5134258,
,210,9.138447,34.02049,1488.977,26.32938,1.723653E-03,.5142945,
,210.5,9.138494,34.02105,1488.986,26.32984,1.723329E-03,.5151632,
,211,9.139238,34.02132,1488.997,26.3299,1.723381E-03,.5160317,
,211.5,9.139944,34.02155,1489.008,26.32995,1.723444E-03,.5169002,
,212,9.140461,34.02153,1489.019,26.32988,1.72356E-03,.5177689,
,212.5,9.139731,34.02159,1489.024,26.33005,1.723471E-03,.5186374,
,213,9.136013,34.02186,1489.019,26.33079,1.722891E-03,.5195057,
,213.5,9.133194,34.02243,1489.018,26.33168,1.72214E-03,.5203738,
,214,9.131382,34.02335,1489.021,26.33274,1.721197E-03,.5212415,
,214.5,9.129352,34.02419,1489.022,26.33372,1.720372E-03,.5221087,
,215,9.127244,34.025,1489.024,26.33467,1.719589E-03,.5229756,
,215.5,9.123906,34.02624,1489.021,26.3362,1.718137E-03,.5238416,
,216,9.120455,34.02734,1489.018,26.33763,1.716807E-03,.5247074,
,216.5,9.116837,34.02792,1489.014,26.3386,1.716004E-03,.5255723,
,217,9.11442,34.02861,1489.014,26.33951,1.715242E-03,.526437,
,217.5,9.113285,34.02943,1489.02,26.34033,1.714523E-03,.5273013,
,218,9.107409,34.02962,1489.006,26.34144,1.713597E-03,.528165,
,218.5,9.100657,34.02991,1488.99,26.34275,1.712472E-03,.5290285,
,219,9.093423,34.03124,1488.974,26.34493,1.710453E-03,.5298907,
,219.5,9.085691,34.03258,1488.955,26.3472,1.708352E-03,.5307524,
,220,9.075976,34.03397,1488.929,26.34982,1.705922E-03,.5316124,
,220.5,9.06623,34.03516,1488.903,26.3523,1.703623E-03,.5324721,
,221,9.056298,34.0352,1488.875,26.35398,1.70208E-03,.53333,
,221.5,9.045837,34.03512,1488.844,26.35564,1.700546E-03,.5341878,
,222,9.031203,34.03413,1488.797,26.35719,1.699077E-03,.5350442,
,222.5,9.011162,34.03305,1488.73,26.35953,1.696837E-03,.5359001,
,223,8.971127,34.03167,1488.589,26.36481,1.691746E-03,.5367537,
,223.5,8.942834,34.03191,1488.493,26.36949,1.687283E-03,.5376052,
,224,8.923406,34.03316,1488.431,26.37352,1.683475E-03,.5384549,
,224.5,8.914048,34.03445,1488.406,26.37596,1.681288E-03,.5393027,
,225,8.907352,34.03544,1488.391,26.37777,1.679668E-03,.5401498,
,225.5,8.90398,34.03605,1488.388,26.37879,1.678758E-03,.5409961,
,226,8.900958,34.03642,1488.385,26.37956,1.678081E-03,.541842,
,226.5,8.898124,34.03667,1488.384,26.3802,1.67753E-03,.5426877,
,227,8.895791,34.03684,1488.383,26.38073,1.677138E-03,.543533,
,227.5,8.893637,34.03699,1488.384,26.38121,1.676805E-03,.5443783,
,228,8.892653,34.03809,1488.39,26.3822,1.675923E-03,.5452231,
,228.5,8.89108,34.03915,1488.394,26.38326,1.674991E-03,.5460677,
,229,8.885984,34.03977,1488.384,26.3846,1.67389E-03,.5469114,
,229.5,8.880498,34.04045,1488.373,26.38603,1.672671E-03,.5477549,
,230,8.87267,34.04152,1488.353,26.38805,1.67075E-03,.5485973,
,230.5,8.862975,34.04236,1488.327,26.3902,1.668735E-03,.5494389,
,231,8.850367,34.04285,1488.289,26.39254,1.666572E-03,.5502794,
,231.5,8.837976,34.04423,1488.253,26.39559,.0016637,.5511184,
,232,8.825718,34.04617,1488.218,26.39908,1.660394E-03,.5519566,
,232.5,8.810409,34.04752,1488.171,26.40252,1.65718E-03,.5527922,
,233,8.795583,34.04881,1488.126,26.40584,1.654094E-03,.5536271,
,233.5,8.787222,34.05031,1488.105,26.40833,1.651779E-03,.5544597,
,234,8.77886,34.05181,1488.085,26.41082,1.649464E-03,.5552923,
,234.5,8.771724,34.05296,1488.068,26.41283,1.647617E-03,.5561227,
,235,8.76462,34.0541,1488.051,26.41482,1.645782E-03,.5569531,
,235.5,8.761342,34.05622,1488.05,26.41698,1.643788E-03,.5577818,
,236,8.758718,34.0584,1488.051,26.4191,1.641831E-03,.5586101,
,236.5,8.758594,34.06065,1488.062,26.42098,1.640128E-03,.5594371,
,237,8.756872,34.06264,1488.066,26.4228,1.638525E-03,.5602633,
,237.5,8.754207,34.06434,1488.067,26.42451,1.637042E-03,.561089,
,238,8.751026,34.06526,1488.064,26.42574,1.635927E-03,.5619137,
,238.5,8.748213,34.06629,1488.063,26.42699,1.634799E-03,.562738,
,239,8.746013,34.06752,1488.065,26.42826,1.633648E-03,.5635617,
,239.5,8.74398,34.0687,1488.067,26.4295,1.632561E-03,.5643848,
,240,8.742085,34.06984,1488.07,26.43072,1.631526E-03,.5652075,
,240.5,8.743045,34.07164,1488.084,26.43198,1.630407E-03,.5660294,
,241,8.745594,34.07382,1488.104,26.43326,1.62924E-03,.5668511,
,241.5,8.748989,34.07603,1488.128,26.4345,1.628217E-03,.5676719,
,242,8.752671,34.07824,1488.153,26.43571,1.627243E-03,.5684925,
,242.5,8.757791,34.08101,1488.183,26.43706,1.62609E-03,.5693122,
,243,8.763198,34.08389,1488.215,26.43843,1.624901E-03,.5701317,
,243.5,8.772401,34.08839,1488.263,26.44052,1.623039E-03,.5709499,
,244,8.782141,34.09314,1488.314,26.44271,1.621081E-03,.5717679,
,244.5,8.797382,34.10021,1488.387,26.44587,1.61826E-03,.5725838,
,245,8.815255,34.10769,1488.471,26.44895,1.615538E-03,.5733992,
,245.5,8.8483,34.1174,1488.614,26.45134,1.61353E-03,.5742128,
,246,8.878693,34.12715,1488.747,26.45419,1.611114E-03,.5750255,
,246.5,8.905245,34.13697,1488.865,26.4577,1.608105E-03,.5758369,
,247,8.928056,34.14594,1488.969,26.46112,1.605058E-03,.5766465,
,247.5,8.948349,34.15434,1489.063,26.46449,1.601983E-03,.577455,
,248,8.97339,34.16155,1489.172,26.46617,1.600585E-03,.5782622,
,248.5,9.00034,34.16829,1489.288,26.46718,1.599861E-03,.5790689,
,249,9.023616,34.17463,1489.39,26.4684,1.598988E-03,.5798749,
,249.5,9.04584,34.18087,1489.488,26.46968,1.598072E-03,.5806808,
,250,9.06811,34.18636,1489.585,26.47045,1.597531E-03,.5814862,
,250.5,9.090388,34.19175,1489.682,26.47114,1.597047E-03,.5822914,
,251,9.103962,34.19624,1489.746,26.47249,1.595957E-03,.583096,
,251.5,9.115687,34.20017,1489.802,26.4737,1.594992E-03,.5839005,
,252,9.122384,34.20197,1489.838,26.47407,1.594773E-03,.5847043,
,252.5,9.128949,34.20314,1489.872,26.4739,1.595032E-03,.5855083,
,253,9.135411,34.2038,1489.905,26.4733,1.595676E-03,.5863125,
,253.5,9.137066,34.20417,1489.919,26.47334,1.595697E-03,.5871168,
,254,9.1383,34.20432,1489.932,26.47329,1.595828E-03,.5879212,
,254.5,9.139152,34.2041,1489.943,26.47301,1.596221E-03,.5887257,
,255,9.140709,34.20381,1489.957,26.47254,1.596789E-03,.5895306,
,255.5,9.142708,34.20348,1489.972,26.47194,1.597464E-03,.5903356,
,256,9.14291,34.20318,1489.981,26.47167,1.597832E-03,.5911409,
,256.5,9.142526,34.20288,1489.988,26.4715,.0015981,.5919464,
,257,9.141548,34.20274,1489.992,26.47156,1.598113E-03,.592752,
,257.5,9.140258,34.20268,1489.996,26.47174,1.597991E-03,.5935575,
,258,9.137753,34.20253,1489.995,26.47202,1.59782E-03,.594363,
,258.5,9.134545,34.20234,1489.991,26.47235,1.597619E-03,.5951684,
,259,9.131484,34.20255,1489.988,26.47301,1.59707E-03,.5959735,
,259.5,9.128393,34.20291,1489.985,26.47378,1.596409E-03,.5967785,
,260,9.124929,34.20367,1489.982,26.47491,1.595463E-03,.5975828,
,260.5,9.121347,34.20434,1489.978,26.47599,1.594535E-03,.5983869,
,261,9.117467,34.20475,1489.972,26.47698,1.593655E-03,.5991904,
,261.5,9.11447,34.2049,1489.97,26.47759,1.593125E-03,.5999937,
,262,9.112641,34.20469,1489.971,26.47772,1.593059E-03,.6007968,
,262.5,9.110173,34.20425,1489.97,26.47775,1.593108E-03,.6015999,
,263,9.107018,34.20355,1489.966,26.47769,1.593281E-03,.602403,
,263.5,9.103726,34.20301,1489.961,26.47778,1.59328E-03,.6032062,
,264,9.100327,34.20258,1489.956,26.47798,1.593143E-03,.6040093,
,264.5,9.096807,34.20256,1489.952,26.47855,1.592661E-03,.6048122,
,265,9.093252,34.20266,1489.947,26.47923,1.592078E-03,.605615,
,265.5,9.093504,34.20274,1489.956,26.47925,1.592192E-03,.6064177,
,266,9.094927,34.20301,1489.97,26.47922,1.592332E-03,.6072203,
,266.5,9.098054,34.20359,1489.991,26.47914,1.592475E-03,.608023,
,267,9.09821,34.20267,1489.999,26.47841,1.593285E-03,.6088262,
,267.5,9.097262,34.20132,1490.002,26.47752,1.594239E-03,.6096295,
,268,9.092414,34.19889,1489.989,26.47643,1.595334E-03,.6104336,
,268.5,9.084815,34.19603,1489.966,26.47541,1.596347E-03,.6112379,
,269,9.068388,34.1918,1489.909,26.47468,1.597094E-03,.612043,
,269.5,9.05178,34.18793,1489.851,26.47426,1.597505E-03,.612848,
,270,9.034616,34.18519,1489.793,26.47485,1.596885E-03,.6136531,
,270.5,9.017339,34.18286,1489.734,26.47578,1.595957E-03,.6144578,
,271,8.999856,34.18127,1489.676,26.47733,1.594477E-03,.615262,
,271.5,8.992387,34.18103,1489.657,26.47832,1.593619E-03,.6160656,
,272,8.990753,34.18158,1489.66,26.47898,1.593124E-03,.6168689,
,272.5,8.98737,34.18074,1489.654,26.47893,1.593236E-03,.6176721,
,273,8.982881,34.18002,1489.645,26.47911,1.593128E-03,.6184752,
,273.5,8.975633,34.17969,1489.626,26.47993,1.592401E-03,.6192781,
,274,8.966244,34.17929,1489.599,26.48108,1.591368E-03,.6200806,
,274.5,8.952868,34.17877,1489.558,26.48283,1.589765E-03,.6208823,
,275,8.9423,34.17875,1489.527,26.48451,1.588206E-03,.6216835,
,275.5,8.936049,34.1795,1489.513,26.48607,1.586715E-03,.6224838,
,276,8.93031,34.18043,1489.501,26.48774,1.585221E-03,.6232832,
,276.5,8.924812,34.18143,1489.49,26.48945,1.583725E-03,.6240822,
,277,8.923855,34.18232,1489.496,26.49024,1.583041E-03,.6248804,
,277.5,8.924651,34.18314,1489.509,26.49071,1.582663E-03,.6256785,
,278,8.931788,34.18374,1489.544,26.49008,1.58339E-03,.6264766,
,278.5,8.933556,34.18414,1489.559,26.49013,1.583442E-03,.6272747,
,279,8.929313,34.18429,1489.552,26.49092,1.58274E-03,.6280728,
,279.5,8.91848,34.18476,1489.521,26.49299,1.580837E-03,.62887,
,280,8.903975,34.1854,1489.476,26.49577,1.578265E-03,.6296665,
,280.5,8.899858,34.1865,1489.471,26.49728,1.57689E-03,.6304618,
,281,8.899035,34.18771,1489.478,26.49836,1.575927E-03,.6312567,
,281.5,8.910344,34.1888,1489.529,26.49743,1.576992E-03,.6320516,
,282,8.919982,34.18986,1489.574,26.49675,1.57781E-03,.6328467,
,282.5,8.923576,34.1908,1489.597,26.49697,1.577734E-03,.6336422,
,283,8.923326,34.19116,1489.605,26.49729,1.577483E-03,.6344375,
,283.5,8.919366,34.19099,1489.598,26.49776,1.577044E-03,.6352327,
,284,8.910834,34.19047,1489.575,26.49874,1.576176E-03,.6360274,
,284.5,8.899221,34.18899,1489.538,26.49943,1.575584E-03,.6368219,
,285,8.884077,34.18642,1489.487,26.49979,1.575309E-03,.6376162,
,285.5,8.868613,34.18261,1489.433,26.49922,1.575855E-03,.6384107,
,286,8.853037,34.17834,1489.379,26.49833,1.576694E-03,.6392053,
,286.5,8.831543,34.17428,1489.302,26.4985,1.576473E-03,.64,
,287,8.808803,34.17025,1489.222,26.49889,1.576029E-03,.6407948,
,287.5,8.79346,34.16818,1489.17,26.49965,1.575296E-03,.641589,
,288,8.781966,34.16718,1489.135,26.50066,1.574356E-03,.642383,
,288.5,8.782071,34.16941,1489.146,26.50239,1.572779E-03,.6431763,
,289,8.787754,34.17271,1489.18,26.50409,1.571291E-03,.6439688,
,289.5,8.798064,34.17689,1489.231,26.50577,1.569877E-03,.6447607,
,290,8.818321,34.18166,1489.321,26.50635,1.569597E-03,.6455522,
,290.5,8.843749,34.18672,1489.429,26.50635,1.569907E-03,.6463435,
,291,8.853242,34.19058,1489.478,26.50788,1.56856E-03,.6471344,
,291.5,8.85962,34.1942,1489.514,26.5097,1.566889E-03,.6479251,
,292,8.862045,34.19555,1489.533,26.51036,1.566392E-03,.6487149,
,292.5,8.863442,34.19633,1489.548,26.51077,1.566116E-03,.6495046,
,293,8.8635,34.19636,1489.556,26.51085,1.566109E-03,.6502942,
,293.5,8.859528,34.19563,1489.549,26.51086,1.566204E-03,.6510838,
,294,8.854588,34.1947,1489.538,26.51086,1.566323E-03,.6518735,
,294.5,8.847846,34.19387,1489.52,26.51126,1.565944E-03,.652663,
,295,8.84147,34.19308,1489.504,26.51165,1.565584E-03,.6534525,
,295.5,8.83709,34.19251,1489.495,26.51192,1.565378E-03,.6542417,
,296,8.833518,34.1926,1489.49,26.51256,1.564864E-03,.6550308,
,296.5,8.831024,34.19358,1489.49,26.51367,1.563938E-03,.6558195,
,297,8.827425,34.19447,1489.486,26.51496,1.562801E-03,.6566077,
,297.5,8.823275,34.1953,1489.48,26.51632,1.561561E-03,.6573955,
,298,8.821091,34.19566,1489.481,26.51695,1.561024E-03,.6581826,
,298.5,8.819049,34.19591,1489.482,26.51747,1.560596E-03,.6589697,
,299,8.81512,34.19543,1489.475,26.51767,1.560524E-03,.6597565,
,299.5,8.810286,34.19487,1489.465,26.51798,1.560322E-03,.6605432,
,300,8.802979,34.19411,1489.445,26.51856,1.559767E-03,.6613297,
,300.5,8.798204,34.19316,1489.435,26.51858,1.559819E-03,.6621162,
,301,8.795261,34.19209,1489.431,26.51821,1.560308E-03,.6629028,
,301.5,8.788714,34.19176,1489.414,26.51892,1.55963E-03,.6636891,
,302,8.781083,34.19156,1489.394,26.51993,1.558684E-03,.6644753,
,302.5,8.770019,34.19175,1489.361,26.52182,1.55694E-03,.6652605,
,303,8.761368,34.19198,1489.338,26.52337,1.555551E-03,.6660454,
,303.5,8.758935,34.19231,1489.338,26.524,1.555078E-03,.6668296,
,304,8.757808,34.1921,1489.342,26.52403,1.555144E-03,.6676137,
,304.5,8.757772,34.19144,1489.349,26.52354,1.555661E-03,.6683979,
,305,8.75754,34.19054,1489.355,26.52286,1.556368E-03,.6691826,
,305.5,8.757251,34.18956,1489.361,26.52211,1.557129E-03,.6699674,
,306,8.756254,34.18917,1489.365,26.52196,1.557388E-03,.6707526,
,306.5,8.754796,34.18884,1489.368,26.52193,1.55753E-03,.6715379,
,307,8.750941,34.18869,1489.362,26.52243,1.557107E-03,.672323,
,307.5,8.747596,34.18859,1489.357,26.52289,1.556726E-03,.673108,
,308,8.746161,34.18865,1489.36,26.5232,1.556504E-03,.6738929,
,308.5,8.74283,34.18858,1489.356,26.52367,1.556128E-03,.6746776,
,309,8.737995,34.18843,1489.346,26.52428,1.555618E-03,.6754621,
,309.5,8.731445,34.18825,1489.33,26.52511,1.554894E-03,.6762462,
,310,8.724866,34.18834,1489.314,26.52619,1.553935E-03,.6770299,
,310.5,8.71826,34.18869,1489.298,26.5275,1.552754E-03,.6778132,
,311,8.715322,34.18852,1489.295,26.52788,1.552447E-03,.6785961,
,311.5,8.713641,34.18818,1489.297,26.52794,1.55244E-03,.6793789,
,312,8.715121,34.18782,1489.31,26.52742,1.553045E-03,.680162,
,312.5,8.716944,34.18747,1489.325,26.52683,1.55373E-03,.6809452,
,313,8.716798,34.18705,1489.332,26.52648,1.554194E-03,.6817287,
,313.5,8.716402,34.18668,1489.339,26.52622,1.554538E-03,.6825124,
,314,8.715554,34.18639,1489.344,26.52615,1.554664E-03,.6832963,
,314.5,8.715211,34.18641,1489.351,26.52624,1.554668E-03,.6840801,
,315,8.715176,34.18661,1489.359,26.52644,1.554598E-03,.684864,
,315.5,8.714283,34.18715,1489.365,26.52702,1.554132E-03,.6856477,
,316,8.713009,34.18782,1489.369,26.52775,1.553504E-03,.6864313,
,316.5,8.711052,34.1887,1489.371,26.52874,1.552634E-03,.6872143,
,317,8.711082,34.18908,1489.38,26.52905,1.552456E-03,.6879972,
,317.5,8.711976,34.18923,1489.392,26.52904,1.552592E-03,.68878,
,318,8.711517,34.18878,1489.398,26.52869,1.552981E-03,.6895631,
,318.5,8.711058,34.18836,1489.404,26.52839,1.553331E-03,.6903462,
,319,8.710594,34.18803,1489.41,26.52819,1.553577E-03,.6911296,
,319.5,8.710534,34.18755,1489.418,26.52783,1.554003E-03,.6919131,
,320,8.71098,34.18691,1489.427,26.52727,1.554655E-03,.6926968,
,320.5,8.710266,34.18635,1489.432,26.52695,1.554997E-03,.6934808,
,321,8.708856,34.18583,1489.434,26.52674,1.555183E-03,.6942649,
,321.5,8.703477,34.18518,1489.422,26.52707,1.554988E-03,.695049,
,322,8.699191,34.18464,1489.413,26.52733,1.554853E-03,.6958331,
,322.5,8.699416,34.18458,1489.422,26.52726,1.554967E-03,.6966172,
,323,8.699289,34.18437,1489.43,26.52712,1.555179E-03,.6974013,
,323.5,8.698297,34.18379,1489.434,26.52677,1.555632E-03,.6981857,
,324,8.698339,34.18391,1489.443,26.52685,1.55569E-03,.6989701,
,324.5,8.699295,34.18465,1489.455,26.52729,.0015554,.6997544,
,325,8.695734,34.18507,1489.451,26.52817,1.554583E-03,.7005385,
,325.5,8.693605,34.18575,1489.452,26.52905,1.553811E-03,.7013222,
,326,8.693995,34.18683,1489.463,26.52989,1.553173E-03,.7021056,
,326.5,8.693906,34.18615,1489.47,26.52939,1.553711E-03,.702889,
,327,8.694626,34.18551,1489.481,26.52876,1.554363E-03,.7036726,
,327.5,8.696705,34.18502,1489.496,26.528,1.55515E-03,.7044567,
,328,8.697484,34.18472,1489.507,26.52764,1.555568E-03,.705241,
,328.5,8.697088,34.18446,1489.513,26.52749,1.555798E-03,.7060254,
,329,8.695049,34.18414,1489.514,26.52756,1.555857E-03,.7068099,
,329.5,8.694404,34.18368,1489.519,26.52733,1.556165E-03,.7075946,
,330,8.694668,34.18314,1489.528,26.5269,1.556633E-03,.7083794,
,330.5,8.691424,34.18211,1489.523,26.52661,1.557028E-03,.7091645,
,331,8.687604,34.18106,1489.516,26.52639,1.557346E-03,.7099497,
,331.5,8.682576,34.18029,1489.504,26.52653,1.557273E-03,.7107349,
,332,8.678139,34.17936,1489.495,26.52647,1.55736E-03,.7115203,
,332.5,8.674597,34.17819,1489.488,26.52611,1.55769E-03,.7123057,
,333,8.670533,34.17624,1489.479,26.52523,1.558614E-03,.7130915,
,333.5,8.666229,34.17391,1489.469,26.52409,1.559814E-03,.7138776,
,334,8.646567,34.17099,1489.4,26.52484,1.559034E-03,.7146638,
,334.5,8.627935,34.16708,1489.334,26.52465,1.559165E-03,.7154502,
,335,8.612563,34.16127,1489.278,26.52244,1.561242E-03,.7162369,
,335.5,8.587526,34.15653,1489.187,26.52259,1.560995E-03,.717024,
,336,8.557541,34.15214,1489.078,26.52377,1.559727E-03,.717811,
,336.5,8.498778,34.14652,1488.86,26.52843,1.555056E-03,.7185955,
,337,8.4492,34.14165,1488.677,26.53225,1.551208E-03,.7193793,
,337.5,8.425395,34.13887,1488.593,26.53374,1.549669E-03,.7201611,
,338,8.403417,34.13573,1488.515,26.53464,1.548735E-03,.7209425,
,338.5,8.383637,34.13215,1488.444,26.53485,1.548531E-03,.7217234,
,339,8.371005,34.13,1488.402,26.53509,.0015483,.7225043,
,339.5,8.361022,34.12872,1488.372,26.5356,1.547805E-03,.7232849,
,340,8.349342,34.12832,1488.336,26.53702,1.54645E-03,.7240651,
,340.5,8.335026,34.12853,1488.291,26.53941,1.544186E-03,.7248442,
,341,8.318974,34.1286,1488.239,26.54192,1.541809E-03,.7256224,
,341.5,8.300214,34.12812,1488.176,26.54433,1.539519E-03,.7263994,
,342,8.285377,34.12748,1488.128,26.54606,1.537873E-03,.7271752,
,342.5,8.271819,34.12679,1488.084,26.54757,1.536437E-03,.7279506,
,343,8.256082,34.12744,1488.034,26.5505,1.533661E-03,.7287242,
,343.5,8.242653,34.12837,1487.993,26.55329,1.531028E-03,.7294973,
,344,8.238441,34.13025,1487.988,26.55541,1.529087E-03,.7302688,
,344.5,8.240438,34.1325,1488.006,26.55687,1.527771E-03,.7310397,
,345,8.247809,34.13504,1488.046,26.55775,1.527006E-03,.7318101,
,345.5,8.247881,34.13602,1488.055,26.55848,1.526381E-03,.7325799,
,346,8.24875,34.13694,1488.068,26.55907,1.525932E-03,.7333496,
,346.5,8.250363,34.13779,1488.084,26.5595,1.525648E-03,.7341191,
,347,8.248678,34.13707,1488.085,26.55918,1.526096E-03,.7348887,
,347.5,8.24511,34.13597,1488.078,26.55884,1.526516E-03,.7356583,
,348,8.238051,34.13457,1488.058,26.55884,1.526509E-03,.7364282,
,348.5,8.229533,34.13319,1488.033,26.55902,1.526328E-03,.7371979,
,349,8.220539,34.13184,1488.005,26.5593,1.526075E-03,.7379676,
,349.5,8.211475,34.1306,1487.978,26.55969,1.525767E-03,.738737,
,350,8.201577,34.12852,1487.947,26.55955,1.525922E-03,.7395066,
,350.5,8.19119,34.12616,1487.913,26.55926,1.526193E-03,.7402762,
,351,8.178934,34.12478,1487.873,26.56006,1.525495E-03,.7410455,
,351.5,8.165987,34.12395,1487.832,26.56137,1.524277E-03,.7418146,
,352,8.150751,34.12496,1487.784,26.56441,1.521334E-03,.7425824,
,352.5,8.138227,34.12688,1487.747,26.56776,1.518155E-03,.7433487,
,353,8.128402,34.12971,1487.722,26.57143,1.51474E-03,.7441137,
,353.5,8.121808,34.1328,1487.709,26.57487,1.511551E-03,.7448766,
,354,8.116506,34.13596,1487.701,26.57818,1.508479E-03,.7456387,
,354.5,8.108768,34.13719,1487.682,26.58037,1.506401E-03,.7463987,
,355,8.102834,34.1381,1487.669,26.58197,1.504874E-03,.7471581,
,355.5,8.098289,34.13868,1487.661,26.58306,1.503842E-03,.7479169,
,356,8.08282,34.13807,1487.61,26.58486,1.502128E-03,.7486748,
,356.5,8.069098,34.13771,1487.566,26.58662,1.500455E-03,.7494319,
,357,8.058002,34.13764,1487.532,26.58824,1.498922E-03,.7501884,
,357.5,8.055104,34.13824,1487.531,26.58917,1.498132E-03,.7509441,
,358,8.05348,34.13892,1487.534,26.58985,1.497566E-03,.7516995,
,358.5,8.05183,34.13935,1487.536,26.59042,1.497099E-03,.7524546,
,359,8.049669,34.13943,1487.536,26.59092,1.496693E-03,.7532096,
,359.5,8.044804,34.13957,1487.526,26.59171,1.496019E-03,.7539642,
,360,8.036747,34.13912,1487.504,26.59254,1.495266E-03,.7547185,
,360.5,8.024563,34.13788,1487.464,26.59343,1.494417E-03,.7554724,
,361,8.009355,34.13707,1487.414,26.59506,1.492824E-03,.7562256,
,361.5,7.992476,34.13649,1487.358,26.59709,1.490834E-03,.7569783,
,362,7.975311,34.13523,1487.3,26.59864,1.489359E-03,.7577296,
,362.5,7.96385,34.13429,1487.263,26.59959,1.488484E-03,.7584806,
,363,7.95927,34.13374,1487.254,26.59982,1.488331E-03,.7592313,
,363.5,7.95163,34.1324,1487.231,26.59992,1.488242E-03,.7599819,
,364,7.939888,34.13105,1487.193,26.6006,1.48758E-03,.7607322,
,364.5,7.918931,34.12997,1487.121,26.60278,1.485441E-03,.7614819,
,365,7.906213,34.12928,1487.08,26.6041,1.484153E-03,.7622309,
,365.5,7.898894,34.12885,1487.06,26.60486,1.483424E-03,.7629793,
,366,7.88834,34.12817,1487.027,26.60594,1.482459E-03,.7637271,
,366.5,7.877495,34.12763,1486.994,26.60715,1.481344E-03,.7644746,
,367,7.867639,34.12773,1486.965,26.60861,1.479877E-03,.7652214,
,367.5,7.849761,34.12703,1486.904,26.61068,1.477894E-03,.7659671,
,368,7.836729,34.12639,1486.862,26.61209,1.476583E-03,.7667122,
,368.5,7.834781,34.12619,1486.863,26.61218,1.476576E-03,.767457,
,369,7.833086,34.12514,1486.864,26.61158,1.477218E-03,.7682019,
,369.5,7.829054,34.12445,1486.856,26.61165,1.477184E-03,.7689469,
,370,7.823349,34.12406,1486.842,26.61221,1.476644E-03,.7696919,
,370.5,7.817063,34.12519,1486.828,26.61399,1.475029E-03,.7704361,
,371,7.806809,34.12576,1486.798,26.61593,1.473231E-03,.7711796,
,371.5,7.793306,34.12583,1486.755,26.61795,1.471311E-03,.7719223,
,372,7.792409,34.12668,1486.761,26.61874,1.470634E-03,.7726642,
,372.5,7.790677,34.1272,1486.763,26.6194,1.470078E-03,.7734058,
,373,7.788085,34.12739,1486.762,26.61993,1.469647E-03,.7741472,
,373.5,7.785819,34.12758,1486.761,26.62046,1.469198E-03,.7748883,
,374,7.783733,34.12783,1486.762,26.62102,1.468726E-03,.7756293,
,374.5,7.784371,34.12933,1486.775,26.62205,1.467812E-03,.7763697,
,375,7.784417,34.13064,1486.785,26.62305,1.466963E-03,.7771099,
,375.5,7.783537,34.13166,1486.791,26.62401,1.466216E-03,.7778496,
,376,7.798057,34.13523,1486.859,26.62471,1.465715E-03,.778589,
,376.5,7.806019,34.13782,1486.901,26.62559,1.465033E-03,.779328,
,377,7.808995,34.13967,1486.923,26.62661,1.46421E-03,.7800669,
,377.5,7.811237,34.14156,1486.942,26.62771,1.463219E-03,.780805,
,378,7.81301,34.14318,1486.959,26.6287,1.462366E-03,.7815429,
,378.5,7.81341,34.14399,1486.97,26.62933,1.461916E-03,.7822804,
,379,7.810656,34.1442,1486.968,26.62989,1.461483E-03,.7830176,
,379.5,7.805665,34.14352,1486.957,26.63004,1.46139E-03,.7837548,
,380,7.798813,34.1414,1486.936,26.62935,1.462027E-03,.7844921,
,380.5,7.783857,34.13842,1486.884,26.6292,1.462099E-03,.7852295,
,381,7.771149,34.13529,1486.84,26.6286,1.462613E-03,.7859672,
,381.5,7.763117,34.13212,1486.814,26.62729,1.46385E-03,.7867051,
,382,7.757302,34.13087,1486.798,26.6272,1.463986E-03,.7874434,
,382.5,7.751941,34.13004,1486.785,26.62737,1.463875E-03,.7881818,
,383,7.747002,34.12997,1486.775,26.62803,1.463318E-03,.7889199,
,383.5,7.742537,34.13013,1486.766,26.62878,1.462671E-03,.7896579,
,384,7.738782,34.13067,1486.761,26.62967,1.461888E-03,.7903955,
,384.5,7.734841,34.13079,1486.754,26.63035,1.461255E-03,.7911327,
,385,7.730524,34.13083,1486.746,26.63106,1.460589E-03,.7918696,
,385.5,7.724688,34.1312,1486.733,26.63222,1.459552E-03,.792606,
,386,7.717152,34.13139,1486.712,26.63345,1.458448E-03,.7933419,
,386.5,7.707873,34.13143,1486.685,26.63476,1.457275E-03,.7940773,
,387,7.700202,34.13169,1486.665,26.63612,1.455996E-03,.7948119,
,387.5,7.693117,34.13207,1486.646,26.63754,1.454646E-03,.7955462,
,388,7.684692,34.13317,1486.624,26.63957,1.452718E-03,.7962793,
,388.5,7.674775,34.13477,1486.596,26.64223,1.450199E-03,.7970113,
,389,7.664168,34.13671,1486.567,26.64529,1.447302E-03,.7977424,
,389.5,7.657533,34.13828,1486.552,26.64746,1.445246E-03,.7984719,
,390,7.655347,34.13865,1486.552,26.64807,1.444774E-03,.7992007,
,390.5,7.654711,34.13857,1486.558,26.64811,1.444845E-03,.7999294,
,391,7.654688,34.13823,1486.566,26.64783,1.445112E-03,.8006583,
,391.5,7.654194,34.13785,1486.572,26.64758,1.445416E-03,.8013874,
,392,7.653384,34.13744,1486.576,26.64737,1.445745E-03,.8021166,
,392.5,7.651453,34.13704,1486.577,26.6474,1.445779E-03,.8028458,
,393,7.6489,34.13673,1486.575,26.64758,1.445658E-03,.803575,
,393.5,7.644141,34.13682,1486.565,26.64827,1.445002E-03,.8043041,
,394,7.638801,34.13682,1486.553,26.64901,1.444335E-03,.8050328,
,394.5,7.633039,34.13675,1486.539,26.64979,1.443664E-03,.8057613,
,395,7.627434,34.13638,1486.526,26.65034,1.443141E-03,.8064893,
,395.5,7.621235,34.13602,1486.51,26.65095,1.442584E-03,.8072171,
,396,7.61433,34.13568,1486.491,26.65165,1.441988E-03,.8079447,
,396.5,7.600841,34.13539,1486.448,26.6534,1.44034E-03,.8086714,
,397,7.586898,34.13495,1486.402,26.65508,1.438746E-03,.8093978,
,397.5,7.574416,34.13381,1486.361,26.65596,1.437904E-03,.8101233,
,398,7.563525,34.13283,1486.327,26.65672,1.437128E-03,.8108484,
,398.5,7.553313,34.132,1486.295,26.6575,1.436332E-03,.8115731,
,399,7.54244,34.13168,1486.261,26.65885,1.435117E-03,.8122972,
,399.5,7.533042,34.13177,1486.234,26.66029,1.433789E-03,.8130209,
,400,7.525939,34.13248,1486.216,26.66187,1.432284E-03,.8137437,
,400.5,7.519583,34.13285,1486.2,26.66305,1.431168E-03,.8144661,
,401,7.513856,34.13294,1486.187,26.66388,1.430378E-03,.8151879,
,401.5,7.504637,34.13246,1486.159,26.66483,1.429537E-03,.8159091,
,402,7.498544,34.13208,1486.143,26.66544,1.429001E-03,.8166301,
,402.5,7.497409,34.13192,1486.147,26.66553,1.428913E-03,.8173509,
,403,7.495586,34.13248,1486.149,26.66617,1.428432E-03,.8180715,
,403.5,7.493292,34.13296,1486.149,26.66685,1.427886E-03,.818792,
,404,7.489887,34.13325,1486.145,26.66758,1.427188E-03,.8195121,
,404.5,7.489518,34.13381,1486.152,26.66808,1.426796E-03,.820232,
,405,7.490942,34.13453,1486.167,26.66844,1.426585E-03,.8209517,
,405.5,7.488724,34.13412,1486.166,26.66846,1.42663E-03,.8216714,
,406,7.487369,34.13399,1486.169,26.66857,1.426591E-03,.822391,
,406.5,7.4889,34.13474,1486.184,26.66896,1.426287E-03,.8231106,
,407,7.487295,34.1348,1486.187,26.66924,1.426087E-03,.82383,
,407.5,7.485346,34.13477,1486.188,26.6695,1.425909E-03,.8245494,
,408,7.486284,34.13534,1486.2,26.66983,1.425672E-03,.8252687,
,408.5,7.485539,34.13498,1486.205,26.66965,1.425958E-03,.825988,
,409,7.484334,34.13432,1486.208,26.66928,1.426427E-03,.8267074,
,409.5,7.485235,34.13406,1486.219,26.66894,1.426744E-03,.827427,
,410,7.485245,34.13377,1486.227,26.6687,1.426985E-03,.8281468,
,410.5,7.483076,34.13338,1486.227,26.6687,1.427039E-03,.8288667,
,411,7.480799,34.13326,1486.226,26.6689,1.426905E-03,.8295865,
,411.5,7.478361,34.13354,1486.226,26.66941,1.426487E-03,.8303062,
,412,7.475142,34.13339,1486.221,26.66975,1.426227E-03,.8310258,
,412.5,7.471613,34.13306,1486.216,26.67002,1.426029E-03,.8317453,
,413,7.469306,34.13327,1486.216,26.6705,1.425697E-03,.8324645,
,413.5,7.466887,34.1335,1486.215,26.67102,1.42532E-03,.8331836,
,414,7.463535,34.13359,1486.21,26.67162,1.42482E-03,.8339025,
,414.5,7.462098,34.13403,1486.214,26.67219,1.424347E-03,.8346213,
,415,7.462104,34.13473,1486.223,26.67273,.0014239,.8353397,
,415.5,7.460989,34.13456,1486.227,26.6728,1.423826E-03,.836058,
,416,7.460197,34.13443,1486.232,26.67283,1.42383E-03,.8367763,
,416.5,7.460161,34.13438,1486.24,26.67276,1.424017E-03,.8374947,
,417,7.45966,34.13429,1486.246,26.67276,1.424105E-03,.8382131,
,417.5,7.458711,34.13416,1486.251,26.67282,1.424099E-03,.8389315,
,418,7.456066,34.13424,1486.249,26.67327,1.423737E-03,.8396497,
,418.5,7.452323,34.13445,1486.243,26.67397,1.423147E-03,.8403679,
,419,7.447115,34.13468,1486.232,26.67485,1.422305E-03,.8410856,
,419.5,7.442208,34.13519,1486.222,26.6759,1.421358E-03,.8418028,
,420,7.437691,34.13586,1486.214,26.67702,1.420365E-03,.8425198,
,420.5,7.434537,34.13656,1486.211,26.67804,1.419465E-03,.8432361,
,421,7.432416,34.13729,1486.212,26.67893,1.418681E-03,.843952,
,421.5,7.431504,34.13806,1486.218,26.67966,1.418035E-03,.8446675,
,422,7.429544,34.13865,1486.219,26.68041,1.417385E-03,.8453828,
,422.5,7.426438,34.13905,1486.216,26.68116,1.416732E-03,.8460976,
,423,7.423583,34.13919,1486.214,26.6817,1.416274E-03,.8468123,
,423.5,7.420961,34.13911,1486.212,26.68206,1.415999E-03,.8475268,
,424,7.420168,34.13892,1486.217,26.68201,1.416155E-03,.8482413,
,424.5,7.419611,34.13872,1486.223,26.68191,1.416361E-03,.8489558,
,425,7.417207,34.1386,1486.222,26.6822,1.416087E-03,.8496702,
,425.5,7.414911,34.13859,1486.221,26.68251,1.415812E-03,.8503845,
,426,7.412784,34.13873,1486.221,26.68287,1.415535E-03,.8510987,
,426.5,7.410399,34.13868,1486.22,26.68316,1.415314E-03,.8518128,
,427,7.407896,34.13853,1486.219,26.68343,1.41512E-03,.8525268,
,427.5,7.404624,34.13799,1486.214,26.68347,1.415144E-03,.8532408,
,428,7.400807,34.13747,1486.207,26.6836,1.415066E-03,.8539547,
,428.5,7.395537,34.13734,1486.195,26.68422,1.414479E-03,.8546684,
,429,7.387462,34.13699,1486.172,26.68507,1.413674E-03,.8553818,
,429.5,7.377731,34.13649,1486.142,26.68605,1.412739E-03,.856095,
,430,7.370793,34.13588,1486.123,26.68657,1.412298E-03,.8568075,
,430.5,7.364153,34.13525,1486.105,26.68702,1.411918E-03,.85752,
,431,7.355465,34.13425,1486.078,26.6875,1.411458E-03,.8582321,
,431.5,7.346778,34.13324,1486.052,26.68798,1.410999E-03,.8589442,
,432,7.334869,34.13287,1486.014,26.68932,1.409728E-03,.8596556,
,432.5,7.324166,34.13262,1485.981,26.69059,1.408523E-03,.8603666,
,433,7.316866,34.13264,1485.961,26.69164,1.407522E-03,.861077,
,433.5,7.313601,34.13324,1485.958,26.6926,1.406605E-03,.8617868,
,434,7.31135,34.13328,1485.957,26.69293,1.406347E-03,.8624965,
,434.5,7.309438,34.13317,1485.958,26.69308,1.406287E-03,.863206,
,435,7.308165,34.13347,1485.962,26.69349,1.406022E-03,.8639154,
,435.5,7.305264,34.13341,1485.959,26.69386,1.405745E-03,.8646247,
,436,7.300113,34.13286,1485.947,26.69416,1.405449E-03,.8653339,
,436.5,7.296121,34.13239,1485.939,26.69437,1.405276E-03,.866043,
,437,7.293699,34.132,1485.938,26.69444,1.40527E-03,.866752,
,437.5,7.288854,34.13138,1485.926,26.69462,1.40516E-03,.867461,
,438,7.283093,34.13068,1485.912,26.69487,1.404983E-03,.8681699,
,438.5,7.278173,34.13021,1485.9,26.69519,1.404666E-03,.8688787,
,439,7.274147,34.12986,1485.893,26.6955,1.404389E-03,.8695874,
,439.5,7.272405,34.12983,1485.894,26.69574,1.404215E-03,.8702959,
,440,7.270501,34.12976,1485.895,26.69595,1.404065E-03,.8710043,
,440.5,7.268033,34.12954,1485.894,26.69607,1.404004E-03,.8717127,
,441,7.265754,34.12936,1485.893,26.6962,1.403927E-03,.8724211,
,441.5,7.264853,34.12947,1485.898,26.69646,1.403734E-03,.8731293,
,442,7.26406,34.12954,1485.903,26.69666,1.403626E-03,.8738375,
,442.5,7.263577,34.12947,1485.91,26.69666,1.403759E-03,.8745458,
,443,7.262972,34.12942,1485.916,26.6967,1.403765E-03,.875254,
,443.5,7.262287,34.12938,1485.921,26.69678,1.403688E-03,.8759623,
,444,7.261903,34.12956,1485.928,26.69699,1.403547E-03,.8766704,
,444.5,7.261397,34.12972,1485.935,26.69718,1.403442E-03,.8773786,
,445,7.260563,34.12981,1485.94,26.69733,1.403436E-03,.8780867,
,445.5,7.260112,34.13003,1485.947,26.69757,1.403304E-03,.8787947,
,446,7.25991,34.13034,1485.955,26.69786,1.403092E-03,.8795028,
,446.5,7.258269,34.13035,1485.957,26.69808,1.402879E-03,.8802106,
,447,7.256611,34.13038,1485.959,26.69831,1.402684E-03,.8809184,
,447.5,7.255244,34.13054,1485.962,26.6986,1.402543E-03,.8816261,
,448,7.251482,34.13076,1485.956,26.69933,1.40191E-03,.8823335,
,448.5,7.245651,34.13103,1485.942,26.70044,1.400852E-03,.8830407,
,449,7.241643,34.13142,1485.936,26.70128,1.400102E-03,.8837472,
,449.5,7.238083,34.13185,1485.931,26.70207,1.399422E-03,.8844536,
,450,7.232418,34.13253,1485.918,26.70338,1.398241E-03,.8851592,
,450.5,7.22474,34.1331,1485.897,26.7049,1.396811E-03,.8858643,
,451,7.214675,34.13354,1485.868,26.70666,1.395084E-03,.8865687,
,451.5,7.209016,34.13409,1485.855,26.7079,1.393927E-03,.8872724,
,452,7.205758,34.13471,1485.851,26.70886,1.393081E-03,.8879756,
,452.5,7.205081,34.13456,1485.857,26.70886,1.39314E-03,.8886785,
,453,7.204884,34.13442,1485.864,26.70881,1.39327E-03,.8893815,
,453.5,7.206101,34.13432,1485.877,26.70859,1.393612E-03,.8900846,
,454,7.206714,34.13433,1485.888,26.7085,1.393789E-03,.8907878,
,454.5,7.20691,34.13441,1485.897,26.7085,1.393852E-03,.8914911,
,455,7.206048,34.1349,1485.902,26.70901,1.393422E-03,.8921942,
,455.5,7.205206,34.13533,1485.908,26.70948,1.393029E-03,.8928972,
,456,7.20454,34.13535,1485.914,26.70961,1.392964E-03,.8936001,
,456.5,7.20401,34.13533,1485.92,26.70967,1.392968E-03,.894303,
,457,7.204473,34.13498,1485.93,26.70926,1.393468E-03,.8950061,
,457.5,7.204891,34.13464,1485.939,26.70892,1.393898E-03,.8957092,
,458,7.205203,34.13434,1485.948,26.7087,1.394164E-03,.8964126,
,458.5,7.205097,34.13467,1485.957,26.709,1.393951E-03,.8971159,
,459,7.204616,34.13544,1485.964,26.70966,1.393393E-03,.8978193,
,459.5,7.202033,34.13679,1485.964,26.71104,1.392151E-03,.8985219,
,460,7.199735,34.13756,1485.964,26.71195,1.391359E-03,.8992242,
,460.5,7.197771,34.13765,1485.965,26.71229,1.391096E-03,.8999262,
,461,7.197721,34.13743,1485.973,26.71212,1.391312E-03,.9006283,
,461.5,7.198639,34.13705,1485.984,26.7117,1.391769E-03,.9013304,
,462,7.197115,34.13599,1485.985,26.71105,1.392444E-03,.902033,
,462.5,7.195707,34.13519,1485.987,26.71061,1.392945E-03,.9027357,
,463,7.195132,34.13524,1485.994,26.71076,1.392938E-03,.9034385,
,463.5,7.192948,34.13515,1485.993,26.71102,1.392747E-03,.9041413,
,464,7.189525,34.13496,1485.988,26.71136,1.392414E-03,.904844,
,464.5,7.188098,34.13513,1485.991,26.7117,1.392191E-03,.9055465,
,465,7.187167,34.1354,1485.996,26.71203,1.391996E-03,.906249,
,465.5,7.18543,34.13561,1485.998,26.71239,1.391658E-03,.9069513,
,466,7.183147,34.13598,1485.998,26.71297,1.391118E-03,.9076534,
,466.5,7.179343,34.13683,1485.993,26.71422,1.389995E-03,.908355,
,467,7.174622,34.13695,1485.983,26.71498,1.389301E-03,.9090563,
,467.5,7.169768,34.13662,1485.972,26.71537,1.388949E-03,.9097573,
,468,7.16728,34.13647,1485.971,26.71558,1.388876E-03,.9104581,
,468.5,7.162317,34.13577,1485.959,26.71573,1.388776E-03,.911159,
,469,7.153793,34.13428,1485.932,26.7158,1.388635E-03,.9118597,
,469.5,7.149805,34.1339,1485.925,26.71604,1.388419E-03,.9125603,
,470,7.147792,34.13401,1485.925,26.71636,1.388171E-03,.9132609,
,470.5,7.144514,34.13421,1485.921,26.71696,1.387666E-03,.9139612,
,471,7.140903,34.13443,1485.916,26.71762,1.387094E-03,.9146614,
,471.5,7.137232,34.13671,1485.913,26.71998,1.38493E-03,.9153604,
,472,7.133206,34.13882,1485.908,26.72223,1.382846E-03,.9160591,
,472.5,7.127128,34.1394,1485.894,26.7235,1.381646E-03,.9167565,
,473,7.125724,34.13979,1485.897,26.724,1.381202E-03,.9174537,
,473.5,7.127429,34.14003,1485.912,26.724,1.38126E-03,.9181507,
,474,7.125619,34.13779,1485.911,26.72249,1.382748E-03,.9188483,
,474.5,7.123745,34.13526,1485.909,26.72074,1.384472E-03,.9195463,
,475,7.124505,34.13448,1485.919,26.71994,1.385322E-03,.9202451,
,475.5,7.118901,34.13531,1485.907,26.72141,1.38392E-03,.9209436,
,476,7.111044,34.13665,1485.886,26.72357,1.381876E-03,.9216413,
,476.5,7.100831,34.13852,1485.857,26.72644,1.37916E-03,.9223383,
,477,7.098343,34.13843,1485.856,26.72668,1.378981E-03,.9230343,
,477.5,7.096866,34.13794,1485.858,26.72648,1.379227E-03,.9237303,
,478,7.097057,34.13623,1485.865,26.72513,1.380557E-03,.9244268,
,478.5,7.096211,34.13448,1485.868,26.72391,1.381772E-03,.9251236,
,479,7.092252,34.13262,1485.858,26.72306,1.382639E-03,.9258212,
,479.5,7.089619,34.13125,1485.855,26.72237,1.38335E-03,.926519,
,480,7.088151,34.13032,1485.856,26.72183,1.383924E-03,.9272172,
,480.5,7.085438,34.12978,1485.853,26.72173,1.384017E-03,.9279156,
,481,7.082282,34.12934,1485.849,26.7218,1.38397E-03,.9286141,
,481.5,7.078363,34.12906,1485.842,26.72216,1.383689E-03,.9293124,
,482,7.074729,34.12935,1485.836,26.72286,1.38309E-03,.9300104,
,482.5,7.071254,34.12996,1485.832,26.72375,1.382314E-03,.9307083,
,483,7.066308,34.13053,1485.822,26.72491,1.381212E-03,.9314055,
,483.5,7.063207,34.13127,1485.819,26.72592,1.38029E-03,.9321023,
,484,7.061782,34.13217,1485.823,26.7268,1.379534E-03,.9327987,
,484.5,7.060977,34.13249,1485.828,26.72718,1.379309E-03,.9334949,
,485,7.059688,34.13268,1485.832,26.72752,1.37907E-03,.9341909,
,485.5,7.057488,34.13266,1485.832,26.72781,1.378793E-03,.9348868,
,486,7.055503,34.13263,1485.832,26.72805,1.378603E-03,.9355825,
,486.5,7.053635,34.13259,1485.833,26.72826,1.378461E-03,.9362782,
,487,7.048482,34.13283,1485.822,26.7292,1.377575E-03,.9369735,
,487.5,7.041408,34.13288,1485.803,26.73024,1.376586E-03,.9376684,
,488,7.032395,34.13269,1485.776,26.73133,1.375541E-03,.938363,
,488.5,7.030425,34.13305,1485.777,26.73183,1.375148E-03,.9390571,
,489,7.026224,34.13308,1485.769,26.7324,1.374643E-03,.9397509,
,489.5,7.020116,34.13282,1485.754,26.73302,1.374042E-03,.9404445,
,490,7.017152,34.13375,1485.752,26.7342,1.373068E-03,.9411376,
,490.5,7.014741,34.13451,1485.751,26.73515,1.372255E-03,.9418305,
,491,7.013394,34.1349,1485.755,26.73564,1.371781E-03,.9425228,
,491.5,7.014059,34.13589,1485.767,26.73635,1.371188E-03,.9432149,
,492,7.01605,34.13729,1485.785,26.73719,1.370516E-03,.9439068,
,492.5,7.016975,34.13827,1485.798,26.73784,1.369977E-03,.9445983,
,493,7.018039,34.13918,1485.812,26.73841,1.369546E-03,.9452896,
,493.5,7.019807,34.14004,1485.828,26.73887,1.369322E-03,.9459807,
,494,7.020445,34.13999,1485.839,26.73873,1.369465E-03,.9466718,
,494.5,7.020228,34.13956,1485.846,26.7384,1.369721E-03,.947363,
,495,7.018397,34.1392,1485.846,26.7384,1.369793E-03,.9480543,
,495.5,7.012462,34.13947,1485.832,26.7394,1.368921E-03,.9487453,
,496,7.003951,34.13999,1485.808,26.74094,1.367492E-03,.9494358,
,496.5,6.992589,34.14048,1485.773,26.74286,1.365519E-03,.9501253,
,497,6.986414,34.14078,1485.758,26.74396,1.364471E-03,.9508143,
,497.5,6.982977,34.14096,1485.753,26.74462,1.363912E-03,.9515028,
,498,6.985522,34.1406,1485.771,26.74396,1.364603E-03,.9521915,
,498.5,6.985318,34.13992,1485.777,26.74344,1.365162E-03,.9528803,
,499,6.980381,34.13871,1485.765,26.74319,1.365467E-03,.9535692,
,499.5,6.968495,34.13746,1485.725,26.74388,1.364811E-03,.9542581,
,500,6.956215,34.13646,1485.685,26.7448,1.363907E-03,.9549468,
,500.5,6.944586,34.13586,1485.647,26.74591,1.36278E-03,.9556348,
,501,6.935804,34.1354,1485.621,26.74673,1.361942E-03,.9563224,
,501.5,6.927945,34.13501,1485.598,26.74747,1.361184E-03,.9570097,
,502,6.926352,34.13537,1485.6,26.74796,1.360843E-03,.9576966,
,502.5,6.923771,34.13549,1485.599,26.74841,1.360499E-03,.9583833,
,503,6.9192,34.13514,1485.589,26.74878,1.360145E-03,.9590698,
,503.5,6.914089,34.13579,1485.578,26.74999,1.358999E-03,.9597559,
,504,6.908308,34.13681,1485.565,26.75158,1.35749E-03,.9604415,
,504.5,6.901742,34.1375,1485.549,26.75303,1.356123E-03,.9611263,
,505,6.899566,34.13831,1485.55,26.75398,1.355305E-03,.9618105,
,505.5,6.896949,34.13903,1485.549,26.75484,1.35458E-03,.9624943,
,506,6.894016,34.13913,1485.546,26.7553,1.354186E-03,.9631779,
,506.5,6.89151,34.13869,1485.544,26.7553,1.354182E-03,.9638614,
,507,6.892131,34.13834,1485.554,26.75493,1.354602E-03,.964545,
,507.5,6.889678,34.1376,1485.552,26.75467,1.354914E-03,.9652287,
,508,6.884771,34.13658,1485.54,26.75454,1.355105E-03,.9659126,
,508.5,6.881043,34.13643,1485.534,26.75502,1.354646E-03,.9665964,
,509,6.877099,34.13641,1485.526,26.75558,1.354153E-03,.9672799,
,509.5,6.872955,34.13653,1485.519,26.75621,1.353627E-03,.9679633,
,510,6.868078,34.13707,1485.509,26.75729,1.352602E-03,.968646,
,510.5,6.863561,34.13771,1485.5,26.75839,1.351577E-03,.9693286,
,511,6.859955,34.13857,1485.496,26.75951,1.350591E-03,.9700105,
,511.5,6.856177,34.13882,1485.49,26.76021,1.349943E-03,.9706919,
,512,6.852346,34.13882,1485.483,26.76073,1.349439E-03,.9713732,
,512.5,6.848505,34.13801,1485.475,26.76056,1.349592E-03,.9720543,
,513,6.846452,34.13767,1485.475,26.76061,1.349595E-03,.9727355,
,513.5,6.844428,34.1374,1485.475,26.76071,1.349581E-03,.9734167,
,514,6.840211,34.1366,1485.466,26.76062,1.349768E-03,.9740978,
,514.5,6.840158,34.13654,1485.474,26.76062,1.349856E-03,.9747791,
,515,6.837574,34.13612,1485.472,26.76071,1.349771E-03,.9754604,
,515.5,6.83422,34.13579,1485.467,26.76089,1.349595E-03,.9761416,
,516,6.83066,34.13553,1485.461,26.76111,1.349385E-03,.9768228,
,516.5,6.830286,34.13543,1485.468,26.76111,1.349465E-03,.9775039,
,517,6.827576,34.13503,1485.465,26.76118,1.349482E-03,.978185,
,517.5,6.824452,34.13521,1485.461,26.76173,1.349054E-03,.978866,
,518,6.821336,34.13597,1485.458,26.7627,1.348198E-03,.9795467,
,518.5,6.817009,34.13639,1485.45,26.76357,1.347369E-03,.9802271,
,519,6.814246,34.13644,1485.448,26.76405,1.346905E-03,.980907,
,519.5,6.811572,34.13628,1485.446,26.76428,1.346727E-03,.9815868,
,520,6.808559,34.13592,1485.442,26.76431,1.346766E-03,.9822665,
,520.5,6.804396,34.1354,1485.433,26.76451,1.346578E-03,.9829462,
,521,6.803647,34.13454,1485.438,26.76391,1.347214E-03,.9836261,
,521.5,6.802503,34.13404,1485.441,26.76367,1.347515E-03,.9843062,
,522,6.800655,34.13377,1485.442,26.76372,1.347529E-03,.9849864,
,522.5,6.796397,34.13367,1485.433,26.76423,1.347047E-03,.9856663,
,523,6.792468,34.13365,1485.426,26.76476,1.346567E-03,.9863461,
,523.5,6.789026,34.13374,1485.421,26.76534,1.346089E-03,.9870257,
,524,6.78842,34.1342,1485.428,26.76583,1.345699E-03,.9877051,
,524.5,6.786443,34.1343,1485.428,26.76619,1.345361E-03,.9883842,
,525,6.782323,34.13398,1485.42,26.76645,1.345046E-03,.9890632,
,525.5,6.778902,34.1344,1485.416,26.76719,1.344427E-03,.9897419,
,526,6.772455,34.1344,1485.399,26.76807,1.343603E-03,.9904203,
,526.5,6.767075,34.13471,1485.386,26.76903,1.342731E-03,.9910983,
,527,6.763991,34.13549,1485.384,26.77,1.341884E-03,.9917758,
,527.5,6.762709,34.13621,1485.388,26.77075,1.341169E-03,.992453,
,528,6.759481,34.13679,1485.384,26.77162,1.340419E-03,.9931297,
,528.5,6.755766,34.13662,1485.378,26.77203,1.340068E-03,.9938062,
,529,6.751466,34.13621,1485.369,26.77233,1.339795E-03,.9944825,
,529.5,6.745727,34.13638,1485.355,26.77324,1.339018E-03,.9951586,
,530,6.736752,34.13647,1485.328,26.77457,1.337768E-03,.9958341,
,530.5,6.731386,34.13761,1485.317,26.77618,1.336284E-03,.996509,
,531,6.730108,34.13932,1485.323,26.77766,1.334931E-03,.9971832,
,531.5,6.72864,34.13943,1485.326,26.77793,1.33458E-03,.997857,
,532,6.729947,34.14013,1485.34,26.77833,1.334333E-03,.9985306,
,532.5,6.729819,34.14029,1485.348,26.77847,1.334283E-03,.9992041,
,533,6.727406,34.13965,1485.346,26.77825,1.334488E-03,.9998777,
,533.5,6.72744,34.1403,1485.355,26.77877,1.33411E-03,1.000551,
,534,6.72617,34.14089,1485.359,26.77944,1.333584E-03,1.001225,
,534.5,6.719439,34.14037,1485.341,26.77995,1.333088E-03,1.001898,
,535,6.713807,34.14098,1485.328,26.78115,1.33195E-03,1.00257,
,535.5,6.705041,34.14054,1485.301,26.78199,1.331112E-03,1.003242,
,536,6.693518,34.13886,1485.262,26.78226,1.330783E-03,1.003914,
,536.5,6.687717,34.13814,1485.247,26.78242,1.330623E-03,1.004586,
,537,6.681003,34.13721,1485.228,26.78253,1.33046E-03,1.005257,
,537.5,6.673602,34.13646,1485.206,26.78288,1.330075E-03,1.005929,
,538,6.665329,34.13678,1485.183,26.78426,1.32885E-03,1.0066,
,538.5,6.659263,34.13667,1485.167,26.78499,1.328175E-03,1.007271,
,539,6.654171,34.13588,1485.155,26.78505,1.328154E-03,1.007941,
,539.5,6.649527,34.13466,1485.143,26.78474,1.328512E-03,1.008612,
,540,6.644894,34.13407,1485.132,26.78502,1.328238E-03,1.009282,
,540.5,6.635947,34.13365,1485.105,26.78581,1.327479E-03,1.009952,
,541,6.629992,34.13373,1485.09,26.78663,1.326705E-03,1.010622,
,541.5,6.627678,34.13436,1485.09,26.78744,1.325943E-03,1.011292,
,542,6.627505,34.1349,1485.099,26.78791,1.325567E-03,1.011961,
,542.5,6.627232,34.13559,1485.107,26.7885,1.325096E-03,1.01263,
,543,6.626765,34.13636,1485.114,26.78917,1.324542E-03,1.013299,
,543.5,6.626185,34.13715,1485.121,26.78986,1.323965E-03,1.013968,
,544,6.623922,34.13764,1485.121,26.79054,1.323397E-03,1.014636,
,544.5,6.622836,34.13824,1485.126,26.79115,1.322853E-03,1.015303,
,545,6.623122,34.13899,1485.137,26.79171,1.322342E-03,1.015971,
,545.5,6.622962,34.13963,1485.145,26.79227,1.321894E-03,1.016639,
,546,6.623083,34.13959,1485.154,26.79218,1.322059E-03,1.017306,
,546.5,6.624677,34.13942,1485.168,26.7918,1.322501E-03,1.017973,
,547,6.625799,34.13933,1485.181,26.79156,1.32281E-03,1.018641,
,547.5,6.624684,34.13935,1485.185,26.79174,1.322722E-03,1.019309,
,548,6.623081,34.13987,1485.188,26.79239,1.322183E-03,1.019976,
,548.5,6.6208,34.14031,1485.188,26.79305,1.321584E-03,1.020644,
,549,6.61789,34.14062,1485.185,26.79369,1.320979E-03,1.021311,
,549.5,6.615361,34.13987,1485.182,26.79342,1.321224E-03,1.021978,
,550,6.613406,34.13956,1485.182,26.7934,1.321365E-03,1.022645,
,550.5,6.609669,34.13923,1485.176,26.7936,1.321282E-03,1.023312,
,551,6.603192,34.13917,1485.159,26.79445,1.320438E-03,1.023978,
,551.5,6.597209,34.14045,1485.145,26.79636,1.318551E-03,1.024645,
,552,6.584123,34.14059,1485.102,26.79817,1.316752E-03,1.02531,
,552.5,6.575464,34.14137,1485.078,26.79991,1.315106E-03,1.025974,
,553,6.570243,34.14262,1485.067,26.8016,1.313575E-03,1.026638,
,553.5,6.56593,34.14266,1485.058,26.80216,1.313054E-03,1.027301,
,554,6.563489,34.14324,1485.058,26.80292,1.31233E-03,1.027963,
,554.5,6.561664,34.14415,1485.06,26.80389,1.311426E-03,1.028625,
,555,6.556758,34.14419,1485.049,26.80462,1.310832E-03,1.029287,
,555.5,6.554107,34.14515,1485.048,26.80569,1.309813E-03,1.029949,
,556,6.551227,34.14555,1485.046,26.8064,1.309125E-03,1.03061,
,556.5,6.548083,34.1457,1485.042,26.80698,1.308594E-03,1.031271,
,557,6.543987,34.1459,1485.035,26.80771,1.308052E-03,1.031931,
,557.5,6.539792,34.14605,1485.027,26.80836,1.307438E-03,1.032591,
,558,6.53447,34.14586,1485.014,26.80888,1.306884E-03,1.033251,
,558.5,6.525196,34.14457,1484.984,26.80906,1.306701E-03,1.033911,
,559,6.517954,34.14335,1484.963,26.80908,1.306679E-03,1.034571,
,559.5,6.511162,34.14231,1484.943,26.80913,1.30663E-03,1.03523,
,560,6.504626,34.14145,1484.924,26.80926,1.306493E-03,1.03589,
,560.5,6.498749,34.14136,1484.909,26.81005,1.305743E-03,1.036549,
,561,6.496706,34.14145,1484.91,26.81043,1.305383E-03,1.037208,
,561.5,6.495966,34.14138,1484.915,26.81045,1.305426E-03,1.037867,
,562,6.49451,34.14092,1484.917,26.81019,1.305827E-03,1.038527,
,562.5,6.494367,34.14126,1484.925,26.81055,1.305478E-03,1.039186,
,563,6.493983,34.14146,1484.932,26.81078,1.305312E-03,1.039845,
,563.5,6.493622,34.14167,1484.94,26.81098,1.305192E-03,1.040503,
,564,6.493977,34.14226,1484.95,26.8114,1.304869E-03,1.041162,
,564.5,6.493559,34.14345,1484.958,26.8124,1.303995E-03,1.041821,
,565,6.49161,34.14459,1484.96,26.81355,1.302996E-03,1.042479,
,565.5,6.487504,34.14511,1484.953,26.81445,1.302221E-03,1.043137,
,566,6.488723,34.1454,1484.967,26.81455,1.302127E-03,1.043794,
,566.5,6.486713,34.14491,1484.966,26.81441,1.302307E-03,1.044452,
,567,6.483638,34.14426,1484.962,26.81427,1.302496E-03,1.045109,
,567.5,6.481565,34.14445,1484.962,26.81469,1.302087E-03,1.045766,
,568,6.481402,34.14464,1484.97,26.81487,1.301972E-03,1.046424,
,568.5,6.483857,34.1448,1484.988,26.81472,1.302259E-03,1.047081,
,569,6.481443,34.14527,1484.988,26.81539,1.301644E-03,1.047738,
,569.5,6.478062,34.14629,1484.984,26.81664,1.300505E-03,1.048395,
,570,6.473643,34.14759,1484.977,26.81826,1.299035E-03,1.049052,
,570.5,6.466751,34.14835,1484.959,26.8197,1.297667E-03,1.049707,
,571,6.465579,34.14875,1484.963,26.8202,1.297189E-03,1.050362,
,571.5,6.463407,34.14849,1484.963,26.82032,1.297146E-03,1.051017,
,572,6.460396,34.1477,1484.958,26.82011,1.297468E-03,1.051672,
,572.5,6.457239,34.14719,1484.953,26.82007,1.297532E-03,1.052327,
,573,6.453711,34.14701,1484.948,26.82036,1.297248E-03,1.052982,
,573.5,6.44978,34.14713,1484.941,26.82102,1.296616E-03,1.053637,
,574,6.446969,34.14639,1484.937,26.82082,1.296803E-03,1.054292,
,574.5,6.450281,34.14556,1484.957,26.81977,1.297954E-03,1.054947,
,575,6.450553,34.1443,1484.965,26.8187,1.299027E-03,1.055602,
,575.5,6.448401,34.14281,1484.963,26.81774,1.299926E-03,1.056258,
,576,6.444082,34.14182,1484.953,26.81758,1.30006E-03,1.056915,
,576.5,6.439218,34.14146,1484.942,26.81799,1.299706E-03,1.057571,
,577,6.433657,34.14191,1484.929,26.8191,1.298727E-03,1.058227,
,577.5,6.419972,34.14173,1484.883,26.82072,1.297045E-03,1.058882,
,578,6.410477,34.14148,1484.854,26.82175,1.295994E-03,1.059537,
,578.5,6.404072,34.14054,1484.835,26.82181,1.295932E-03,1.060191,
,579,6.395195,34.13853,1484.806,26.82133,1.296383E-03,1.060845,
,579.5,6.389247,34.13779,1484.79,26.82159,1.29613E-03,1.0615,
,580,6.383014,34.13755,1484.774,26.82223,1.295471E-03,1.062154,
,580.5,6.377291,34.13756,1484.759,26.82298,1.294709E-03,1.062808,
,581,6.375096,34.13797,1484.76,26.82362,1.294167E-03,1.063462,
,581.5,6.373445,34.13808,1484.761,26.82391,1.293969E-03,1.064115,
,582,6.372365,34.13818,1484.766,26.82409,1.293875E-03,1.064768,
,582.5,6.372084,34.13876,1484.774,26.82455,1.293518E-03,1.065421,
,583,6.36852,34.13879,1484.768,26.82508,1.293026E-03,1.066074,
,583.5,6.364174,34.13889,1484.759,26.82572,1.292412E-03,1.066727,
,584,6.359001,34.13906,1484.747,26.82651,1.29166E-03,1.067379,
,584.5,6.349317,34.13905,1484.718,26.82779,1.290366E-03,1.068031,
,585,6.34284,34.13932,1484.701,26.82883,1.289387E-03,1.068682,
,585.5,6.339171,34.13971,1484.695,26.82958,1.288748E-03,1.069333,
,586,6.337145,34.13918,1484.695,26.82949,1.288825E-03,1.069984,
,586.5,6.336473,34.13837,1484.699,26.82895,1.289387E-03,1.070635,
,587,6.333229,34.13734,1484.693,26.82855,1.289787E-03,1.071286,
,587.5,6.32413,34.13605,1484.664,26.82873,1.289534E-03,1.071937,
,588,6.31684,34.13686,1484.645,26.8303,1.288041E-03,1.072588,
,588.5,6.309599,34.13747,1484.625,26.83171,1.286747E-03,1.073238,
,589,6.302308,34.13773,1484.605,26.83283,1.285753E-03,1.073887,
,589.5,6.301094,34.13821,1484.609,26.83338,1.285229E-03,1.074536,
,590,6.298139,34.13835,1484.606,26.83389,1.28475E-03,1.075185,
,590.5,6.293454,34.13823,1484.596,26.83439,1.284266E-03,1.075834,
,591,6.288197,34.13876,1484.584,26.83543,1.283281E-03,1.076482,
,591.5,6.283368,34.13929,1484.574,26.8365,1.282301E-03,1.07713,
,592,6.278954,34.13983,1484.566,26.83761,1.281325E-03,1.077777,
,592.5,6.276324,34.13989,1484.564,26.83798,1.28097E-03,1.078424,
,593,6.274313,34.14022,1484.564,26.83845,1.280563E-03,1.07907,
,593.5,6.272701,34.14081,1484.567,26.83905,1.280064E-03,1.079717,
,594,6.270305,34.14181,1484.567,26.84017,1.279001E-03,1.080363,
,594.5,6.267378,34.14288,1484.565,26.8414,1.277878E-03,1.081008,
,595,6.264085,34.14393,1484.562,26.84264,1.276778E-03,1.081654,
,595.5,6.262627,34.14347,1484.564,26.84247,1.277017E-03,1.082298,
,596,6.261024,34.14314,1484.565,26.84241,1.277154E-03,1.082943,
,596.5,6.257597,34.1428,1484.56,26.8426,1.27698E-03,1.083588,
,597,6.250159,34.14234,1484.538,26.84324,1.276221E-03,1.084233,
,597.5,6.246654,34.14188,1484.532,26.84332,1.276155E-03,1.084877,
,598,6.244441,34.14136,1484.531,26.84319,1.276333E-03,1.085521,
,598.5,6.243046,34.14057,1484.533,26.84275,1.276748E-03,1.086166,
,599,6.23565,34.14064,1484.512,26.84374,1.275868E-03,1.08681,
,599.5,6.226794,34.14116,1484.486,26.84528,1.274443E-03,1.087454,
,600,6.218453,34.14217,1484.462,26.84718,1.272559E-03,1.088097,
,600.5,6.217239,34.14301,1484.467,26.84802,1.271819E-03,1.08874,
,601,6.215382,34.14271,1484.468,26.84801,1.271868E-03,1.089382,
,601.5,6.2133,34.14167,1484.466,26.84741,1.272462E-03,1.090024,
,602,6.212614,34.14147,1484.472,26.84734,1.272612E-03,1.090667,
