,0,21.49813,33.49715,1523.922,23.21625,4.649605E-03,0,
,.5,21.49813,33.49715,1523.922,23.21625,4.649605E-03,0,
,1,21.49813,33.49715,1523.922,23.21625,4.649605E-03,0,
,1.5,21.49813,33.49715,1523.922,23.21625,4.649605E-03,0,
,2,21.49813,33.49715,1523.922,23.21625,4.649605E-03,0,
,2.5,21.49813,33.49715,1523.922,23.21625,4.649605E-03,0,
,3,21.49813,33.49715,1523.922,23.21625,4.649605E-03,0,
,3.5,21.48802,33.49427,1523.893,23.21682,4.649091E-03,1.638084E-02,
,4,21.38445,33.47866,1523.607,23.23318,4.633673E-03,1.871447E-02,
,4.5,21.23585,33.46685,1523.203,23.26468,4.603781E-03,2.104098E-02,
,5,20.94451,33.4477,1522.4,23.32848,4.542981E-03,2.333051E-02,
,5.5,20.6165,33.42665,1521.495,23.40057,4.474243E-03,2.561055E-02,
,6,20.12512,33.41095,1520.123,23.51742,4.362826E-03,2.781126E-02,
,6.5,19.6,33.39635,1518.655,23.64351,.0042426,2.999558E-02,
,7,19.24915,33.37801,1517.652,23.71942,4.170323E-03,3.210564E-02,
,7.5,18.94516,33.35866,1516.774,23.78183,4.110939E-03,3.419572E-02,
,8,18.72498,33.34299,1516.134,23.8253,4.069622E-03,3.625603E-02,
,8.5,18.55831,33.32968,1515.646,23.85667,4.03984E-03,3.829732E-02,
,9,18.35141,33.31255,1515.034,23.89473,4.003677E-03,4.032164E-02,
,9.5,18.09309,33.29054,1514.264,23.94132,3.959361E-03,4.232427E-02,
,10,17.80622,33.27609,1513.412,23.99997,3.903546E-03,4.430182E-02,
,10.5,17.48146,33.27168,1512.452,24.07461,3.832469E-03,4.624606E-02,
,11,17.1406,33.26889,1511.438,24.15344,3.757417E-03,4.815784E-02,
,11.5,16.77721,33.26839,1510.348,24.23811,3.676797E-03,5.002414E-02,
,12,16.41138,33.26954,1509.245,24.32373,3.595293E-03,5.186043E-02,
,12.5,16.04097,33.27377,1508.116,24.4111,3.512131E-03,5.364047E-02,
,13,15.68875,33.27533,1507.037,24.49183,3.435312E-03,5.540301E-02,
,13.5,15.39743,33.26788,1506.122,24.55026,3.379734E-03,5.710699E-02,
,14,15.10612,33.26043,1505.207,24.6087,3.324155E-03,5.881096E-02,
,14.5,14.88505,33.25541,1504.505,24.65247,3.282562E-03,6.046237E-02,
,15,14.66697,33.25049,1503.813,24.69562,3.241563E-03,6.211154E-02,
,15.5,14.44507,33.24529,1503.101,24.73866,3.200633E-03,6.372945E-02,
,16,14.22173,33.23999,1502.383,24.78167,3.15973E-03,6.533545E-02,
,16.5,14.07077,33.24314,1501.905,24.81562,.0031275,6.691488E-02,
,17,13.94163,33.24885,1501.5,24.84684,3.097883E-03,.0684863,
,17.5,13.80107,33.2523,1501.052,24.87839,3.067945E-03,7.003284E-02,
,18,13.65816,33.25529,1500.596,24.91002,3.037941E-03,7.157426E-02,
,18.5,13.5429,33.25785,1500.228,24.9354,3.013841E-03,7.309476E-02,
,19,13.436,33.26028,1499.886,24.95889,2.991525E-03,7.460895E-02,
,19.5,13.31403,33.26357,1499.494,24.98589,2.965908E-03,7.610516E-02,
,20,13.18526,33.26722,1499.079,25.01447,2.938803E-03,7.759327E-02,
,20.5,13.04155,33.27037,1498.612,25.04542,2.909414E-03,.0790638,
,21,12.88682,33.27315,1498.106,25.07813,2.878337E-03,8.052135E-02,
,21.5,12.78144,33.27619,1497.765,25.10125,2.856422E-03,8.196764E-02,
,22,12.72328,33.27949,1497.582,25.1152,2.843267E-03,8.340315E-02,
,22.5,12.68305,33.27916,1497.454,25.12275,2.836257E-03,8.483296E-02,
,23,12.6485,33.27812,1497.345,25.1286,2.830863E-03,8.625999E-02,
,23.5,12.60259,33.28397,1497.205,25.14206,2.818054E-03,8.768035E-02,
,24,12.54928,33.28971,1497.04,25.15684,2.804071E-03,8.909577E-02,
,24.5,12.48559,33.29528,1496.839,25.17347,2.788446E-03,9.050429E-02,
,25,12.45016,33.29968,1496.733,25.18369,2.778756E-03,9.190539E-02,
,25.5,12.41923,33.30322,1496.641,25.19237,2.770526E-03,9.330295E-02,
,26,12.37369,33.30482,1496.496,25.2023,2.761213E-03,9.469524E-02,
,26.5,12.33794,33.30851,1496.387,25.21201,2.752076E-03,9.608278E-02,
,27,12.30756,33.31417,1496.299,25.2222,2.742484E-03,9.746643E-02,
,27.5,12.27989,33.32233,1496.223,25.23382,2.731606E-03,.0988446,
,28,12.25073,33.33067,1496.142,25.24592,2.720172E-03,.1002171,
,28.5,12.21819,33.33658,1496.047,25.25668,2.710056E-03,.1015825,
,29,12.18545,33.34192,1495.95,25.267,2.700359E-03,.102946,
,29.5,12.15581,33.34523,1495.861,25.27514,2.692719E-03,.1043021,
,30,12.12789,33.3482,1495.777,25.28271,2.685629E-03,.1056576,
,30.5,12.11147,33.34891,1495.73,25.28642,2.682227E-03,.1070085,
,31,12.09437,33.34903,1495.68,25.28977,2.67914E-03,.1083583,
,31.5,12.07655,33.34852,1495.627,25.29273,2.676385E-03,.1097067,
,32,12.03259,33.35275,1495.49,25.30431,2.665435E-03,.11105,
,32.5,11.98285,33.35653,1495.332,25.31661,2.653816E-03,.1123893,
,33,11.9268,33.35876,1495.151,25.32885,2.64229E-03,.1137222,
,33.5,11.89358,33.36105,1495.048,25.33683,2.634824E-03,.1150513,
,34,11.87973,33.36338,1495.011,25.34118,2.630802E-03,.1163772,
,34.5,11.861,33.36217,1494.954,25.34376,2.628423E-03,.1177011,
,35,11.84131,33.36023,1494.892,25.34596,.0026264,.1190242,
,35.5,11.82494,33.36042,1494.844,25.34917,2.623475E-03,.1203455,
,36,11.80711,33.36068,1494.791,25.3527,2.620257E-03,.1216656,
,36.5,11.78851,33.36152,1494.737,25.35682,2.616493E-03,.1229842,
,37,11.77727,33.36697,1494.713,25.36313,2.610557E-03,.1242998,
,37.5,11.752,33.37201,1494.64,25.37166,2.602522E-03,.1256118,
,38,11.72811,33.37761,1494.573,25.38038,2.594318E-03,.1269207,
,38.5,11.72351,33.38095,1494.569,25.38387,2.59114E-03,.128226,
,39,11.71767,33.38149,1494.558,25.38539,2.589786E-03,.1295301,
,39.5,11.71159,33.38241,1494.546,25.38724,2.588116E-03,.1308336,
,40,11.70684,33.38361,1494.539,25.38902,2.586535E-03,.1321363,
,40.5,11.70266,33.38454,1494.534,25.39051,2.585213E-03,.1334384,
,41,11.69886,33.3853,1494.531,25.39183,2.584057E-03,.1347398,
,41.5,11.69498,33.38617,1494.526,25.39327,2.582846E-03,.1360406,
,42,11.68791,33.38717,1494.512,25.39537,2.580966E-03,.1373402,
,42.5,11.68054,33.38818,1494.496,25.39754,2.579018E-03,.1386397,
,43,11.67525,33.38926,1494.487,25.39929,2.577449E-03,.1399374,
,43.5,11.66997,33.39034,1494.478,25.40105,2.57588E-03,.1412352,
,44,11.66331,33.39109,1494.464,25.40289,2.57429E-03,.1425314,
,44.5,11.65659,33.39183,1494.45,25.40473,2.572698E-03,.1438275,
,45,11.64429,33.39182,1494.416,25.40699,2.570608E-03,.1451219,
,45.5,11.63138,33.39172,1494.38,25.40929,2.568464E-03,.1464161,
,46,11.60978,33.39333,1494.315,25.41454,2.563566E-03,.147707,
,46.5,11.58707,33.39516,1494.247,25.42017,2.55832E-03,.1489974,
,47,11.54704,33.39663,1494.118,25.42866,2.550348E-03,.1502819,
,47.5,11.5039,33.39804,1493.979,25.43767,2.541888E-03,.1515654,
,48,11.47226,33.40069,1493.88,25.44551,2.534497E-03,.1528423,
,48.5,11.44299,33.40359,1493.79,25.4531,2.527326E-03,.1541179,
,49,11.41448,33.40408,1493.7,25.45868,2.522068E-03,.1553885,
,49.5,11.38613,33.40408,1493.61,25.46387,2.517188E-03,.1566582,
,50,11.36513,33.40474,1493.546,25.46815,2.51322E-03,.1579239,
,50.5,11.34411,33.40549,1493.482,25.47252,2.50918E-03,.1591889,
,51,11.32157,33.40679,1493.413,25.47763,2.504429E-03,.1604503,
,51.5,11.29811,33.40837,1493.341,25.48314,2.499304E-03,.1617108,
,52,11.26728,33.41227,1493.247,25.4918,2.491165E-03,.1629654,
,52.5,11.23645,33.41618,1493.152,25.50046,2.483026E-03,.1642199,
,53,11.16612,33.41858,1492.917,25.51491,2.46934E-03,.1654635,
,53.5,11.09391,33.4209,1492.675,25.52963,2.455391E-03,.1667066,
,54,11.05285,33.422,1492.541,25.53788,2.447612E-03,.1679398,
,54.5,11.01513,33.42321,1492.418,25.5456,2.440348E-03,.1691713,
,55,10.98484,33.42506,1492.322,25.5524,2.43399E-03,.1703978,
,55.5,10.95443,33.42737,1492.226,25.55959,2.427248E-03,.1716221,
,56,10.92377,33.43054,1492.13,25.56752,2.419766E-03,.1728421,
,56.5,10.90148,33.43445,1492.065,25.57452,2.413174E-03,.1740592,
,57,10.88725,33.43907,1492.029,25.58062,2.407438E-03,.1752733,
,57.5,10.86344,33.44285,1491.958,25.58772,2.400754E-03,.1764833,
,58,10.83917,33.44674,1491.885,25.595,2.393907E-03,.177691,
,58.5,10.82176,33.45184,1491.838,25.60208,2.387291E-03,.1788941,
,59,10.80695,33.45779,1491.801,25.60934,2.380509E-03,.1800948,
,59.5,10.796,33.46498,1491.78,25.61687,2.373479E-03,.1812919,
,60,10.78321,33.47011,1491.749,25.62314,2.367599E-03,.1824855,
,60.5,10.77085,33.47423,1491.718,25.62857,2.362513E-03,.1836772,
,61,10.77754,33.47878,1491.756,25.63086,2.360486E-03,.1848662,
,61.5,10.77768,33.48401,1491.771,25.63492,2.356731E-03,.1860537,
,62,10.76909,33.49066,1491.757,25.64164,2.350431E-03,.1872391,
,62.5,10.75365,33.49895,1491.721,25.65076,2.341863E-03,.1884205,
,63,10.75262,33.50475,1491.732,25.65548,2.337446E-03,.1895988,
,63.5,10.74842,33.50351,1491.724,25.65531,2.337694E-03,.1907761,
,64,10.75689,33.50341,1491.762,25.65367,2.339361E-03,.1919536,
,64.5,10.74928,33.50453,1491.745,25.65587,2.337392E-03,.1931313,
,65,10.74471,33.50926,1491.743,25.66038,2.333219E-03,.1943074,
,65.5,10.74579,33.5104,1491.756,25.66111,2.332607E-03,.1954821,
,66,10.74492,33.50724,1491.758,25.65883,2.334866E-03,.1966574,
,66.5,10.75179,33.50428,1491.787,25.65532,2.338394E-03,.1978342,
,67,10.75415,33.50122,1491.8,25.65248,2.341264E-03,.1990123,
,67.5,10.74325,33.49928,1491.767,25.65283,2.340986E-03,.2001913,
,68,10.73188,33.4986,1491.735,25.65431,2.339653E-03,.2013697,
,68.5,10.71726,33.49723,1491.689,25.65589,2.338228E-03,.2025477,
,69,10.6961,33.49676,1491.622,25.65919,2.335145E-03,.2037241,
,69.5,10.67528,33.49714,1491.557,25.66311,2.331491E-03,.2048991,
,70,10.65578,33.49868,1491.498,25.66768,2.327208E-03,.2060724,
,70.5,10.65556,33.50117,1491.509,25.66967,2.325445E-03,.2072438,
,71,10.65702,33.5037,1491.525,25.67138,2.323926E-03,.2084146,
,71.5,10.65471,33.50584,1491.528,25.67345,2.322021E-03,.2095843,
,72,10.65401,33.50764,1491.536,25.67498,2.320646E-03,.2107534,
,72.5,10.65569,33.50893,1491.552,25.67574,2.32006E-03,.211922,
,73,10.65802,33.50956,1491.569,25.67584,2.320099E-03,.2130904,
,73.5,10.65983,33.51009,1491.584,25.67595,2.320125E-03,.2142587,
,74,10.65863,33.51097,1491.589,25.67687,2.319368E-03,.2154268,
,74.5,10.65663,33.5121,1491.592,25.67809,2.318298E-03,.2165946,
,75,10.65294,33.51374,1491.589,25.67997,2.316573E-03,.2177616,
,75.5,10.64948,33.51513,1491.587,25.68162,2.315094E-03,.2189279,
,76,10.64621,33.5163,1491.585,25.6831,2.313805E-03,.2200935,
,76.5,10.64509,33.51691,1491.59,25.68375,2.313295E-03,.2212586,
,77,10.64468,33.51733,1491.598,25.68413,2.313046E-03,.2224236,
,77.5,10.64484,33.51748,1491.607,25.68426,2.31304E-03,.2235885,
,78,10.64514,33.51756,1491.616,25.68433,2.313093E-03,.2247533,
,78.5,10.64506,33.51778,1491.624,25.68453,2.313018E-03,.2259182,
,79,10.64488,33.51825,1491.633,25.68493,2.312749E-03,.2270829,
,79.5,10.64445,33.5195,1491.641,25.68591,2.311885E-03,.2282474,
,80,10.64204,33.52032,1491.642,25.68695,2.310962E-03,.2294114,
,80.5,10.6395,33.52082,1491.641,25.68779,2.310241E-03,.2305752,
,81,10.63848,33.52081,1491.646,25.688,2.310164E-03,.2317386,
,81.5,10.63503,33.52026,1491.642,25.68818,2.31012E-03,.2329021,
,82,10.62908,33.51917,1491.627,25.6883,2.310109E-03,.2340654,
,82.5,10.61771,33.51804,1491.594,25.68941,2.309136E-03,.2352284,
,83,10.60343,33.5169,1491.55,25.69103,2.307645E-03,.2363911,
,83.5,10.58843,33.51575,1491.504,25.69276,2.306093E-03,.2375527,
,84,10.57311,33.51462,1491.456,25.69453,2.304514E-03,.2387138,
,84.5,10.56371,33.51403,1491.431,25.69571,2.30351E-03,.2398742,
,85,10.55691,33.51368,1491.414,25.69662,2.302757E-03,.2410342,
,85.5,10.54949,33.51378,1491.396,25.69797,2.301541E-03,.2421934,
,86,10.54284,33.51434,1491.382,25.69956,2.300095E-03,.2433523,
,86.5,10.53935,33.51618,1491.38,25.70163,2.298196E-03,.2445102,
,87,10.53148,33.51828,1491.363,25.70464,2.295453E-03,.2456667,
,87.5,10.52057,33.52094,1491.335,25.7086,2.291823E-03,.246822,
,88,10.50422,33.52586,1491.291,25.71531,2.285577E-03,.247974,
,88.5,10.48034,33.53069,1491.221,25.7232,2.278148E-03,.2491232,
,89,10.44493,33.53538,1491.108,25.73292,2.26891E-03,.2502683,
,89.5,10.42344,33.54067,1491.047,25.74079,2.261515E-03,.2514091,
,90,10.4099,33.54631,1491.013,25.7476,2.255172E-03,.2525474,
,90.5,10.38589,33.54971,1490.94,25.75437,2.248746E-03,.2536808,
,91,10.36556,33.55288,1490.88,25.7603,2.24313E-03,.2548123,
,91.5,10.35297,33.5559,1490.847,25.76477,2.238943E-03,.2559411,
,92,10.34134,33.55811,1490.816,25.76851,2.23551E-03,.2570676,
,92.5,10.33014,33.5601,1490.787,25.77201,2.232301E-03,.2581931,
,93,10.32009,33.56224,1490.762,25.77536,2.229182E-03,.2593163,
,93.5,10.30892,33.56461,1490.733,25.7791,2.225701E-03,.2604383,
,94,10.2975,33.56723,1490.703,25.78312,2.221962E-03,.2615585,
,94.5,10.28929,33.56993,1490.686,25.7867,2.218658E-03,.2626769,
,95,10.28361,33.57158,1490.676,25.7889,2.216647E-03,.2637937,
,95.5,10.27966,33.57264,1490.671,25.79042,2.215315E-03,.2649097,
,96,10.27628,33.57352,1490.669,25.79172,.0022142,.2660254,
,96.5,10.27422,33.57412,1490.67,25.79252,2.213498E-03,.2671403,
,97,10.27205,33.57477,1490.671,25.79338,2.212757E-03,.268255,
,97.5,10.26947,33.57556,1490.672,25.79445,2.211881E-03,.2693692,
,98,10.26713,33.5764,1490.672,25.79551,2.21096E-03,.270483,
,98.5,10.26474,33.57729,1490.673,25.79663,2.20998E-03,.2715964,
,99,10.26154,33.57835,1490.671,25.79803,2.208823E-03,.2727092,
,99.5,10.2534,33.57946,1490.652,25.80027,2.206767E-03,.2738209,
,100,10.24503,33.58046,1490.631,25.80246,2.204762E-03,.274932,
,100.5,10.23815,33.58113,1490.616,25.80414,2.203279E-03,.276042,
,101,10.23234,33.58183,1490.604,25.80567,2.201926E-03,.2771515,
,101.5,10.22821,33.58255,1490.599,25.80692,2.200782E-03,.2782602,
,102,10.2247,33.58324,1490.595,25.8081,2.199779E-03,.2793685,
,102.5,10.22145,33.58393,1490.593,25.80924,2.198829E-03,.2804762,
,103,10.21763,33.58478,1490.588,25.81048,2.19772E-03,.2815834,
,103.5,10.21426,33.58581,1490.586,25.81186,2.196468E-03,.28269,
,104,10.21073,33.58695,1490.583,25.81339,2.195085E-03,.2837961,
,104.5,10.20187,33.58809,1490.561,25.81578,2.192944E-03,.2849008,
,105,10.19418,33.58964,1490.543,25.81829,2.190671E-03,.2860049,
,105.5,10.18838,33.59184,1490.533,25.82098,2.188185E-03,.2871079,
,106,10.17873,33.59558,1490.512,25.82551,2.183955E-03,.2882086,
,106.5,10.16549,33.5999,1490.478,25.83111,2.178707E-03,.2893072,
,107,10.14906,33.60459,1490.433,25.83756,2.17266E-03,.2904037,
,107.5,10.13861,33.60819,1490.408,25.84218,2.168425E-03,.2914966,
,108,10.13165,33.61035,1490.394,25.84502,2.165827E-03,.2925881,
,108.5,10.12621,33.61164,1490.384,25.84691,2.164105E-03,.2936788,
,109,10.11559,33.61264,1490.355,25.8495,2.161716E-03,.2947681,
,109.5,10.10759,33.61506,1490.338,25.85278,2.158676E-03,.295856,
,110,10.10005,33.61912,1490.324,25.85728,2.154504E-03,.2969425,
,110.5,10.08957,33.62609,1490.303,25.86455,2.14777E-03,.2980262,
,111,10.07347,33.63389,1490.263,25.87332,2.139435E-03,.299106,
,111.5,10.06189,33.64201,1490.24,25.88159,2.131692E-03,.3001817,
,112,10.05474,33.64642,1490.227,25.88624,2.127296E-03,.3012542,
,112.5,10.04698,33.64959,1490.212,25.89,2.123829E-03,.3023248,
,113,10.03976,33.65208,1490.197,25.89316,2.120942E-03,.3033938,
,113.5,10.03606,33.65467,1490.195,25.89589,2.118467E-03,.3044615,
,114,10.03085,33.65657,1490.187,25.89819,2.116381E-03,.305528,
,114.5,10.02898,33.65839,1490.191,25.89985,2.114864E-03,.3065937,
,115,10.02734,33.65943,1490.194,25.90098,2.113875E-03,.3076587,
,115.5,10.02551,33.66055,1490.198,25.9022,2.112802E-03,.3087232,
,116,10.02338,33.66199,1490.2,25.9037,2.111461E-03,.3097871,
,116.5,10.02113,33.66375,1490.202,25.90545,2.10987E-03,.3108504,
,117,10.01683,33.66577,1490.198,25.90776,2.107801E-03,.3119123,
,117.5,10.01241,33.66805,1490.193,25.91029,2.105509E-03,.3129736,
,118,10.00787,33.67096,1490.188,25.9133,2.102718E-03,.3140335,
,118.5,10.00321,33.67348,1490.183,25.91603,2.100195E-03,.3150919,
,119,9.999781,33.67598,1490.182,25.91857,2.097876E-03,.3161494,
,119.5,9.99985,33.67886,1490.194,25.92085,2.095874E-03,.3172057,
,120,10.00108,33.68168,1490.21,25.92281,2.094163E-03,.3182608,
,120.5,10.00137,33.68462,1490.223,25.92502,2.092177E-03,.3193152,
,121,9.999994,33.68776,1490.23,25.92769,2.089714E-03,.3203686,
,121.5,9.998676,33.68948,1490.236,25.92931,2.088311E-03,.3214208,
,122,9.99826,33.69067,1490.244,25.93032,2.087457E-03,.3224726,
,122.5,9.999649,33.69113,1490.258,25.93039,2.087447E-03,.3235241,
,123,10.00027,33.69114,1490.268,25.93028,2.087652E-03,.3245757,
,123.5,10.0004,33.69085,1490.277,25.93006,2.087991E-03,.3256273,
,124,10.00143,33.69079,1490.288,25.92982,2.088297E-03,.3266792,
,124.5,10.002,33.69123,1490.299,25.93007,2.088131E-03,.3277311,
,125,10.00074,33.69247,1490.305,25.93129,2.08708E-03,.3287826,
,125.5,9.995734,33.69452,1490.297,25.93371,2.084943E-03,.3298335,
,126,9.987257,33.69839,1490.28,25.93822,2.08067E-03,.330882,
,126.5,9.975235,33.7024,1490.25,25.94341,2.075771E-03,.3319293,
,127,9.952486,33.70617,1490.181,25.95009,2.069573E-03,.3329732,
,127.5,9.938552,33.70989,1490.143,25.95533,2.064641E-03,.3340147,
,128,9.932605,33.71179,1490.132,25.95782,2.062381E-03,.3350542,
,128.5,9.930127,33.71226,1490.132,25.95859,2.061754E-03,.3360929,
,129,9.927991,33.71292,1490.134,25.95946,2.060957E-03,.3371314,
,129.5,9.925314,33.71404,1490.134,25.96074,2.059922E-03,.3381693,
,130,9.924495,33.7159,1490.141,25.96239,2.058456E-03,.3392066,
,130.5,9.922276,33.7177,1490.144,25.96414,2.056798E-03,.3402432,
,131,9.92174,33.71883,1490.151,25.96511,2.055998E-03,.3412791,
,131.5,9.922827,33.71964,1490.165,25.96555,2.055705E-03,.3423147,
,132,9.921414,33.72073,1490.169,25.96663,2.054777E-03,.34335,
,132.5,9.919744,33.7232,1490.175,25.96897,2.05266E-03,.3443846,
,133,9.910606,33.72672,1490.154,25.9732,2.048732E-03,.3454177,
,133.5,9.898296,33.73242,1490.125,25.97967,2.042583E-03,.346448,
,134,9.879179,33.73778,1490.071,25.98709,2.035604E-03,.347475,
,134.5,9.86328,33.74417,1490.029,25.99479,2.028398E-03,.3484987,
,135,9.849827,33.74978,1489.996,26.00141,2.022164E-03,.349519,
,135.5,9.839281,33.75338,1489.97,26.00593,2.017929E-03,.3505365,
,136,9.834772,33.75634,1489.966,26.00899,2.015173E-03,.3515526,
,136.5,9.831247,33.75835,1489.964,26.01117,2.013189E-03,.3525672,
,137,9.827411,33.76043,1489.961,26.01343,2.011128E-03,.3535808,
,137.5,9.823914,33.76239,1489.959,26.01552,2.009235E-03,.3545935,
,138,9.820863,33.76482,1489.959,26.01789,2.007073E-03,.3556051,
,138.5,9.816692,33.76839,1489.957,26.02139,2.003838E-03,.3566155,
,139,9.805476,33.77089,1489.927,26.02524,2.000255E-03,.3576238,
,139.5,9.800278,33.77438,1489.921,26.02886,1.996926E-03,.3586305,
,140,9.799442,33.77861,1489.932,26.03231,1.993781E-03,.3596361,
,140.5,9.791544,33.78147,1489.915,26.03582,1.990523E-03,.3606394,
,141,9.78452,33.78482,1489.902,26.03961,.001987,.3616415,
,141.5,9.779879,33.78814,1489.897,26.04302,1.98386E-03,.3626418,
,142,9.775448,33.78855,1489.89,26.04406,1.982962E-03,.363641,
,142.5,9.773242,33.78786,1489.889,26.04389,1.983188E-03,.3646401,
,143,9.771276,33.78877,1489.892,26.04488,1.982319E-03,.3656388,
,143.5,9.769132,33.79084,1489.895,26.04676,1.980599E-03,.3666372,
,144,9.75472,33.79372,1489.854,26.05152,1.976251E-03,.3676336,
,144.5,9.749475,33.79741,1489.848,26.05527,1.972737E-03,.3686283,
,145,9.747914,33.79977,1489.854,26.05736,1.97082E-03,.3696218,
,145.5,9.745894,33.80003,1489.855,26.0579,1.970461E-03,.3706146,
,146,9.744352,33.80101,1489.859,26.05893,1.969573E-03,.371607,
,146.5,9.741276,33.80117,1489.856,26.05955,1.969059E-03,.3725991,
,147,9.740844,33.80123,1489.863,26.05966,1.96904E-03,.3735912,
,147.5,9.742378,33.80143,1489.877,26.05955,1.969266E-03,.3745832,
,148,9.740877,33.80236,1489.881,26.06047,1.968544E-03,.3755752,
,148.5,9.737767,33.80483,1489.881,26.06293,1.966265E-03,.3765663,
,149,9.736227,33.80643,1489.886,26.06446,1.964924E-03,.3775565,
,149.5,9.736545,33.8073,1489.896,26.06512,1.964402E-03,.3785463,
,150,9.739473,33.80763,1489.916,26.06491,1.964709E-03,.379536,
,150.5,9.745764,33.80779,1489.947,26.06401,1.965608E-03,.3805261,
,151,9.747895,33.80855,1489.964,26.06423,1.965626E-03,.3815164,
,151.5,9.745114,33.81062,1489.965,26.06626,1.963688E-03,.3825061,
,152,9.742249,33.8093,1489.961,26.06571,1.964285E-03,.3834956,
,152.5,9.745464,33.80162,1489.971,26.05919,1.970622E-03,.3844866,
,153,9.734807,33.79392,1489.932,26.05496,1.974724E-03,.3854806,
,153.5,9.727883,33.79118,1489.912,26.05402,1.975715E-03,.3864758,
,154,9.720815,33.79118,1489.894,26.05517,1.974626E-03,.3874709,
,154.5,9.714259,33.79697,1489.886,26.06073,1.969426E-03,.3884642,
,155,9.700372,33.80323,1489.851,26.06796,1.962674E-03,.3894549,
,155.5,9.699066,33.80637,1489.859,26.07062,1.960177E-03,.3904431,
,156,9.705362,33.8025,1489.885,26.06648,1.964216E-03,.3914316,
,156.5,9.705853,33.80069,1489.893,26.06504,1.965768E-03,.3924216,
,157,9.703222,33.80207,1489.893,26.06659,1.964317E-03,.3934115,
,157.5,9.695244,33.8043,1489.875,26.06967,1.96146E-03,.3944004,
,158,9.689261,33.80691,1489.865,26.07268,1.958695E-03,.3953879,
,158.5,9.685864,33.80986,1489.865,26.07553,1.956078E-03,.3963742,
,159,9.679607,33.81351,1489.855,26.07939,1.952504E-03,.3973589,
,159.5,9.668736,33.81939,1489.831,26.08576,1.946559E-03,.3983411,
,160,9.661655,33.82726,1489.823,26.09314,1.939652E-03,.3993202,
,160.5,9.649731,33.8336,1489.796,26.10007,1.93315E-03,.4002952,
,161,9.639679,33.83976,1489.775,26.10653,1.927104E-03,.4012677,
,161.5,9.632356,33.8456,1489.764,26.11228,1.921734E-03,.4022375,
,162,9.627481,33.85047,1489.76,26.11691,1.917412E-03,.4032048,
,162.5,9.61926,33.8544,1489.744,26.12137,1.913265E-03,.4041696,
,163,9.612859,33.85823,1489.733,26.12542,1.909513E-03,.4051327,
,163.5,9.608258,33.86186,1489.729,26.12899,1.906208E-03,.406094,
,164,9.60214,33.86505,1489.719,26.13248,1.902985E-03,.4070536,
,164.5,9.593358,33.86827,1489.7,26.13639,1.899365E-03,.4080116,
,165,9.587831,33.87132,1489.691,26.13976,1.896249E-03,.4089676,
,165.5,9.585137,33.87417,1489.693,26.14246,1.893773E-03,.4099224,
,166,9.584686,33.87711,1489.704,26.14482,1.891621E-03,.410876,
,166.5,9.584037,33.88039,1489.714,26.14748,1.889188E-03,.4118285,
,167,9.580432,33.88385,1489.713,26.15069,1.886231E-03,.4127798,
,167.5,9.578196,33.88599,1489.716,26.15274,1.884438E-03,.4137296,
,168,9.578441,33.88781,1489.727,26.15418,1.883197E-03,.4146788,
,168.5,9.578582,33.88897,1489.738,26.15506,1.882416E-03,.4156274,
,169,9.577389,33.88905,1489.742,26.15529,1.882234E-03,.4165759,
,169.5,9.578648,33.88871,1489.754,26.15487,1.882727E-03,.4175243,
,170,9.579659,33.88836,1489.766,26.15442,1.883256E-03,.4184731,
,170.5,9.578074,33.88813,1489.768,26.15444,1.883349E-03,.419422,
,171,9.580097,33.88869,1489.784,26.15454,1.883431E-03,.420371,
,171.5,9.579349,33.88894,1489.79,26.15487,1.88322E-03,.4213199,
,172,9.57429,33.89014,1489.781,26.15661,1.881473E-03,.4222683,
,172.5,9.567458,33.89306,1489.768,26.1601,1.878251E-03,.4232155,
,173,9.554597,33.89664,1489.734,26.16502,1.873803E-03,.4241607,
,173.5,9.547634,33.89916,1489.72,26.16808,1.870944E-03,.4251041,
,174,9.544312,33.90051,1489.718,26.16969,1.869483E-03,.4260464,
,174.5,9.540907,33.90123,1489.715,26.17086,1.868406E-03,.4269881,
,175,9.533856,33.9044,1489.701,26.17445,1.865074E-03,.4279289,
,175.5,9.518616,33.91049,1489.661,26.18173,1.858264E-03,.4288669,
,176,9.516066,33.91124,1489.661,26.18271,1.857374E-03,.4298029,
,176.5,9.516986,33.90918,1489.671,26.18094,1.859188E-03,.4307392,
,177,9.516571,33.90772,1489.676,26.17994,1.860291E-03,.4316763,
,177.5,9.51345,33.90754,1489.672,26.18022,1.860094E-03,.4326136,
,178,9.511585,33.90873,1489.675,26.18145,1.858982E-03,.4335505,
,178.5,9.508451,33.91096,1489.675,26.1837,1.856966E-03,.4344866,
,179,9.506047,33.91307,1489.677,26.18571,1.855154E-03,.4354219,
,179.5,9.503262,33.91459,1489.677,26.18742,1.853602E-03,.4363563,
,180,9.501719,33.91573,1489.681,26.1886,1.852562E-03,.43729,
,180.5,9.50024,33.91669,1489.685,26.18962,1.851674E-03,.4382232,
,181,9.498637,33.9175,1489.689,26.19051,1.85091E-03,.4391561,
,181.5,9.49703,33.91827,1489.692,26.1913,1.850323E-03,.4400886,
,182,9.495945,33.91895,1489.697,26.192,1.849752E-03,.4410208,
,182.5,9.495027,33.91975,1489.703,26.19279,1.849086E-03,.4419526,
,183,9.493945,33.92105,1489.709,26.19398,1.848108E-03,.4428841,
,183.5,9.490576,33.92337,1489.708,26.19636,1.845941E-03,.4438147,
,184,9.485913,33.92654,1489.703,26.19964,1.842899E-03,.4447441,
,184.5,9.480309,33.93113,1489.696,26.20415,1.838683E-03,.4456715,
,185,9.472235,33.9361,1489.681,26.20936,1.833812E-03,.4465966,
,185.5,9.462831,33.94129,1489.662,26.21495,1.828574E-03,.44752,
,186,9.458539,33.94606,1489.66,26.21938,1.824443E-03,.4484399,
,186.5,9.452835,33.95035,1489.653,26.22367,1.820469E-03,.4493583,
,187,9.44542,33.95405,1489.639,26.22781,1.816688E-03,.450275,
,187.5,9.435609,33.95902,1489.617,26.23329,1.811568E-03,.4511886,
,188,9.42246,33.96432,1489.584,26.23956,1.805658E-03,.4520999,
,188.5,9.404891,33.96993,1489.535,26.2468,1.798797E-03,.4530085,
,189,9.390254,33.97509,1489.496,26.2532,1.792783E-03,.4539129,
,189.5,9.376799,33.97966,1489.461,26.25895,1.787401E-03,.4548154,
,190,9.364814,33.98295,1489.429,26.26346,1.783198E-03,.4557152,
,190.5,9.350648,33.98639,1489.39,26.26847,1.778451E-03,.456612,
,191,9.333239,33.99071,1489.34,26.2747,1.772536E-03,.4575067,
,191.5,9.310411,33.99659,1489.272,26.28304,1.764622E-03,.4583981,
,192,9.289059,34.00239,1489.209,26.29102,1.757111E-03,.459285,
,192.5,9.271389,34.00785,1489.159,26.29811,1.750462E-03,.4601695,
,193,9.265188,34.01207,1489.15,26.30235,1.746524E-03,.4610507,
