,0,19.04495,33.38684,1516.983,23.77838,4.112108E-03,0,
,.5,19.04495,33.38684,1516.983,23.77838,4.112108E-03,0,
,1,19.04452,33.39199,1516.989,23.78243,4.108279E-03,4.139151E-03,
,1.5,19.04079,33.40569,1517.002,23.79387,4.09758E-03,6.203658E-03,
,2,19.02293,33.41161,1516.966,23.80289,4.08911E-03,8.263249E-03,
,2.5,18.99386,33.41319,1516.893,23.81146,4.081121E-03,1.031949E-02,
,3,18.93054,33.41348,1516.72,23.82765,4.065838E-03,1.236811E-02,
,3.5,18.84995,33.41313,1516.498,23.84768,4.046877E-03,1.441288E-02,
,4,18.7485,33.41036,1516.211,23.87097,4.02477E-03,1.644209E-02,
,4.5,18.63706,33.40411,1515.892,23.89405,4.002872E-03,1.846396E-02,
,5,18.48201,33.39598,1515.443,23.92644,3.972227E-03,.0204709,
,5.5,18.35256,33.39127,1515.07,23.95488,3.945248E-03,2.246266E-02,
,6,18.25525,33.38716,1514.79,23.9757,3.925461E-03,2.444368E-02,
,6.5,18.00979,33.37478,1514.066,24.02625,3.877386E-03,2.641012E-02,
,7,17.43337,33.34688,1512.337,24.14383,3.765467E-03,.0283328,
,7.5,17.03938,33.33032,1511.148,24.22473,3.688446E-03,3.020696E-02,
,8,16.66535,33.32258,1510.015,24.30599,3.611079E-03,3.204224E-02,
,8.5,16.35787,33.32393,1509.088,24.37802,3.542524E-03,.0338429,
,9,16.17027,33.32989,1508.527,24.42549,3.497411E-03,3.561645E-02,
,9.5,16.06479,33.3317,1508.212,24.45085,3.473423E-03,3.737136E-02,
,10,16.00285,33.33762,1508.036,24.46941,3.455853E-03,3.911544E-02,
,10.5,15.94919,33.34235,1507.884,24.48521,3.440992E-03,4.085164E-02,
,11,15.89723,33.34561,1507.735,24.49931,3.427657E-03,4.258003E-02,
,11.5,15.8169,33.34244,1507.49,24.51485,3.412924E-03,4.430164E-02,
,12,15.68728,33.33657,1507.088,24.53929,3.389766E-03,4.601122E-02,
,12.5,15.5051,33.32856,1506.517,24.5736,3.357196E-03,4.771141E-02,
,13,15.19626,33.31625,1505.54,24.63214,3.301515E-03,4.938987E-02,
,13.5,14.83779,33.30801,1504.401,24.70343,3.233636E-03,5.103369E-02,
,14,14.53078,33.30988,1503.429,24.77053,3.169852E-03,5.264466E-02,
,14.5,14.33796,33.3157,1502.823,24.81574,3.126923E-03,.0542286,
,15,14.21211,33.32036,1502.43,24.84579,3.098433E-03,5.579502E-02,
,15.5,14.12794,33.3206,1502.166,24.86358,3.081647E-03,.0573516,
,16,13.97347,33.31947,1501.67,24.89474,3.052047E-03,5.889206E-02,
,16.5,13.79436,33.31796,1501.091,24.93048,3.018094E-03,6.042074E-02,
,17,13.58847,33.31609,1500.422,24.97112,2.97948E-03,6.193352E-02,
,17.5,13.42301,33.314,1499.881,25.00298,2.94922E-03,6.342197E-02,
,18,13.24071,33.31328,1499.284,25.03902,2.914983E-03,6.489849E-02,
,18.5,13.02058,33.31523,1498.562,25.08429,2.871969E-03,6.635524E-02,
,19,12.84359,33.31599,1497.979,25.11974,2.838285E-03,6.779048E-02,
,19.5,12.68816,33.31615,1497.465,25.1503,2.809263E-03,6.921498E-02,
,20,12.59141,33.31734,1497.149,25.17003,2.790593E-03,7.062449E-02,
,20.5,12.51733,33.3188,1496.908,25.18549,2.776013E-03,7.202818E-02,
,21,12.47423,33.31778,1496.77,25.193,2.769039E-03,7.342371E-02,
,21.5,12.44208,33.31966,1496.671,25.20066,2.761776E-03,7.481602E-02,
,22,12.41682,33.32314,1496.598,25.2083,2.754646E-03,7.620425E-02,
,22.5,12.3986,33.32665,1496.549,25.21454,2.748863E-03,7.758947E-02,
,23,12.38547,33.33001,1496.516,25.21961,2.744179E-03,7.897281E-02,
,23.5,12.36753,33.33131,1496.465,25.22407,2.739989E-03,8.035251E-02,
,24,12.34854,33.33255,1496.411,25.22867,2.735688E-03,8.173136E-02,
,24.5,12.32559,33.33368,1496.342,25.23393,2.730864E-03,8.310698E-02,
,25,12.30238,33.33486,1496.273,25.23927,2.725929E-03,8.448085E-02,
,25.5,12.27883,33.33613,1496.203,25.24468,2.720845E-03,8.585242E-02,
,26,12.25146,33.33663,1496.118,25.25034,2.715525E-03,8.722031E-02,
,26.5,12.22661,33.33731,1496.043,25.2556,2.71062E-03,8.858636E-02,
,27,12.20534,33.33826,1495.98,25.26032,2.70627E-03,8.995034E-02,
,27.5,12.17482,33.33812,1495.884,25.26604,2.700893E-03,9.131081E-02,
,28,12.14477,33.33818,1495.79,25.27181,2.695488E-03,9.266949E-02,
,28.5,12.11741,33.33884,1495.705,25.27748,2.690226E-03,9.402529E-02,
,29,12.07558,33.34129,1495.573,25.28728,2.680979E-03,9.537634E-02,
,29.5,12.026,33.34452,1495.416,25.29917,2.669735E-03,9.672504E-02,
,30,11.90812,33.34907,1495.025,25.32475,2.645546E-03,9.805974E-02,
,30.5,11.8101,33.355,1494.703,25.34767,2.623857E-03,9.938715E-02,
,31,11.73852,33.36275,1494.474,25.36704,2.605498E-03,.1007048,
,31.5,11.67622,33.36715,1494.273,25.38194,2.591385E-03,.1020112,
,32,11.61664,33.37102,1494.08,25.39591,2.578153E-03,.1033151,
,32.5,11.58458,33.37737,1493.985,25.40675,2.567954E-03,.1046084,
,33,11.5508,33.38335,1493.883,25.41762,2.557713E-03,.1059006,
,33.5,11.50321,33.38648,1493.73,25.42873,2.547137E-03,.1071841,
,34,11.46024,33.39042,1493.594,25.43965,2.536786E-03,.1084651,
,34.5,11.4281,33.39626,1493.497,25.45013,2.526961E-03,.1097401,
,35,11.40053,33.39944,1493.414,25.45765,2.519961E-03,.1110103,
,35.5,11.377,33.40233,1493.344,25.46416,2.513905E-03,.1122778,
,36,11.36024,33.40643,1493.298,25.47036,2.508139E-03,.1135419,
,36.5,11.33052,33.4106,1493.208,25.47898,2.500031E-03,.114802,
,37,11.29182,33.41481,1493.087,25.48927,2.490299E-03,.1160593,
,37.5,11.25889,33.4178,1492.984,25.49759,2.482482E-03,.1173098,
,38,11.2273,33.42051,1492.885,25.50545,2.47511E-03,.1185587,
,38.5,11.20057,33.42195,1492.801,25.51137,2.469571E-03,.1198032,
,39,11.17626,33.42276,1492.726,25.51633,2.464942E-03,.1210454,
,39.5,11.14953,33.42344,1492.641,25.52163,2.459985E-03,.1222859,
,40,11.11575,33.42374,1492.531,25.52795,2.454067E-03,.1235217,
,40.5,11.08196,33.42405,1492.422,25.53426,2.448149E-03,.1247574,
,41,11.04905,33.42481,1492.315,25.54074,2.442078E-03,.1259869,
,41.5,11.01632,33.42566,1492.21,25.54724,2.435976E-03,.1272152,
,42,10.98941,33.42688,1492.125,25.55298,2.430605E-03,.1284417,
,42.5,10.97577,33.42892,1492.088,25.55697,2.426896E-03,.1296639,
,43,10.96221,33.43097,1492.051,25.56095,2.423201E-03,.1308862,
,43.5,10.95317,33.43276,1492.029,25.56397,2.420447E-03,.132105,
,44,10.94408,33.43457,1492.008,25.56701,2.417668E-03,.1333235,
,44.5,10.93455,33.43654,1491.985,25.57029,2.41468E-03,.1345398,
,45,10.92621,33.43791,1491.966,25.57284,2.412388E-03,.1357552,
,45.5,10.9192,33.4386,1491.95,25.57456,2.410867E-03,.1369696,
,46,10.91254,33.43959,1491.936,25.57648,2.409115E-03,.1381829,
,46.5,10.90603,33.4407,1491.923,25.57849,2.407266E-03,.1393957,
,47,10.88867,33.44234,1491.872,25.58292,2.403131E-03,.1406065,
,47.5,10.86561,33.44439,1491.801,25.58859,2.397879E-03,.1418157,
,48,10.82223,33.4409,1491.652,25.59354,2.393223E-03,.1430217,
,48.5,10.7739,33.43737,1491.486,25.5993,2.387912E-03,.1442256,
,49,10.7476,33.43416,1491.397,25.60139,2.38591E-03,.1454274,
,49.5,10.71932,33.43351,1491.305,25.60582,2.381758E-03,.1466275,
,50,10.68907,33.43375,1491.206,25.61129,2.376649E-03,.1478257,
,50.5,10.66453,33.4346,1491.128,25.61625,2.372023E-03,.1490213,
,51,10.65456,33.43747,1491.105,25.62023,2.368318E-03,.150215,
,51.5,10.63172,33.4388,1491.034,25.62523,2.363635E-03,.1514063,
,52,10.61884,33.44309,1491.001,25.63084,2.358449E-03,.1525952,
,52.5,10.60504,33.44707,1490.965,25.63628,2.35338E-03,.1537815,
,53,10.60142,33.45404,1490.969,25.64243,2.34752E-03,.1549647,
,53.5,10.60034,33.46233,1490.984,25.64912,2.341293E-03,.156145,
,54,10.60734,33.47271,1491.03,25.65596,2.334981E-03,.1573224,
,54.5,10.61948,33.4838,1491.094,25.66245,2.328969E-03,.1584969,
,55,10.62581,33.49196,1491.135,25.66775,2.324031E-03,.1596683,
,55.5,10.62773,33.49741,1491.157,25.67167,2.320404E-03,.1608378,
,56,10.62391,33.50114,1491.156,25.67517,2.317166E-03,.1620055,
,56.5,10.61599,33.50611,1491.142,25.6804,2.312283E-03,.1631709,
,57,10.60619,33.51073,1491.121,25.68578,2.307326E-03,.1643338,
,57.5,10.59904,33.51423,1491.109,25.68979,2.303595E-03,.1654947,
,58,10.59478,33.51681,1491.105,25.69252,2.300992E-03,.1666543,
,58.5,10.58897,33.51845,1491.094,25.69481,2.298933E-03,.1678121,
,59,10.58214,33.52012,1491.08,25.69729,2.296692E-03,.1689694,
,59.5,10.57105,33.52214,1491.052,25.70074,2.293534E-03,.1701248,
,60,10.56325,33.52431,1491.035,25.70378,2.290763E-03,.1712792,
,60.5,10.5601,33.52669,1491.035,25.70625,2.288539E-03,.1724323,
,61,10.55907,33.52996,1491.044,25.709,2.286018E-03,.173584,
,61.5,10.55848,33.5337,1491.054,25.71201,2.283237E-03,.1747346,
,62,10.55674,33.53758,1491.061,25.7153,2.280204E-03,.1758838,
,62.5,10.55427,33.54129,1491.065,25.7186,2.277254E-03,.1770313,
,63,10.55323,33.54356,1491.072,25.72051,2.275537E-03,.1781775,
,63.5,10.55237,33.54542,1491.08,25.72212,2.274019E-03,.179323,
,64,10.55084,33.54732,1491.085,25.72391,2.272363E-03,.1804677,
,64.5,10.548,33.54956,1491.086,25.72617,2.270358E-03,.1816116,
,65,10.54349,33.55192,1491.081,25.72884,2.26795E-03,.1827539,
,65.5,10.53821,33.55429,1491.074,25.73164,2.265418E-03,.1838957,
,66,10.52919,33.55646,1491.052,25.73483,2.262524E-03,.1850355,
,66.5,10.52162,33.55827,1491.036,25.73752,2.260065E-03,.1861743,
,67,10.51532,33.55976,1491.024,25.73977,2.25799E-03,.1873122,
,67.5,10.50981,33.56092,1491.014,25.74165,2.256297E-03,.1884488,
,68,10.50735,33.56219,1491.015,25.74305,2.255057E-03,.1895847,
,68.5,10.50516,33.56339,1491.017,25.74434,2.253915E-03,.19072,
,69,10.50165,33.56491,1491.014,25.74614,2.25231E-03,.1918547,
,69.5,10.49472,33.56859,1491.003,25.75021,2.248526E-03,.1929882,
,70,10.47528,33.5765,1490.951,25.75974,2.239572E-03,.1941182,
,70.5,10.45748,33.58142,1490.902,25.76668,2.233016E-03,.1952451,
,71,10.44393,33.58397,1490.865,25.77099,2.229019E-03,.1963686,
,71.5,10.4364,33.58635,1490.849,25.7742,2.226087E-03,.1974905,
,72,10.43301,33.58759,1490.847,25.77573,2.224756E-03,.1986113,
,72.5,10.43102,33.58843,1490.849,25.77667,2.223971E-03,.1997315,
,73,10.42863,33.58911,1490.85,25.77764,2.223202E-03,.2008513,
,73.5,10.42721,33.58991,1490.854,25.77856,2.222413E-03,.2019708,
,74,10.42517,33.59142,1490.857,25.78009,2.221066E-03,.2030894,
,74.5,10.42544,33.59097,1490.866,25.77968,2.221537E-03,.2042081,
,75,10.42333,33.59039,1490.866,25.77957,2.221734E-03,.2053269,
,75.5,10.42431,33.5903,1490.878,25.77934,2.222018E-03,.2064459,
,76,10.42675,33.59043,1490.895,25.77905,2.222349E-03,.207565,
,76.5,10.42542,33.59047,1490.898,25.77931,2.222217E-03,.2086841,
,77,10.424,33.59061,1490.902,25.77966,2.222009E-03,.2098032,
,77.5,10.4223,33.59126,1490.905,25.78044,2.221408E-03,.210922,
,78,10.42105,33.59181,1490.909,25.78107,2.220856E-03,.2120406,
,78.5,10.4201,33.59196,1490.914,25.78137,2.220679E-03,.213159,
,79,10.41942,33.59132,1490.919,25.781,2.221134E-03,.2142775,
,79.5,10.42094,33.59092,1490.933,25.78043,2.221783E-03,.2153962,
,80,10.41969,33.59078,1490.936,25.78049,2.221806E-03,.2165151,
,80.5,10.41948,33.59132,1490.944,25.78094,2.221493E-03,.2176339,
,81,10.41963,33.59208,1490.954,25.78151,2.221078E-03,.2187527,
,81.5,10.41818,33.59214,1490.958,25.78185,2.220877E-03,.2198712,
,82,10.41741,33.59232,1490.963,25.78213,2.220721E-03,.2209896,
,82.5,10.41887,33.59289,1490.977,25.78227,2.220711E-03,.222108,
,83,10.41908,33.59327,1490.987,25.78254,2.22056E-03,.2232264,
,83.5,10.41779,33.59343,1490.991,25.78294,2.220241E-03,.2243446,
,84,10.41801,33.59392,1491,25.78329,2.220008E-03,.2254627,
,84.5,10.42011,33.59181,1491.014,25.78131,2.222005E-03,.226582,
