,0,19.10823,33.55449,1517.35,23.89038,4.00521E-03,0,
,.5,19.10823,33.55449,1517.35,23.89038,4.00521E-03,0,
,1,19.16739,33.5578,1517.525,23.87792,4.01721E-03,4.033162E-03,
,1.5,19.22731,33.55133,1517.697,23.85772,4.036589E-03,6.061248E-03,
,2,19.2343,33.54927,1517.722,23.85437,4.039986E-03,8.093969E-03,
,2.5,19.22857,33.54377,1517.708,23.85165,4.042779E-03,1.012801E-02,
,3,19.17703,33.5428,1517.569,23.86399,4.031157E-03,1.215998E-02,
,3.5,19.10765,33.53435,1517.371,23.87519,4.020669E-03,1.418526E-02,
,4,19.06749,33.51754,1517.246,23.87255,4.02332E-03,1.620973E-02,
,4.5,18.87819,33.5148,1516.71,23.91816,3.97993E-03,1.822371E-02,
,5,18.6124,33.49362,1515.93,23.9686,3.931996E-03,2.021439E-02,
,5.5,18.27465,33.45531,1514.916,24.0231,3.880085E-03,2.218136E-02,
,6,17.75622,33.42927,1513.371,24.12935,3.778914E-03,2.411009E-02,
,6.5,17.12547,33.43076,1511.506,24.28154,3.634019E-03,2.597174E-02,
,7,17.06112,33.44992,1511.343,24.31136,.0036057,2.780922E-02,
,7.5,16.78672,33.42312,1510.491,24.35504,3.56417E-03,2.961613E-02,
,8,15.86428,33.38049,1507.62,24.53323,3.394498E-03,3.136624E-02,
,8.5,15.17506,33.34486,1505.431,24.65877,3.274933E-03,3.304297E-02,
,9,14.80703,33.34473,1504.27,24.73835,3.199221E-03,3.467205E-02,
,9.5,14.47774,33.33917,1503.218,24.80429,3.136476E-03,3.626575E-02,
,10,14.2435,33.3442,1502.476,24.8576,3.085901E-03,3.783299E-02,
,10.5,14.07921,33.34221,1501.949,24.89043,3.05474E-03,3.937947E-02,
,11,13.95526,33.34216,1501.554,24.91613,3.030375E-03,.0409112,
,11.5,13.8141,33.34632,1501.106,24.94841,2.999844E-03,4.242868E-02,
,12,13.63251,33.34909,1500.522,24.9877,2.962453E-03,4.392938E-02,
,12.5,13.51804,33.35516,1500.161,25.01573,2.935876E-03,4.541424E-02,
,13,13.43218,33.35804,1499.889,25.03526,2.917401E-03,4.688779E-02,
,13.5,13.34896,33.36592,1499.632,25.05815,2.895836E-03,4.835084E-02,
,14,13.29801,33.37012,1499.476,25.07161,2.883015E-03,4.980546E-02,
,14.5,13.24949,33.37324,1499.327,25.08377,2.871537E-03,5.125397E-02,
,15,13.1775,33.37683,1499.1,25.10091,2.855325E-03,5.269494E-02,
,15.5,13.11813,33.38182,1498.917,25.11658,2.840601E-03,5.412849E-02,
,16,13.08205,33.38646,1498.811,25.12737,2.830456E-03,5.555594E-02,
,16.5,13.04558,33.38828,1498.699,25.13601,2.822334E-03,5.697878E-02,
,17,12.98267,33.39,1498.5,25.1498,2.809307E-03,5.839637E-02,
,17.5,12.92198,33.39177,1498.307,25.16315,2.796704E-03,5.980731E-02,
,18,12.88375,33.3941,1498.19,25.1725,2.78796E-03,6.121308E-02,
,18.5,12.8527,33.39771,1498.099,25.18141,2.779584E-03,6.261447E-02,
,19,12.81526,33.40235,1497.987,25.19237,2.769199E-03,6.401144E-02,
,19.5,12.78009,33.40787,1497.884,25.2035,2.75879E-03,6.540322E-02,
,20,12.74538,33.41308,1497.781,25.21432,2.74859E-03,.0667896,
,20.5,12.70593,33.41497,1497.659,25.22352,2.739932E-03,6.817131E-02,
,21,12.65248,33.41615,1497.489,25.23483,2.729292E-03,6.954806E-02,
,21.5,12.60361,33.41652,1497.333,25.24462,2.720069E-03,7.091965E-02,
,22,12.55846,33.41718,1497.189,25.25386,2.711357E-03,.0722864,
,22.5,12.50109,33.41863,1497.005,25.26604,2.699861E-03,7.364835E-02,
,23,12.44222,33.42069,1496.817,25.27901,2.687671E-03,7.500452E-02,
,23.5,12.37988,33.4228,1496.616,25.29267,2.674789E-03,7.635455E-02,
,24,12.31231,33.42431,1496.397,25.30677,2.661397E-03,7.769796E-02,
,24.5,12.25786,33.42519,1496.221,25.31786,2.650948E-03,.0790353,
,25,12.19825,33.42665,1496.028,25.33034,2.639182E-03,8.036724E-02,
,25.5,12.142,33.42793,1495.846,25.34191,2.628358E-03,8.169335E-02,
,26,12.09278,33.42984,1495.688,25.35279,2.618106E-03,8.301356E-02,
,26.5,12.05037,33.43106,1495.553,25.36176,2.609655E-03,.0843294,
,27,12.00939,33.4325,1495.423,25.37055,2.601331E-03,8.564113E-02,
,27.5,11.96988,33.43412,1495.297,25.37922,2.593144E-03,8.694904E-02,
,28,11.93825,33.43496,1495.198,25.38586,.002587,8.825322E-02,
,28.5,11.91696,33.43535,1495.134,25.39019,2.582964E-03,8.955475E-02,
,29,11.88974,33.43656,1495.05,25.39615,2.577379E-03,9.085351E-02,
,29.5,11.85775,33.43743,1494.949,25.40282,2.571183E-03,9.214933E-02,
,30,11.82957,33.43857,1494.862,25.40898,2.565417E-03,9.344263E-02,
,30.5,11.80795,33.44004,1494.798,25.41414,2.560524E-03,9.473311E-02,
,31,11.77989,33.44043,1494.71,25.41969,2.555341E-03,9.602116E-02,
,31.5,11.75199,33.44094,1494.623,25.42527,2.55023E-03,9.730643E-02,
,32,11.72627,33.44051,1494.542,25.42967,2.546149E-03,9.858934E-02,
,32.5,11.70446,33.43974,1494.474,25.43311,2.542972E-03,9.987041E-02,
,33,11.68249,33.43961,1494.406,25.43703,2.539331E-03,.1011498,
,33.5,11.65201,33.44006,1494.31,25.44304,2.533714E-03,.1024269,
,34,11.61959,33.44067,1494.207,25.44953,2.527649E-03,.103701,
,34.5,11.59399,33.44157,1494.127,25.45496,2.522593E-03,.1049724,
,35,11.57534,33.44281,1494.073,25.45933,2.51854E-03,.1062415,
,35.5,11.56394,33.44419,1494.043,25.46249,2.515635E-03,.1075088,
,36,11.55588,33.4455,1494.025,25.46496,2.513368E-03,.1087748,
,36.5,11.54865,33.44653,1494.01,25.46707,2.511468E-03,.1100399,
,37,11.54299,33.4474,1493.999,25.46889,2.509929E-03,.111304,
,37.5,11.53411,33.44776,1493.977,25.47073,2.508276E-03,.1125674,
,38,11.5257,33.44865,1493.957,25.47299,2.506221E-03,.1138297,
,38.5,11.51634,33.44908,1493.934,25.47506,2.50435E-03,.1150911,
,39,11.50433,33.4501,1493.902,25.47804,2.501616E-03,.1163514,
,39.5,11.47962,33.45136,1493.826,25.48352,2.496506E-03,.1176096,
,40,11.45942,33.45301,1493.766,25.48848,2.491914E-03,.1188656,
,40.5,11.45277,33.45381,1493.752,25.49032,2.490181E-03,.1201198,
,41,11.447,33.45369,1493.74,25.49133,2.489366E-03,.1213734,
,41.5,11.43217,33.45467,1493.698,25.49476,2.48622E-03,.122626,
,42,11.41398,33.45629,1493.645,25.49934,2.481955E-03,.1238767,
,42.5,11.39654,33.45861,1493.595,25.50431,2.47732E-03,.1251252,
,43,11.37819,33.46184,1493.544,25.51013,2.471873E-03,.1263713,
,43.5,11.35572,33.46432,1493.477,25.5162,2.466195E-03,.1276148,
,44,11.34182,33.46874,1493.442,25.52219,2.460695E-03,.128855,
,44.5,11.30703,33.47353,1493.335,25.53223,2.451156E-03,.1300916,
,45,11.26895,33.47884,1493.217,25.54325,2.440774E-03,.1313231,
,45.5,11.23629,33.48416,1493.117,25.55324,2.431379E-03,.1325497,
,46,11.21352,33.48799,1493.051,25.56035,2.424631E-03,.133772,
,46.5,11.1971,33.49144,1493.006,25.56604,2.419359E-03,.1349916,
,47,11.18798,33.49454,1492.986,25.57005,2.415695E-03,.1362089,
,47.5,11.18518,33.49701,1492.987,25.57246,2.413505E-03,.1374247,
,48,11.18401,33.49916,1492.994,25.57437,2.411783E-03,.1386395,
,48.5,11.1818,33.50135,1492.997,25.57644,2.409905E-03,.1398535,
,49,11.17839,33.50355,1492.996,25.57876,2.407795E-03,.1410664,
,49.5,11.17435,33.5055,1492.993,25.58107,2.405678E-03,.1422784,
,50,11.17219,33.50675,1492.995,25.58247,2.404424E-03,.1434893,
,50.5,11.17007,33.50772,1492.997,25.58357,2.403543E-03,.1446998,
,51,11.16676,33.50852,1492.995,25.58472,2.40264E-03,.1459098,
,51.5,11.15765,33.50929,1492.972,25.58696,.0024005,.147119,
,52,11.14403,33.51145,1492.935,25.59111,2.396659E-03,.1483265,
,52.5,11.12778,33.51416,1492.89,25.59618,2.391972E-03,.1495324,
,53,11.10958,33.5167,1492.838,25.60148,2.387009E-03,.1507357,
,53.5,11.09822,33.51867,1492.808,25.60504,2.383704E-03,.1519368,
,54,11.08992,33.51912,1492.788,25.60685,2.382064E-03,.1531367,
,54.5,11.08173,33.51863,1492.767,25.60792,2.381166E-03,.154336,
,55,11.07225,33.51833,1492.742,25.60937,2.379955E-03,.1555347,
,55.5,11.06547,33.5189,1492.727,25.61101,2.378465E-03,.1567327,
,56,11.05953,33.5206,1492.716,25.61343,2.376287E-03,.1579297,
,56.5,11.05371,33.52285,1492.707,25.61627,2.373718E-03,.1591257,
,57,11.0473,33.52554,1492.696,25.61948,2.37073E-03,.1603201,
,57.5,11.04328,33.52851,1492.694,25.62248,2.36798E-03,.1615132,
,58,11.04091,33.53159,1492.698,25.62529,2.365443E-03,.1627053,
,58.5,11.03981,33.53397,1492.705,25.62734,2.363571E-03,.1638958,
,59,11.03599,33.53547,1492.702,25.62919,2.361894E-03,.1650856,
,59.5,11.02668,33.53665,1492.679,25.63176,2.35954E-03,.1662743,
,60,11.00873,33.53796,1492.625,25.63598,2.355618E-03,.1674615,
,60.5,10.98356,33.53955,1492.547,25.64175,2.350226E-03,.1686466,
,61,10.97055,33.54189,1492.513,25.64584,2.346512E-03,.169829,
,61.5,10.96012,33.54401,1492.487,25.64938,2.343235E-03,.1710096,
,62,10.95055,33.54615,1492.464,25.65278,2.34007E-03,.1721888,
,62.5,10.94123,33.54844,1492.442,25.6562,2.336889E-03,.1733666,
,63,10.93031,33.55029,1492.414,25.65957,2.333761E-03,.1745423,
,63.5,10.91833,33.55185,1492.382,25.66292,2.330692E-03,.1757169,
,64,10.90463,33.55314,1492.344,25.66637,2.327562E-03,.1768899,
,64.5,10.88534,33.55453,1492.286,25.67084,2.323405E-03,.178061,
,65,10.86152,33.5567,1492.213,25.67677,2.317867E-03,.1792295,
,65.5,10.84569,33.5586,1492.168,25.68104,2.313815E-03,.1803956,
,66,10.83924,33.55976,1492.155,25.68307,2.311948E-03,.1815604,
,66.5,10.8368,33.56043,1492.155,25.684,2.311212E-03,.1827244,
,67,10.83539,33.5612,1492.159,25.68482,2.310583E-03,.1838881,
,67.5,10.83491,33.56247,1492.167,25.68591,2.309643E-03,.1850515,
,68,10.83471,33.56421,1492.177,25.68738,2.308354E-03,.1862143,
,68.5,10.83582,33.56672,1492.192,25.68916,2.306765E-03,.1873763,
,69,10.83952,33.56988,1492.218,25.69096,2.305163E-03,.1885376,
,69.5,10.84876,33.57354,1492.263,25.6921,2.304265E-03,.1896982,
,70,10.84992,33.57604,1492.278,25.69384,2.302608E-03,.1908581,
,70.5,10.84819,33.57835,1492.283,25.69597,2.300688E-03,.1920171,
,71,10.84305,33.58027,1492.276,25.6984,2.298513E-03,.1931751,
,71.5,10.834,33.58161,1492.254,25.70102,2.296089E-03,.1943322,
,72,10.81849,33.58366,1492.21,25.70537,2.292031E-03,.1954871,
,72.5,10.79814,33.58694,1492.15,25.71151,2.286305E-03,.1966397,
,73,10.77294,33.59169,1492.075,25.71959,2.278768E-03,.19779,
,73.5,10.71914,33.59631,1491.899,25.73267,2.266424E-03,.1989334,
,74,10.68526,33.60024,1491.792,25.74167,2.257893E-03,.2000728,
,74.5,10.66871,33.60281,1491.745,25.74658,2.253287E-03,.201209,
,75,10.66203,33.60334,1491.73,25.74822,2.251885E-03,.2023434,
,75.5,10.6572,33.60473,1491.723,25.75011,2.250109E-03,.203477,
,76,10.65517,33.60597,1491.725,25.75141,2.249018E-03,.2046099,
,76.5,10.65508,33.60488,1491.732,25.75057,2.249864E-03,.2057426,
