,0,20.05582,33.52666,1519.987,23.62494,4.258637E-03,0,
,.5,20.05582,33.52666,1519.987,23.62494,4.258637E-03,0,
,1,20.05582,33.52666,1519.987,23.62494,4.258637E-03,0,
,1.5,20.12665,33.50898,1520.172,23.59291,4.289339E-03,6.440047E-03,
,2,20.06557,33.51493,1520.017,23.61341,4.269892E-03,8.592873E-03,
,2.5,20.00312,33.51676,1519.854,23.63116,4.25314E-03,1.073752E-02,
,3,19.95779,33.52274,1519.743,23.64757,4.237681E-03,1.287531E-02,
,3.5,19.89478,33.52427,1519.578,23.66516,4.221046E-03,1.499978E-02,
,4,19.82876,33.52505,1519.403,23.68295,4.204211E-03,1.712198E-02,
,4.5,19.70047,33.52368,1519.049,23.71502,4.173773E-03,1.922184E-02,
,5,19.52877,33.52082,1518.571,23.75706,4.133851E-03,2.130614E-02,
,5.5,19.35707,33.51795,1518.093,23.7991,4.09393E-03,2.339045E-02,
,6,19.28058,33.50801,1517.874,23.81109,4.082607E-03,2.545136E-02,
,6.5,19.23259,33.49596,1517.733,23.81409,4.079843E-03,2.750529E-02,
,7,19.1846,33.4839,1517.592,23.81709,4.07708E-03,2.955921E-02,
,7.5,19.17053,33.47691,1517.552,23.81534,4.078937E-03,3.161337E-02,
,8,19.16609,33.47136,1517.542,23.81224,4.082108E-03,.0336676,
,8.5,19.16166,33.46582,1517.531,23.80914,4.08528E-03,3.572183E-02,
,9,19.0567,33.45897,1517.232,23.8304,4.065138E-03,3.776263E-02,
,9.5,18.92725,33.45181,1516.862,23.8576,4.039316E-03,3.980017E-02,
,10,18.79779,33.44465,1516.492,23.8848,4.013493E-03,.0418377,
,10.5,18.65389,33.44394,1516.084,23.92016,3.979895E-03,4.383801E-02,
,11,18.50776,33.44423,1515.671,23.95678,3.945098E-03,4.583258E-02,
,11.5,18.38942,33.44443,1515.338,23.98641,3.916972E-03,4.782524E-02,
,12,18.44681,33.44406,1515.512,23.97188,3.931021E-03,4.980587E-02,
,12.5,18.50421,33.44368,1515.686,23.95735,3.945069E-03,.0517865,
,13,18.51902,33.44352,1515.737,23.95354,3.948871E-03,.053766,
,13.5,18.44455,33.44379,1515.53,23.97223,3.931187E-03,5.574313E-02,
,14,18.37007,33.44405,1515.323,23.99092,3.913503E-03,5.772026E-02,
,14.5,18.27791,33.4402,1515.058,24.01071,3.89477E-03,5.968885E-02,
,15,18.14413,33.42664,1514.66,24.03309,3.873574E-03,6.163736E-02,
,15.5,18.01035,33.41309,1514.262,24.05548,3.852377E-03,6.358587E-02,
,16,17.80528,33.40397,1513.654,24.09799,3.811969E-03,6.550647E-02,
,16.5,17.51363,33.40022,1512.791,24.16497,3.748229E-03,.0673932,
,17,17.22198,33.39648,1511.928,24.23194,3.68449E-03,6.927992E-02,
,17.5,16.84978,33.39185,1510.805,24.3153,3.605093E-03,7.110488E-02,
,18,16.4102,33.38648,1509.463,24.41236,3.512598E-03,7.287817E-02,
,18.5,15.97062,33.38111,1508.122,24.50943,3.420102E-03,7.465146E-02,
,19,15.7229,33.38473,1507.371,24.56841,3.363987E-03,7.636277E-02,
,19.5,15.56829,33.3927,1506.905,24.60891,3.325528E-03,.078044,
,20,15.41862,33.39965,1506.454,24.64752,3.288872E-03,7.972321E-02,
,20.5,15.34188,33.3915,1506.211,24.65812,3.278858E-03,8.137263E-02,
,21,15.26514,33.38335,1505.969,24.66871,3.268844E-03,8.302206E-02,
,21.5,15.20171,33.37907,1505.772,24.67932,3.258863E-03,8.466554E-02,
,22,15.15394,33.37932,1505.63,24.68993,3.248922E-03,8.630201E-02,
,22.5,15.10618,33.37958,1505.487,24.70055,3.23898E-03,8.793849E-02,
,23,15.06563,33.3828,1505.371,24.71188,3.228311E-03,8.956283E-02,
,23.5,15.02582,33.38633,1505.257,24.72329,3.217566E-03,9.118591E-02,
,24,14.97623,33.38976,1505.112,24.73671,3.204909E-03,9.280357E-02,
,24.5,14.90455,33.39298,1504.896,24.75468,3.187925E-03,9.440894E-02,
,25,14.83287,33.3962,1504.68,24.77265,3.170941E-03,9.601432E-02,
,25.5,14.75234,33.40037,1504.436,24.7931,3.151553E-03,9.760042E-02,
,26,14.66967,33.40477,1504.185,24.81415,3.131587E-03,9.918189E-02,
,26.5,14.58367,33.40889,1503.923,24.83567,3.111181E-03,.1007587,
,27,14.48182,33.41166,1503.607,24.85939,3.088679E-03,.1023131,
,27.5,14.37997,33.41442,1503.291,24.88312,3.066177E-03,.1038676,
,28,14.31046,33.41752,1503.078,24.90017,3.050067E-03,.1054058,
,28.5,14.2526,33.42074,1502.903,24.91482,3.036259E-03,.1069381,
,29,14.19803,33.42294,1502.738,24.92797,3.023876E-03,.1084656,
,29.5,14.14977,33.42316,1502.59,24.93825,3.014223E-03,.109984,
,30,14.10126,33.42338,1502.441,24.94857,3.004534E-03,.1115022,
,30.5,14.03888,33.42273,1502.246,24.96099,2.992796E-03,.1130072,
,31,13.97649,33.42209,1502.05,24.9734,2.981057E-03,.1145122,
,31.5,13.91955,33.42097,1501.872,24.98431,2.970773E-03,.1160121,
,32,13.87106,33.41911,1501.719,24.99287,2.96275E-03,.1175043,
,32.5,13.82258,33.41725,1501.567,25.00143,2.954727E-03,.1189964,
,33,13.72488,33.41138,1501.248,25.01689,2.940061E-03,.1204759,
,33.5,13.61968,33.4049,1500.903,25.03341,2.924382E-03,.1219534,
,34,13.50664,33.39927,1500.532,25.05203,2.906718E-03,.1234209,
,34.5,13.38402,33.39468,1500.13,25.07322,2.886632E-03,.1248762,
,35,13.26141,33.3901,1499.727,25.09442,2.866547E-03,.1263315,
,35.5,13.16857,33.38264,1499.418,25.10715,2.854517E-03,.1277681,
,36,13.07765,33.37499,1499.115,25.11933,2.843006E-03,.1292034,
,36.5,13.0007,33.36819,1498.858,25.12933,2.833576E-03,.1306339,
,37,12.94192,33.3625,1498.663,25.13649,2.826854E-03,.132058,
,37.5,12.88063,33.35719,1498.46,25.14443,2.819377E-03,.1334812,
,38,12.76759,33.35993,1498.091,25.16871,2.796327E-03,.1348883,
,38.5,12.65455,33.36268,1497.723,25.19298,2.773277E-03,.1362954,
,39,12.48416,33.36704,1497.159,25.2292,2.738822E-03,.1376755,
,39.5,12.30062,33.37177,1496.551,25.26817,2.701751E-03,.1390494,
,40,12.17802,33.37864,1496.151,25.29688,2.674469E-03,.1404029,
,40.5,12.08933,33.3867,1495.865,25.31989,2.652634E-03,.1417451,
,41,12.01148,33.39042,1495.612,25.33744,2.636022E-03,.143077,
,41.5,11.94223,33.39069,1495.383,25.35064,2.62356E-03,.1444009,
,42,11.88166,33.39253,1495.186,25.36342,2.611488E-03,.1457196,
,42.5,11.83611,33.39709,1495.043,25.37544,2.600087E-03,.1470294,
,43,11.79057,33.40166,1494.9,25.38747,2.588687E-03,.1483392,
,43.5,11.74667,33.41011,1494.767,25.40219,2.574819E-03,.1496334,
,44,11.70305,33.4192,1494.635,25.41735,2.560547E-03,.150925,
,44.5,11.65943,33.42828,1494.504,25.43251,2.546275E-03,.1522166,
,45,11.60957,33.43483,1494.347,25.44677,2.532787E-03,.1534905,
,45.5,11.55808,33.44072,1494.184,25.4608,2.519507E-03,.1547597,
,46,11.50658,33.4466,1494.021,25.47483,2.506227E-03,.156029,
,46.5,11.4717,33.45206,1493.915,25.48548,2.496172E-03,.1572917,
,47,11.46107,33.45692,1493.892,25.4912,2.490821E-03,.1585447,
,47.5,11.45044,33.46177,1493.87,25.49691,2.485469E-03,.1597977,
,48,11.4398,33.46662,1493.847,25.50263,2.480118E-03,.1610508,
,48.5,11.42178,33.4697,1493.796,25.50832,2.474813E-03,.1622964,
,49,11.40109,33.47212,1493.735,25.51401,2.469525E-03,.1635395,
,49.5,11.38039,33.47455,1493.674,25.51969,2.464236E-03,.1647825,
,50,11.3597,33.47698,1493.614,25.52537,2.458948E-03,.1660255,
,50.5,11.32457,33.48119,1493.504,25.53499,2.449882E-03,.1672555,
,51,11.28838,33.48552,1493.392,25.54491,2.440535E-03,.1684844,
,51.5,11.25218,33.48985,1493.279,25.55483,2.431188E-03,.1697134,
,52,11.21702,33.49422,1493.17,25.56458,2.421995E-03,.1709406,
,52.5,11.19086,33.4989,1493.092,25.57292,2.414148E-03,.1721527,
,53,11.1647,33.50358,1493.015,25.58126,.0024063,.1733647,
,53.5,11.13854,33.50826,1492.937,25.5896,2.398452E-03,.1745768,
,54,11.11234,33.51307,1492.859,25.59805,2.390502E-03,.1757873,
,54.5,11.08582,33.51922,1492.782,25.60759,2.381541E-03,.1769823,
,55,11.05929,33.52536,1492.705,25.61713,2.372579E-03,.1781774,
,55.5,11.03276,33.53151,1492.627,25.62667,2.363618E-03,.1793725,
,56,11.00463,33.53765,1492.544,25.63649,2.354385E-03,.1805659,
,56.5,10.9564,33.54378,1492.39,25.64981,2.341773E-03,.1817388,
,57,10.90818,33.54991,1492.236,25.66313,2.329161E-03,.1829117,
,57.5,10.85995,33.55603,1492.082,25.67645,2.316549E-03,.1840845,
,58,10.81173,33.56216,1491.927,25.68977,2.303937E-03,.1852574,
,58.5,10.76797,33.5687,1491.789,25.70256,2.291842E-03,.1864071,
,59,10.72454,33.57528,1491.652,25.7153,2.279785E-03,.1875551,
,59.5,10.68111,33.58186,1491.514,25.72805,2.267728E-03,.1887031,
,60,10.63848,33.58828,1491.38,25.74053,2.255925E-03,.1898499,
,60.5,10.6077,33.59234,1491.283,25.74906,2.247908E-03,.1909788,
,61,10.57692,33.5964,1491.187,25.75759,2.239891E-03,.1921077,
,61.5,10.54615,33.60046,1491.091,25.76612,2.231874E-03,.1932366,
,62,10.51955,33.60488,1491.01,25.7742,2.224305E-03,.19436,
,62.5,10.49854,33.60976,1490.95,25.78168,2.217335E-03,.1954759,
,63,10.47752,33.61464,1490.889,25.78915,2.210366E-03,.1965919,
,63.5,10.45604,33.61934,1490.827,25.79656,2.203444E-03,.1977056,
,64,10.43261,33.62329,1490.756,25.80367,2.196718E-03,.1988104,
,64.5,10.40917,33.62725,1490.686,25.81078,2.189991E-03,.1999152,
,65,10.38574,33.6312,1490.616,25.81788,2.183265E-03,.2010199,
,65.5,10.3737,33.63435,1490.585,25.82242,2.179044E-03,.202116,
,66,10.36225,33.63745,1490.556,25.82681,2.174954E-03,.2032117,
,66.5,10.35081,33.64055,1490.527,25.83121,2.170864E-03,.2043073,
,67,10.34242,33.64314,1490.509,25.83467,2.167682E-03,.2054008,
,67.5,10.33868,33.64494,1490.506,25.8367,2.165874E-03,.2064912,
,68,10.33493,33.64673,1490.503,25.83873,2.164066E-03,.2075815,
,68.5,10.33119,33.64853,1490.5,25.84076,2.162258E-03,.2086719,
,69,10.32693,33.65045,1490.495,25.84299,2.160206E-03,.2097593,
,69.5,10.32258,33.65239,1490.49,25.84525,2.158111E-03,.2108461,
,70,10.31824,33.65434,1490.485,25.84751,2.156016E-03,.211933,
,70.5,10.31225,33.65652,1490.475,25.85024,2.153487E-03,.2130186,
,71,10.301,33.65946,1490.447,25.85447,2.14956E-03,.2141001,
,71.5,10.28975,33.6624,1490.418,25.8587,2.145633E-03,.2151816,
,72,10.2785,33.66534,1490.39,25.86294,2.141706E-03,.2162632,
,72.5,10.27186,33.66805,1490.378,25.86617,2.138753E-03,.2173404,
,73,10.26658,33.6707,1490.37,25.86913,2.136085E-03,.2184163,
,73.5,10.26129,33.67335,1490.363,25.87208,2.133416E-03,.2194923,
,74,10.25311,33.67539,1490.344,25.87506,2.130701E-03,.2205658,
,74.5,10.24254,33.67692,1490.317,25.87806,2.127948E-03,.2216374,
,75,10.23197,33.67846,1490.289,25.88106,2.125195E-03,.2227089,
,75.5,10.21749,33.68002,1490.247,25.88476,2.121769E-03,.2237786,
,76,10.19366,33.68167,1490.172,25.89013,2.116733E-03,.2248439,
,76.5,10.16982,33.68332,1490.097,25.89551,2.111697E-03,.2259092,
,77,10.1438,33.68507,1490.014,25.90133,2.106228E-03,.226973,
,77.5,10.10383,33.68754,1489.882,25.91002,2.097993E-03,.2280275,
,78,10.06385,33.69001,1489.749,25.91872,2.089758E-03,.2290819,
,78.5,10.02388,33.69248,1489.617,25.92742,2.081523E-03,.2301364,
,79,9.997986,33.69607,1489.536,25.93457,2.074787E-03,.2311806,
,79.5,9.974819,33.69988,1489.466,25.94143,2.068341E-03,.2322228,
,80,9.951653,33.70369,1489.395,25.94828,2.061895E-03,.233265,
,80.5,9.939322,33.70754,1489.364,25.95336,2.057145E-03,.2343032,
,81,9.938317,33.71146,1489.373,25.95659,2.054169E-03,.2353374,
,81.5,9.937312,33.71537,1489.383,25.95982,2.051192E-03,.2363715,
,82,9.936313,33.71929,1489.392,25.96305,2.048212E-03,.2374056,
,82.5,9.935691,33.72368,1489.403,25.96659,2.044971E-03,.2384342,
,83,9.935069,33.72808,1489.415,25.97013,2.041729E-03,.2394627,
,83.5,9.934448,33.73248,1489.426,25.97366,2.038488E-03,.2404913,
,84,9.933183,33.73667,1489.435,25.97715,2.035284E-03,.2415179,
,84.5,9.930545,33.74044,1489.439,25.98053,2.03216E-03,.2425405,
,85,9.927907,33.74421,1489.442,25.98391,2.029035E-03,.2435631,
,85.5,9.925268,33.74798,1489.445,25.98729,2.025911E-03,.2445857,
,86,9.921866,33.75128,1489.445,25.99043,2.023031E-03,.2456052,
,86.5,9.917868,33.75422,1489.443,25.99339,2.020342E-03,.2466223,
,87,9.913869,33.75715,1489.44,25.99634,2.017653E-03,.2476395,
,87.5,9.90987,33.76009,1489.438,25.9993,2.014964E-03,.2486566,
,88,9.904478,33.76292,1489.43,26.00243,2.012052E-03,.2496694,
,88.5,9.898827,33.76572,1489.421,26.00561,2.009099E-03,.2506815,
,89,9.893176,33.76853,1489.412,26.00878,2.006146E-03,.2516936,
,89.5,9.885169,33.7712,1489.395,26.01222,2.002954E-03,.2527035,
,90,9.873897,33.77368,1489.366,26.01606,1.999433E-03,.2537106,
,90.5,9.862623,33.77616,1489.336,26.01989,1.995911E-03,.2547176,
,91,9.850944,33.77869,1489.305,26.0238,1.992292E-03,.2557218,
,91.5,9.839007,33.78127,1489.274,26.02777,1.988613E-03,.2567242,
,92,9.82966,33.78388,1489.251,26.03136,1.985301E-03,.2577257,
,92.5,9.827,33.78659,1489.253,26.03395,1.98294E-03,.2587247,
,93,9.823609,33.78954,1489.253,26.03684,1.980293E-03,.2597231,
,93.5,9.816404,33.79374,1489.24,26.04125,1.97615E-03,.2607187,
,94,9.809351,33.79799,1489.228,26.0457,1.971983E-03,.2617137,
,94.5,9.803209,33.80259,1489.22,26.05036,1.967669E-03,.2627051,
,95,9.796454,33.80727,1489.21,26.05517,1.963214E-03,.2636958,
,95.5,9.785376,33.81243,1489.184,26.06103,1.957763E-03,.2646823,
,96,9.773421,33.81727,1489.155,26.06679,1.952395E-03,.2656679,
,96.5,9.757653,33.82069,1489.11,26.07211,1.947393E-03,.2666492,
,97,9.744682,33.82394,1489.076,26.07683,1.942979E-03,.2676297,
,97.5,9.740659,33.82666,1489.073,26.07961,1.94045E-03,.2686073,
,98,9.736533,33.82896,1489.069,26.08208,1.938212E-03,.2695846,
,98.5,9.732038,33.82979,1489.062,26.08344,1.937034E-03,.2705604,
,99,9.728044,33.8307,1489.057,26.08479,1.935856E-03,.2715358,
,99.5,9.725694,33.83189,1489.058,26.08614,1.934679E-03,.2725104,
,100,9.723638,33.83293,1489.06,26.08732,1.933656E-03,.2734848,
,100.5,9.722461,33.83356,1489.065,26.08797,1.933095E-03,.2744586,
,101,9.72174,33.83435,1489.071,26.08868,1.932499E-03,.2754321,
,101.5,9.721823,33.83541,1489.081,26.08949,1.931841E-03,.2764053,
,102,9.720462,33.83648,1489.086,26.09056,1.930917E-03,.2773781,
,102.5,9.718042,33.83755,1489.087,26.09179,.0019298,.2783504,
,103,9.716218,33.83826,1489.089,26.09265,1.929093E-03,.2793222,
,103.5,9.714612,33.83885,1489.093,26.09339,1.928513E-03,.2802939,
,104,9.714297,33.83897,1489.1,26.09357,1.928389E-03,.2812652,
,104.5,9.71381,33.83908,1489.106,26.09377,1.928255E-03,.2822365,
,105,9.70813,33.8386,1489.094,26.09435,1.927816E-03,.2832075,
,105.5,9.702576,33.83812,1489.081,26.09492,1.927395E-03,.2841785,
,106,9.697739,33.8377,1489.071,26.09536,1.927083E-03,.2851492,
,106.5,9.692937,33.83791,1489.062,26.0963,1.926289E-03,.2861196,
,107,9.688251,33.84014,1489.056,26.09885,1.923925E-03,.287089,
,107.5,9.682137,33.84271,1489.046,26.10188,1.921111E-03,.2880575,
,108,9.672118,33.84621,1489.022,26.10626,1.917068E-03,.2890238,
,108.5,9.666098,33.85004,1489.013,26.11025,1.913398E-03,.2899888,
,109,9.666805,33.85445,1489.029,26.11357,1.910355E-03,.2909518,
,109.5,9.668604,33.85759,1489.048,26.11572,1.908407E-03,.2919138,
,110,9.671482,33.85949,1489.069,26.1167,1.907544E-03,.2928749,
,110.5,9.676254,33.86166,1489.097,26.11762,1.906795E-03,.2938355,
,111,9.679494,33.8643,1489.12,26.11916,1.90547E-03,.2947956,
,111.5,9.678013,33.8681,1489.128,26.12232,1.902597E-03,.2957546,
,112,9.673345,33.8731,1489.125,26.12699,1.898255E-03,.2967114,
,112.5,9.666349,33.87896,1489.115,26.13276,1.89284E-03,.2976668,
,113,9.657499,33.88466,1489.099,26.13867,1.88728E-03,.298618,
,113.5,9.648185,33.89032,1489.08,26.14463,1.881684E-03,.2995683,
,114,9.643702,33.89476,1489.078,26.14885,1.877856E-03,.3005145,
,114.5,9.6397,33.89901,1489.076,26.15284,1.874235E-03,.3014602,
,115,9.637217,33.90221,1489.079,26.15577,1.87151E-03,.3024032,
,115.5,9.634455,33.90499,1489.081,26.15841,1.869072E-03,.3033455,
,116,9.631236,33.90709,1489.08,26.16055,1.867102E-03,.3042866,
,116.5,9.630697,33.90765,1489.087,26.16107,1.866673E-03,.305227,
,117,9.631733,33.90841,1489.1,26.16151,1.866329E-03,.3061672,
,117.5,9.633059,33.91061,1489.116,26.16307,1.864956E-03,.3071069,
,118,9.624803,33.91142,1489.095,26.165,1.863235E-03,.3080457,
,118.5,9.619725,33.91203,1489.086,26.16628,1.862146E-03,.3089843,
,119,9.622538,33.91216,1489.105,26.16591,1.862626E-03,.3099225,
,119.5,9.62852,33.91108,1489.133,26.16407,1.864493E-03,.3108615,
,120,9.636374,33.90929,1489.168,26.16138,1.867179E-03,.311801,
,120.5,9.636958,33.90934,1489.179,26.16138,1.867238E-03,.3127415,
,121,9.636406,33.90998,1489.186,26.16203,1.866686E-03,.3136819,
,121.5,9.632624,33.91388,1489.185,26.16563,.0018634,.3146209,
,122,9.627826,33.9189,1489.182,26.17032,1.859049E-03,.3155585,
,122.5,9.621382,33.92572,1489.175,26.17678,1.852977E-03,.3164937,
,123,9.608868,33.93012,1489.143,26.18227,1.847778E-03,.3174257,
,123.5,9.603559,33.93302,1489.136,26.18538,1.844901E-03,.318356,
,124,9.609533,33.93378,1489.167,26.18496,1.845469E-03,.3192855,
,124.5,9.606167,33.93235,1489.161,26.18433,1.846171E-03,.3202153,
,125,9.599959,33.93464,1489.15,26.18719,1.843543E-03,.3211446,
,125.5,9.594873,33.93695,1489.142,26.18988,1.841031E-03,.3220726,
,126,9.590998,33.9385,1489.138,26.19166,1.839485E-03,.3229996,
,126.5,9.589397,33.93965,1489.142,26.19288,1.838444E-03,.323926,
,127,9.58804,33.94051,1489.147,26.19385,1.837631E-03,.3248519,
,127.5,9.585649,33.94152,1489.147,26.19502,1.83654E-03,.3257773,
,128,9.582567,33.94255,1489.146,26.19627,1.835399E-03,.3267021,
,128.5,9.578907,33.94353,1489.142,26.19759,1.834246E-03,.3276265,
,129,9.573372,33.94452,1489.131,26.19928,1.832749E-03,.3285501,
,129.5,9.562612,33.94592,1489.102,26.20221,1.830099E-03,.3294727,
,130,9.544607,33.94949,1489.049,26.20797,1.824673E-03,.3303933,
,130.5,9.526783,33.95375,1488.998,26.21424,1.818798E-03,.331311,
,131,9.518343,33.95852,1488.981,26.21934,1.814061E-03,.3322259,
,131.5,9.515461,33.96299,1488.984,26.22327,1.810422E-03,.3331389,
,132,9.515652,33.96707,1488.998,26.22642,1.807519E-03,.3340502,
,132.5,9.519253,33.97143,1489.025,26.22927,1.804916E-03,.3349602,
,133,9.519117,33.97475,1489.037,26.23189,1.80261E-03,.3358689,
,133.5,9.521726,33.97758,1489.058,26.23367,1.801012E-03,.3367765,
,134,9.523343,33.98031,1489.076,26.23553,1.799354E-03,.3376833,
,134.5,9.523659,33.98299,1489.089,26.23756,1.797554E-03,.3385895,
,135,9.522775,33.98613,1489.098,26.24018,1.795139E-03,.339494,
,135.5,9.522054,33.98951,1489.107,26.24296,1.792567E-03,.3403981,
,136,9.523658,33.9943,1489.127,26.24643,1.789391E-03,.3412997,
,136.5,9.52593,33.99923,1489.15,26.24989,1.786217E-03,.3422009,
,137,9.531227,34.00477,1489.184,26.25335,1.783047E-03,.3430995,
,137.5,9.535986,34.01014,1489.217,26.25677,1.779916E-03,.3439973,
,138,9.539041,34.01497,1489.242,26.26006,1.776909E-03,.3448929,
,138.5,9.541512,34.01922,1489.264,26.26297,1.774251E-03,.3457878,
,139,9.542418,34.0219,1489.279,26.26489,1.772532E-03,.346681,
,139.5,9.543204,34.02444,1489.293,26.26673,1.770889E-03,.3475738,
,140,9.543414,34.02631,1489.305,26.26819,1.769607E-03,.3484654,
,140.5,9.543623,34.02816,1489.316,26.26964,1.768325E-03,.3493569,
,141,9.543061,34.02968,1489.324,26.2709,1.767232E-03,.3502472,
,141.5,9.542494,34.03119,1489.332,26.27216,1.766141E-03,.3511375,
,142,9.543219,34.03278,1489.345,26.27331,1.765107E-03,.3520269,
,142.5,9.544075,34.03436,1489.359,26.27444,1.764089E-03,.3529161,
,143,9.542351,34.03537,1489.362,26.27546,1.763252E-03,.3538044,
,143.5,9.539719,34.03606,1489.361,26.27638,1.762482E-03,.3546926,
,144,9.533824,34.03556,1489.348,26.27699,1.761958E-03,.3555804,
,144.5,9.526129,34.03514,1489.327,26.27794,1.761112E-03,.3564678,
,145,9.511274,34.03504,1489.281,26.28028,1.758988E-03,.3573541,
,145.5,9.496321,34.03494,1489.235,26.28264,1.756848E-03,.3582403,
,146,9.47997,34.03476,1489.183,26.2852,1.754466E-03,.3591242,
,146.5,9.463618,34.03457,1489.132,26.28776,1.752083E-03,.3600081,
,147,9.458832,34.03553,1489.124,26.28923,1.750738E-03,.3608902,
,147.5,9.4544,34.03651,1489.117,26.29067,1.749424E-03,.3617722,
,148,9.452512,34.03725,1489.12,26.29163,1.748663E-03,.3626532,
,148.5,9.450809,34.03797,1489.122,26.29255,1.747943E-03,.3635341,
,149,9.447291,34.03931,1489.12,26.29414,1.746505E-03,.3644141,
,149.5,9.443366,34.04078,1489.115,26.29588,1.744906E-03,.3652938,
,150,9.44386,34.04296,1489.128,26.29749,1.74346E-03,.3661724,
,150.5,9.44618,34.04544,1489.148,26.29905,1.742077E-03,.3670505,
,151,9.447935,34.04833,1489.166,26.30102,1.740332E-03,.3679276,
,151.5,9.449165,34.0516,1489.183,26.30337,1.738249E-03,.3688037,
,152,9.449384,34.05479,1489.196,26.30584,1.736043E-03,.3696792,
,152.5,9.447083,34.05779,1489.2,26.30859,1.733527E-03,.3705527,
,153,9.444783,34.06079,1489.203,26.31134,1.731012E-03,.3714263,
,153.5,9.445371,34.06369,1489.217,26.31349,1.729072E-03,.3722974,
,154,9.446022,34.06658,1489.231,26.31562,1.727145E-03,.3731684,
,154.5,9.445878,34.06885,1489.242,26.31741,1.725549E-03,.374038,
,155,9.445464,34.07091,1489.251,26.31907,1.724066E-03,.374907,
,155.5,9.442441,34.07323,1489.251,26.32139,1.721937E-03,.3757749,
,156,9.436511,34.07586,1489.241,26.32443,1.719089E-03,.3766414,
,156.5,9.430814,34.07847,1489.232,26.32743,1.716291E-03,.3775077,
,157,9.428282,34.08101,1489.234,26.32981,1.714166E-03,.3783711,
,157.5,9.425749,34.08354,1489.236,26.33219,1.712042E-03,.3792346,
,158,9.427111,34.08674,1489.253,26.33447,1.709984E-03,.3800966,
,158.5,9.431616,34.09049,1489.283,26.33668,1.707979E-03,.3809575,
,159,9.436687,34.09412,1489.314,26.33871,1.706157E-03,.3818181,
,159.5,9.444398,34.09722,1489.354,26.33989,1.705184E-03,.3826773,
,160,9.452108,34.10032,1489.394,26.34107,1.70421E-03,.3835364,
,160.5,9.460952,34.10361,1489.439,26.34217,1.703272E-03,.3843946,
,161,9.469921,34.10693,1489.484,26.34326,1.702339E-03,.3852527,
,161.5,9.473703,34.10965,1489.509,26.34478,1.701006E-03,.3861099,
,162,9.475979,34.1122,1489.529,26.34641,1.699557E-03,.3869667,
,162.5,9.478582,34.11474,1489.55,26.34799,1.698164E-03,.3878225,
,163,9.481335,34.11728,1489.571,26.34955,1.696795E-03,.3886779,
,163.5,9.483155,34.11972,1489.589,26.35115,1.69538E-03,.3895324,
,164,9.484466,34.1221,1489.605,26.35278,1.69394E-03,.3903863,
,164.5,9.484456,34.12407,1489.616,26.35433,1.692599E-03,.3912394,
,165,9.483349,34.1257,1489.622,26.35581,1.691342E-03,.3920919,
,165.5,9.482216,34.1272,1489.628,26.35717,1.690181E-03,.3929439,
,166,9.481031,34.12844,1489.634,26.35828,1.689222E-03,.3937952,
,166.5,9.479821,34.12957,1489.639,26.35933,1.688322E-03,.3946463,
,167,9.478449,34.13004,1489.643,26.35992,1.687811E-03,.3954967,
,167.5,9.477098,34.13049,1489.647,26.36049,1.687318E-03,.3963471,
,168,9.476066,34.13073,1489.652,26.36086,1.687077E-03,.3971972,
,168.5,9.474959,34.13095,1489.656,26.36123,1.686842E-03,.3980472,
,169,9.472899,34.13088,1489.657,26.36152,1.686667E-03,.3988971,
,169.5,9.47084,34.13082,1489.658,26.36182,1.686493E-03,.3997469,
,170,9.466908,34.13069,1489.651,26.36235,1.686082E-03,.4005965,
,170.5,9.462959,34.13056,1489.645,26.36288,1.685669E-03,.401446,
,171,9.460703,34.13039,1489.645,26.36311,1.685542E-03,.4022954,
,171.5,9.459156,34.1302,1489.647,26.36321,1.685534E-03,.4031447,
,172,9.457967,34.13002,1489.651,26.36326,1.685572E-03,.403994,
,172.5,9.457561,34.12987,1489.658,26.36321,1.68571E-03,.4048434,
,173,9.457154,34.12972,1489.664,26.36316,1.685848E-03,.4056927,
,173.5,9.45631,34.12936,1489.669,26.363,1.686042E-03,.4065423,
,174,9.455435,34.12898,1489.674,26.36284,1.68624E-03,.4073918,
,174.5,9.453737,34.12847,1489.675,26.36275,1.686408E-03,.4082415,
,175,9.451663,34.1279,1489.675,26.3627,1.686563E-03,.4090913,
,175.5,9.448664,34.1271,1489.672,26.36257,1.686779E-03,.4099412,
,176,9.4449,34.12611,1489.665,26.3624,1.687047E-03,.4107912,
,176.5,9.438149,34.12546,1489.648,26.36298,1.686569E-03,.4116409,
,177,9.42773,34.12524,1489.618,26.36451,1.685175E-03,.4124904,
,177.5,9.416554,34.12509,1489.585,26.36621,1.683631E-03,.4133392,
,178,9.404051,34.12506,1489.548,26.36823,1.681825E-03,.4141869,
,178.5,9.395409,34.12522,1489.525,26.36977,1.680446E-03,.4150343,
,179,9.395621,34.12581,1489.535,26.37024,1.680049E-03,.4158809,
,179.5,9.395594,34.12627,1489.543,26.37063,1.679752E-03,.4167275,
,180,9.394739,34.12626,1489.548,26.37075,1.679799E-03,.4175739,
,180.5,9.39377,34.12626,1489.553,26.37088,1.679815E-03,.4184203,
,181,9.391921,34.12622,1489.555,26.37116,1.679595E-03,.4192666,
,181.5,9.390072,34.12619,1489.556,26.37144,1.679376E-03,.420113,
,182,9.388299,34.12594,1489.558,26.37151,1.679401E-03,.4209592,
,182.5,9.386531,34.12567,1489.559,26.37156,1.679444E-03,.4218055,
,183,9.383845,34.12528,1489.557,26.37169,1.679419E-03,.4226517,
,183.5,9.380681,34.12482,1489.553,26.37186,1.679359E-03,.4234979,
,184,9.37655,34.12398,1489.545,26.37187,1.679418E-03,.4243442,
,184.5,9.371209,34.12267,1489.533,26.3717,1.679626E-03,.4251905,
,185,9.362708,34.12175,1489.509,26.37236,1.679061E-03,.4260365,
,185.5,9.346854,34.12175,1489.459,26.37496,1.676695E-03,.4268816,
,186,9.330971,34.12185,1489.409,26.37765,1.67424E-03,.4277264,
,186.5,9.314905,34.12259,1489.36,26.38081,1.671237E-03,.4285686,
,187,9.29884,34.12332,1489.31,26.38397,1.668234E-03,.4294108,
,187.5,9.297498,34.12579,1489.317,26.38612,1.66628E-03,.4302504,
,188,9.297768,34.12846,1489.329,26.38815,1.66444E-03,.4310898,
,188.5,9.301374,34.13045,1489.353,26.38913,1.663663E-03,.4319287,
,189,9.30755,34.13193,1489.386,26.38928,1.663705E-03,.432767,
,189.5,9.315696,34.13328,1489.426,26.38902,1.664137E-03,.4336056,
,190,9.329876,34.13423,1489.487,26.38746,1.665766E-03,.4344448,
,190.5,9.342436,34.13514,1489.542,26.38614,1.667168E-03,.4352841,
,191,9.326631,34.13523,1489.493,26.38881,1.664623E-03,.436123,
,191.5,9.310826,34.13533,1489.443,26.39148,1.662078E-03,.4369618,
,192,9.300989,34.13521,1489.415,26.39296,1.660728E-03,.4377987,
,192.5,9.291421,34.13508,1489.389,26.39438,1.659431E-03,.4386356,
,193,9.29068,34.13517,1489.394,26.39459,1.659345E-03,.4394718,
,193.5,9.290095,34.13527,1489.401,26.39477,1.659281E-03,.4403079,
,194,9.290075,34.13549,1489.409,26.39495,1.659216E-03,.441144,
,194.5,9.290092,34.1357,1489.418,26.39513,1.65915E-03,.4419802,
,195,9.292061,34.13671,1489.434,26.3956,1.658814E-03,.4428161,
,195.5,9.294185,34.13779,1489.452,26.39609,1.658456E-03,.443652,
,196,9.295877,34.13881,1489.468,26.39661,1.65807E-03,.4444876,
,196.5,9.297543,34.13983,1489.483,26.39712,1.657684E-03,.4453231,
,197,9.298633,34.14164,1489.498,26.39835,1.656618E-03,.4461579,
,197.5,9.299587,34.14363,1489.512,26.39974,1.655395E-03,.4469925,
,198,9.304101,34.14614,1489.54,26.40097,1.654328E-03,.4478265,
,198.5,9.310775,34.14895,1489.576,26.4021,1.653356E-03,.4486599,
,199,9.32369,34.1525,1489.636,26.40279,1.652858E-03,.4494931,
,199.5,9.343813,34.15691,1489.723,26.40298,1.652907E-03,.4503261,
,200,9.363728,34.16102,1489.81,26.40298,1.653106E-03,.4511591,
,200.5,9.383373,34.16476,1489.894,26.40273,1.653496E-03,.4519923,
,201,9.396452,34.16833,1489.955,26.4034,1.653003E-03,.4528252,
,201.5,9.399875,34.17167,1489.98,26.4054,1.65121E-03,.4536576,
,202,9.401065,34.17459,1489.996,26.40748,1.649347E-03,.4544894,
,202.5,9.397765,34.17672,1489.995,26.40969,1.647346E-03,.4553199,
,203,9.395446,34.17881,1489.997,26.41172,1.64553E-03,.45615,
,203.5,9.397453,34.1807,1490.015,26.41289,1.644526E-03,.4569789,
,204,9.39963,34.18248,1490.033,26.41394,1.643642E-03,.4578076,
,204.5,9.402436,34.18388,1490.054,26.41453,1.643203E-03,.4586357,
,205,9.404251,34.18542,1490.071,26.4154,1.642489E-03,.4594636,
,205.5,9.404065,34.18724,1490.08,26.41686,1.641218E-03,.4602909,
,206,9.403282,34.1888,1490.088,26.41823,1.640006E-03,.4611178,
,206.5,9.401635,34.19001,1490.092,26.41948,1.638881E-03,.461944,
,207,9.400084,34.19097,1490.095,26.42048,1.638008E-03,.4627698,
,207.5,9.398654,34.1916,1490.099,26.42119,1.637451E-03,.4635951,
,208,9.397432,34.19188,1490.103,26.42158,1.637163E-03,.4644203,
,208.5,9.396383,34.19184,1490.108,26.4217,1.637098E-03,.4652453,
,209,9.394377,34.19152,1490.108,26.42179,1.637127E-03,.4660704,
,209.5,9.391565,34.19096,1490.106,26.42185,1.637235E-03,.4668955,
,210,9.389533,34.19066,1490.106,26.42195,1.637249E-03,.4677206,
,210.5,9.388146,34.19058,1490.109,26.42206,1.637184E-03,.4685457,
,211,9.385977,34.19048,1490.109,26.42233,1.637005E-03,.4693707,
,211.5,9.383109,34.19037,1490.107,26.42273,1.636726E-03,.4701956,
,212,9.378667,34.19062,1490.1,26.42367,1.635914E-03,.4710201,
,212.5,9.371902,34.19143,1490.084,26.42541,1.634317E-03,.471844,
,213,9.364869,34.1922,1490.068,26.42715,1.632726E-03,.4726675,
,213.5,9.356891,34.19283,1490.048,26.42891,1.631153E-03,.4734897,
,214,9.348938,34.19345,1490.028,26.43066,1.629584E-03,.4743118,
,214.5,9.346859,34.19391,1490.029,26.43142,1.628918E-03,.4751327,
,215,9.34478,34.19437,1490.03,26.43217,1.628251E-03,.4759536,
,215.5,9.339258,34.19442,1490.018,26.43309,1.627432E-03,.4767739,
,216,9.333344,34.19442,1490.005,26.43403,1.626595E-03,.477594,
,216.5,9.326648,34.19336,1489.987,26.43426,1.626485E-03,.4784137,
,217,9.319901,34.19222,1489.97,26.43444,1.626426E-03,.4792335,
,217.5,9.312877,34.19043,1489.95,26.4342,1.626702E-03,.4800533,
,218,9.305852,34.18863,1489.93,26.43396,1.626978E-03,.4808731,
,218.5,9.298038,34.18634,1489.907,26.43346,1.627496E-03,.4816934,
,219,9.290213,34.18405,1489.884,26.43296,1.628018E-03,.4825137,
,219.5,9.281732,34.1818,1489.859,26.43257,1.628442E-03,.4833344,
,220,9.273087,34.17956,1489.832,26.4322,1.628843E-03,.4841551,
,220.5,9.266689,34.17818,1489.816,26.43213,1.62901E-03,.4849761,
,221,9.260798,34.17698,1489.801,26.43213,1.629125E-03,.4857971,
,221.5,9.257943,34.17668,1489.798,26.43238,1.628951E-03,.486618,
,222,9.255316,34.17655,1489.797,26.43272,1.628686E-03,.487439,
,222.5,9.252688,34.17739,1489.797,26.43383,1.62774E-03,.4882594,
,223,9.249829,34.17815,1489.795,26.4349,1.626826E-03,.4890797,
,223.5,9.245249,34.17826,1489.787,26.43567,1.626144E-03,.4898993,
,224,9.240629,34.17839,1489.778,26.43647,1.625443E-03,.4907189,
,224.5,9.23543,34.17876,1489.768,26.43763,1.624445E-03,.4915376,
,225,9.230231,34.17913,1489.758,26.4388,1.623447E-03,.4923564,
,225.5,9.229086,34.17955,1489.762,26.43928,1.623086E-03,.4931744,
,226,9.228109,34.17996,1489.768,26.43974,1.622752E-03,.4939924,
,226.5,9.233541,34.18136,1489.797,26.43997,1.622644E-03,.4948103,
,227,9.240228,34.18296,1489.832,26.44015,1.62258E-03,.4956281,
,227.5,9.243025,34.18454,1489.853,26.44092,1.621994E-03,.4964456,
,228,9.244712,34.18612,1489.869,26.44187,1.62126E-03,.497263,
,228.5,9.247757,34.18728,1489.89,26.4423,1.620966E-03,.4980801,
,229,9.251356,34.18829,1489.913,26.44253,1.620851E-03,.498897,
,229.5,9.257564,34.18925,1489.945,26.44227,.0016212,.4997142,
,230,9.265876,34.19017,1489.985,26.44161,1.621922E-03,.5005315,
,230.5,9.270316,34.19083,1490.01,26.4414,1.622229E-03,.5013489,
,231,9.270798,34.19122,1490.021,26.44163,1.62211E-03,.5021665,
,231.5,9.271047,34.19158,1490.031,26.44189,1.621946E-03,.502984,
,232,9.27097,34.1919,1490.039,26.44218,1.621721E-03,.5038014,
,232.5,9.270883,34.19216,1490.047,26.44242,1.621576E-03,.5046188,
,233,9.270767,34.19225,1490.055,26.44253,1.621621E-03,.5054361,
,233.5,9.270241,34.19241,1490.062,26.44275,1.621553E-03,.5062534,
,234,9.267028,34.19297,1490.059,26.44366,1.620739E-03,.5070703,
,234.5,9.26427,34.19369,1490.058,26.44464,1.619874E-03,.5078871,
,235,9.264673,34.19551,1490.07,26.44604,1.618653E-03,.5087031,
,235.5,9.266545,34.19752,1490.088,26.44732,1.617551E-03,.5095188,
,236,9.273636,34.20015,1490.125,26.44817,1.61687E-03,.5103338,
,236.5,9.281973,34.20296,1490.168,26.44898,1.616233E-03,.5111487,
,237,9.292823,34.20615,1490.22,26.44975,1.615686E-03,.5119632,
,237.5,9.303962,34.20898,1490.272,26.45017,1.615426E-03,.5127776,
,238,9.315529,34.21127,1490.326,26.45011,1.61559E-03,.5135918,
,238.5,9.324129,34.21313,1490.368,26.45016,1.615667E-03,.5144061,
,239,9.327882,34.21426,1490.391,26.45041,1.615602E-03,.5152205,
,239.5,9.329662,34.21502,1490.407,26.45071,1.615434E-03,.5160347,
,240,9.327959,34.21512,1490.409,26.45114,1.615083E-03,.5168489,
,240.5,9.323453,34.21494,1490.401,26.45176,1.614548E-03,.5176628,
,241,9.313531,34.21421,1490.372,26.45275,1.613656E-03,.5184762,
,241.5,9.304196,34.21325,1490.345,26.45348,1.613012E-03,.5192896,
,242,9.296634,34.21159,1490.323,26.45342,1.613115E-03,.5201027,
,242.5,9.2885,34.20982,1490.3,26.45337,1.613218E-03,.5209158,
,243,9.277259,34.20754,1490.264,26.45337,1.613323E-03,.5217289,
,243.5,9.265472,34.20523,1490.226,26.45344,1.613348E-03,.5225421,
,244,9.248621,34.20262,1490.169,26.45418,1.612637E-03,.523355,
,244.5,9.231798,34.2001,1490.113,26.45497,1.611879E-03,.5241678,
,245,9.215177,34.19815,1490.058,26.4561,1.610809E-03,.5249798,
,245.5,9.200797,34.19645,1490.011,26.45706,1.609927E-03,.5257916,
,246,9.192207,34.19538,1489.987,26.4576,1.609535E-03,.526603,
,246.5,9.185946,34.19473,1489.971,26.45811,1.609144E-03,.5274142,
,247,9.182265,34.19453,1489.966,26.45858,1.608754E-03,.5282252,
,247.5,9.179836,34.19482,1489.966,26.45921,1.608214E-03,.5290359,
,248,9.178044,34.19535,1489.968,26.45991,1.607598E-03,.5298464,
,248.5,9.175719,34.19609,1489.969,26.46083,1.606783E-03,.5306564,
,249,9.173228,34.1969,1489.969,26.46181,1.605907E-03,.5314662,
,249.5,9.170159,34.19788,1489.967,26.46305,1.604824E-03,.5322753,
,250,9.166916,34.19891,1489.965,26.46436,1.603678E-03,.533084,
,250.5,9.164349,34.19981,1489.965,26.46549,1.602712E-03,.5338921,
,251,9.16217,34.20061,1489.966,26.46652,1.60185E-03,.5346998,
,251.5,9.160113,34.20121,1489.967,26.46734,1.601143E-03,.5355071,
,252,9.158135,34.20167,1489.969,26.46804,1.600536E-03,.5363141,
,252.5,9.15642,34.20195,1489.971,26.46852,1.600169E-03,.5371208,
,253,9.154828,34.20215,1489.974,26.46891,1.599915E-03,.5379273,
,253.5,9.153271,34.20281,1489.977,26.46967,1.599316E-03,.5387335,
,254,9.151721,34.20359,1489.981,26.47052,1.59863E-03,.5395396,
,254.5,9.150089,34.2042,1489.984,26.47127,1.597973E-03,.5403451,
,255,9.148452,34.20479,1489.987,26.47202,1.597318E-03,.5411506,
,255.5,9.148456,34.20536,1489.996,26.47245,1.597011E-03,.5419556,
,256,9.148524,34.20594,1490.005,26.47287,1.596718E-03,.5427606,
,256.5,9.144233,34.20654,1489.998,26.47408,1.595691E-03,.543565,
,257,9.13964,34.20715,1489.991,26.47533,1.594613E-03,.5443694,
,257.5,9.136022,34.20805,1489.987,26.47657,1.593488E-03,.5451726,
,258,9.132412,34.20896,1489.983,26.47782,1.592362E-03,.5459759,
,258.5,9.130402,34.21027,1489.985,26.47918,1.591121E-03,.546778,
,259,9.128522,34.21161,1489.989,26.48055,1.58987E-03,.5475799,
,259.5,9.128118,34.21262,1489.996,26.48142,1.589198E-03,.5483811,
,260,9.127914,34.21359,1490.005,26.48222,1.588605E-03,.5491822,
,260.5,9.129178,34.21452,1490.019,26.48277,1.588151E-03,.5499828,
,261,9.130552,34.21544,1490.034,26.48329,1.587722E-03,.5507834,
,261.5,9.130713,34.21586,1490.043,26.48355,1.587589E-03,.5515836,
,262,9.130679,34.21637,1490.052,26.48391,1.587354E-03,.5523839,
,262.5,9.129752,34.21725,1490.058,26.48471,1.586649E-03,.5531839,
,263,9.128811,34.21808,1490.064,26.48551,1.585973E-03,.5539836,
,263.5,9.127843,34.21884,1490.07,26.48629,1.58535E-03,.5547829,
,264,9.127199,34.21972,1490.077,26.4871,1.584696E-03,.5555819,
,264.5,9.126905,34.22074,1490.085,26.48795,1.584006E-03,.5563806,
,265,9.126233,34.22131,1490.092,26.48852,1.58355E-03,.557179,
,265.5,9.125325,34.22161,1490.097,26.4889,1.583239E-03,.5579772,
,266,9.124719,34.22188,1490.103,26.48919,1.583057E-03,.5587753,
,266.5,9.124234,34.22213,1490.11,26.48945,1.582927E-03,.5595734,
,267,9.123747,34.22207,1490.117,26.4895,1.582949E-03,.5603713,
,267.5,9.123259,34.22194,1490.123,26.4895,1.583004E-03,.5611693,
,268,9.123062,34.2218,1490.13,26.48944,1.583177E-03,.5619674,
,268.5,9.122829,34.22163,1490.138,26.48935,1.583375E-03,.5627654,
,269,9.122094,34.22115,1490.143,26.48908,1.583755E-03,.5635638,
,269.5,9.120926,34.2207,1490.146,26.48891,1.584017E-03,.5643622,
,270,9.118768,34.22036,1490.146,26.48897,1.58401E-03,.5651607,
,270.5,9.116198,34.21998,1490.144,26.48909,1.583955E-03,.5659592,
,271,9.112992,34.21956,1490.14,26.48928,1.583827E-03,.5667577,
,271.5,9.110205,34.21944,1490.138,26.48962,1.583587E-03,.567556,
,272,9.107861,34.21965,1490.138,26.49011,1.583231E-03,.5683542,
,272.5,9.107267,34.21991,1490.145,26.49039,1.583079E-03,.5691524,
,273,9.108423,34.2202,1490.158,26.49045,1.583132E-03,.5699505,
,273.5,9.110208,34.22059,1490.173,26.49052,1.583187E-03,.5707486,
,274,9.112447,34.22105,1490.19,26.49059,1.583243E-03,.5715467,
,274.5,9.108676,34.22109,1490.185,26.49123,1.582706E-03,.5723446,
,275,9.103018,34.22099,1490.172,26.49206,1.581984E-03,.5731425,
,275.5,9.100155,34.22118,1490.17,26.49265,1.581468E-03,.5739397,
,276,9.096976,34.22134,1490.167,26.49327,1.580939E-03,.574737,
,276.5,9.091805,34.22127,1490.156,26.49398,1.580323E-03,.5755337,
,277,9.087435,34.22144,1490.148,26.49478,1.57964E-03,.5763302,
,277.5,9.085399,34.22232,1490.15,26.49583,1.578761E-03,.5771263,
,278,9.084298,34.22313,1490.155,26.49664,1.57808E-03,.5779221,
,278.5,9.084609,34.22382,1490.166,26.49711,1.577696E-03,.5787176,
,279,9.08544,34.22469,1490.178,26.49767,1.57725E-03,.5795129,
,279.5,9.08668,34.22569,1490.192,26.49832,1.576757E-03,.580308,
,280,9.086306,34.22632,1490.2,26.49888,1.576338E-03,.5811027,
,280.5,9.085091,34.22674,1490.204,26.4994,1.575958E-03,.5818974,
,281,9.086039,34.22779,1490.217,26.50002,1.575486E-03,.5826917,
,281.5,9.087536,34.22899,1490.233,26.50067,1.574992E-03,.583486,
,282,9.091362,34.23011,1490.256,26.50095,1.574831E-03,.5842799,
,282.5,9.095449,34.23122,1490.281,26.5012,1.574707E-03,.5850738,
,283,9.088901,34.23196,1490.266,26.50287,1.573183E-03,.5858669,
,283.5,9.081396,34.23266,1490.248,26.50467,1.571534E-03,.58666,
,284,9.068923,34.2322,1490.21,26.50623,1.570102E-03,.5874516,
,284.5,9.056174,34.23168,1490.17,26.50779,1.568682E-03,.5882431,
,285,9.044188,34.23012,1490.132,26.5085,1.568005E-03,.5890337,
,285.5,9.032365,34.2285,1490.095,26.50915,1.56739E-03,.5898242,
,286,9.023306,34.22629,1490.067,26.50887,1.567702E-03,.5906145,
,286.5,9.014849,34.22404,1490.042,26.50848,1.568131E-03,.591405,
,287,9.008261,34.22171,1490.023,26.50771,1.568921E-03,.5921957,
,287.5,9.000889,34.21986,1490.002,26.50743,1.569242E-03,.5929868,
,288,8.992746,34.21848,1489.978,26.50764,1.569101E-03,.5937779,
,288.5,8.984557,34.21748,1489.955,26.50815,1.568625E-03,.5945687,
,289,8.976356,34.21661,1489.932,26.50875,1.56805E-03,.5953596,
,289.5,8.968871,34.21609,1489.912,26.50953,1.567424E-03,.5961499,
,290,8.961633,34.21562,1489.893,26.51031,1.566794E-03,.59694,
,290.5,8.956642,34.21545,1489.883,26.51098,1.566146E-03,.5977297,
,291,8.951914,34.21542,1489.873,26.51173,1.565471E-03,.5985192,
,291.5,8.947872,34.21572,1489.867,26.51265,1.564724E-03,.5993083,
,292,8.944834,34.21597,1489.865,26.51333,1.564175E-03,.600097,
,292.5,8.942589,34.21619,1489.865,26.51381,1.563782E-03,.6008855,
,293,8.941948,34.21621,1489.871,26.51392,1.563778E-03,.601674,
,293.5,8.941809,34.21618,1489.879,26.51392,1.563897E-03,.6024624,
,294,8.941661,34.21656,1489.887,26.51422,1.56367E-03,.6032507,
,294.5,8.941427,34.21698,1489.895,26.51458,1.563392E-03,.604039,
,295,8.939906,34.21761,1489.898,26.51536,1.562768E-03,.604827,
,295.5,8.938936,34.21831,1489.904,26.51608,1.562193E-03,.6056148,
,296,8.940341,34.21928,1489.919,26.51658,1.561832E-03,.6064023,
,296.5,8.941868,34.22012,1489.934,26.51698,1.561566E-03,.6071898,
,297,8.943802,34.22054,1489.949,26.51705,1.561619E-03,.6079771,
,297.5,8.946513,34.22105,1489.968,26.51703,1.561745E-03,.6087645,
,298,8.951009,34.22173,1489.994,26.51684,1.562043E-03,.609552,
,298.5,8.955428,34.22243,1490.02,26.51666,1.562297E-03,.6103396,
,299,8.959739,34.22315,1490.045,26.51653,1.562487E-03,.6111273,
,299.5,8.962912,34.224,1490.066,26.51667,1.562457E-03,.6119151,
,300,8.965472,34.22492,1490.085,26.51697,1.562309E-03,.6127028,
,300.5,8.96796,34.22571,1490.103,26.51721,1.562148E-03,.6134905,
,301,8.969847,34.22643,1490.119,26.51748,1.561994E-03,.6142781,
,301.5,8.971157,34.2271,1490.133,26.51777,1.561847E-03,.6150656,
,302,8.97106,34.22744,1490.142,26.51806,1.561647E-03,.615853,
,302.5,8.970821,34.22775,1490.15,26.51834,1.561456E-03,.6166403,
,303,8.971302,34.22813,1490.16,26.51855,1.561382E-03,.6174276,
,303.5,8.971254,34.22831,1490.168,26.51871,1.561363E-03,.6182148,
,304,8.970472,34.22819,1490.174,26.51878,1.561422E-03,.619002,
,304.5,8.969604,34.22815,1490.179,26.5189,1.561388E-03,.6197893,
,305,8.968376,34.22812,1490.182,26.51906,1.561296E-03,.6205765,
,305.5,8.961963,34.22731,1490.166,26.51945,1.560998E-03,.6213636,
,306,8.955398,34.2272,1490.15,26.52041,1.560148E-03,.6221504,
,306.5,8.948663,34.22788,1490.134,26.52203,1.55868E-03,.6229367,
,307,8.943907,34.22825,1490.125,26.52309,1.557741E-03,.6237223,
,307.5,8.940474,34.22856,1490.121,26.52388,1.557053E-03,.6245077,
,308,8.945226,34.229,1490.148,26.52339,1.557579E-03,.625293,
,308.5,8.949763,34.229,1490.173,26.52264,1.558368E-03,.6260785,
,309,8.953921,34.22823,1490.196,26.52146,1.559618E-03,.6268646,
,309.5,8.956484,34.22791,1490.213,26.52082,1.560347E-03,.6276511,
,310,8.958051,34.22787,1490.227,26.52053,1.560751E-03,.6284379,
,310.5,8.953469,34.22762,1490.218,26.52106,1.56038E-03,.6292247,
,311,8.949993,34.2274,1490.213,26.52144,1.560133E-03,.6300114,
,311.5,8.950457,34.22729,1490.223,26.52129,1.560344E-03,.6307981,
,312,8.950261,34.22682,1490.23,26.52093,1.560745E-03,.631585,
,312.5,8.949788,34.22621,1490.236,26.5205,1.561215E-03,.632372,
,313,8.949528,34.22599,1490.243,26.52036,1.561406E-03,.6331593,
,313.5,8.948874,34.2259,1490.249,26.52039,1.561437E-03,.6339466,
,314,8.947326,34.22612,1490.252,26.52081,1.561104E-03,.6347337,
,314.5,8.944295,34.22654,1490.249,26.52161,1.560431E-03,.6355206,
,315,8.939982,34.22713,1490.242,26.52276,1.559465E-03,.6363072,
,315.5,8.93265,34.2282,1490.225,26.52476,1.55765E-03,.6370929,
,316,8.924192,34.22943,1490.204,26.52707,1.555518E-03,.6378781,
,316.5,8.919044,34.23016,1490.194,26.52848,1.554244E-03,.6386619,
,317,8.914009,34.23079,1490.184,26.52978,1.553073E-03,.6394455,
,317.5,8.909205,34.23111,1490.175,26.53078,1.552193E-03,.6402283,
,318,8.906257,34.23121,1490.173,26.53132,1.551768E-03,.6410109,
,318.5,8.905005,34.2311,1490.176,26.53145,1.551761E-03,.6417934,
,319,8.903519,34.23072,1490.178,26.5314,1.55189E-03,.6425759,
,319.5,8.901945,34.23023,1490.18,26.53127,1.55207E-03,.6433584,
,320,8.900954,34.23016,1490.185,26.53137,1.552029E-03,.644141,
,320.5,8.89979,34.23015,1490.189,26.53155,1.551914E-03,.6449236,
,321,8.896749,34.23017,1490.186,26.53206,1.551499E-03,.645706,
,321.5,8.893968,34.2303,1490.184,26.53259,1.551084E-03,.6464882,
,322,8.891543,34.23058,1490.184,26.53317,1.55067E-03,.6472702,
,322.5,8.89017,34.23077,1490.187,26.53353,1.550406E-03,.648052,
,323,8.889211,34.23092,1490.192,26.5338,1.550201E-03,.6488338,
,323.5,8.886322,34.23063,1490.189,26.53402,1.550057E-03,.6496155,
,324,8.883696,34.2302,1490.188,26.53409,1.550072E-03,.6503971,
,324.5,8.882029,34.22936,1490.189,26.53372,1.550551E-03,.6511788,
,325,8.879009,34.22853,1490.185,26.53353,1.550783E-03,.6519607,
,325.5,8.875053,34.22771,1490.177,26.53346,1.550843E-03,.6527427,
,326,8.870716,34.22709,1490.169,26.5337,1.550671E-03,.6535247,
,326.5,8.866822,34.2266,1490.162,26.53397,1.550483E-03,.6543066,
,327,8.86605,34.22666,1490.168,26.53416,1.550415E-03,.6550884,
,327.5,8.865013,34.22664,1490.172,26.53432,1.550377E-03,.6558702,
,328,8.863155,34.22636,1490.173,26.53438,1.550435E-03,.656652,
,328.5,8.861359,34.22603,1490.175,26.53439,1.550525E-03,.6574339,
,329,8.859632,34.22563,1490.176,26.53432,1.550651E-03,.6582158,
,329.5,8.858458,34.2246,1490.179,26.53372,1.551279E-03,.658998,
,330,8.858033,34.22353,1490.184,26.53299,1.552056E-03,.6597803,
,330.5,8.860124,34.22334,1490.2,26.53249,1.552682E-03,.6605631,
,331,8.857436,34.22314,1490.198,26.5327,1.552572E-03,.661346,
,331.5,8.853002,34.22314,1490.19,26.53335,1.552027E-03,.6621287,
,332,8.848919,34.22382,1490.184,26.5345,1.551004E-03,.6629111,
,332.5,8.846011,34.22395,1490.182,26.53509,1.550509E-03,.6636931,
,333,8.84375,34.22379,1490.181,26.53537,1.550304E-03,.6644749,
,333.5,8.843354,34.22362,1490.188,26.53529,1.550494E-03,.6652568,
,334,8.843201,34.22345,1490.195,26.53516,1.55073E-03,.6660387,
,334.5,8.843182,34.22339,1490.204,26.53516,1.550723E-03,.6668206,
,335,8.842625,34.22343,1490.21,26.5353,1.550616E-03,.6676026,
,335.5,8.840369,34.22379,1490.21,26.53588,1.550196E-03,.6683844,
,336,8.837985,34.22406,1490.21,26.53648,1.549722E-03,.669166,
,336.5,8.835502,34.22428,1490.209,26.53709,1.549207E-03,.6699474,
,337,8.835193,34.22442,1490.217,26.53719,1.549259E-03,.6707287,
,337.5,8.834047,34.22414,1490.22,26.53712,1.549429E-03,.67151,
,338,8.831818,34.22336,1490.22,26.53689,1.549721E-03,.6722915,
,338.5,8.828003,34.22262,1490.213,26.53695,1.549741E-03,.6730729,
,339,8.820498,34.22129,1490.192,26.5371,1.549624E-03,.6738544,
,339.5,8.809279,34.21936,1490.156,26.53734,1.549393E-03,.6746358,
,340,8.795046,34.21909,1490.111,26.53932,1.547505E-03,.6754164,
,340.5,8.780293,34.21886,1490.065,26.54144,1.545496E-03,.6761965,
,341,8.764518,34.21849,1490.014,26.54363,1.543418E-03,.6769751,
,341.5,8.753239,34.2185,1489.98,26.54543,1.541709E-03,.6777532,
,342,8.748391,34.21909,1489.971,26.54667,1.54053E-03,.6785303,
,342.5,8.7447,34.21944,1489.966,26.54754,1.539756E-03,.6793071,
,343,8.742476,34.21951,1489.966,26.54794,1.539496E-03,.6800835,
,343.5,8.740319,34.21957,1489.967,26.54828,1.539257E-03,.6808598,
,344,8.738293,34.21962,1489.968,26.54858,1.539038E-03,.6816361,
,344.5,8.740093,34.22019,1489.983,26.54875,1.53903E-03,.6824122,
,345,8.740091,34.22064,1489.992,26.54912,1.538743E-03,.6831883,
,345.5,8.738397,34.22098,1489.995,26.54971,1.538191E-03,.6839641,
,346,8.737906,34.22168,1490.002,26.55031,1.537755E-03,.6847397,
,346.5,8.738196,34.22226,1490.012,26.55069,1.537501E-03,.6855152,
,347,8.739554,34.22265,1490.026,26.55076,1.537494E-03,.6862906,
,347.5,8.740034,34.22299,1490.036,26.55098,1.537391E-03,.6870659,
,348,8.74017,34.22331,1490.046,26.55126,1.537251E-03,.6878412,
,348.5,8.73972,34.2238,1490.053,26.55169,1.536908E-03,.6886163,
,349,8.739577,34.22425,1490.061,26.55204,1.536677E-03,.6893914,
,349.5,8.74024,34.22457,1490.072,26.55219,1.536739E-03,.6901664,
,350,8.740461,34.22519,1490.082,26.55264,1.536435E-03,.6909412,
,350.5,8.740193,34.226,1490.091,26.5533,1.535865E-03,.691716,
,351,8.735312,34.22719,1490.082,26.55501,1.534242E-03,.6924899,
,351.5,8.728439,34.22798,1490.066,26.55672,1.532653E-03,.6932632,
,352,8.719372,34.22834,1490.041,26.55843,1.531103E-03,.6940359,
,352.5,8.707266,34.22783,1490.004,26.55996,1.52966E-03,.6948076,
,353,8.694103,34.22693,1489.962,26.56133,1.528352E-03,.6955788,
,353.5,8.679074,34.22531,1489.912,26.56238,1.527355E-03,.6963494,
,354,8.671762,34.22409,1489.892,26.56256,1.527232E-03,.6971197,
,354.5,8.666058,34.22309,1489.878,26.56268,1.527192E-03,.6978899,
,355,8.657889,34.22245,1489.855,26.56343,1.526542E-03,.6986598,
,355.5,8.647875,34.22205,1489.825,26.56465,1.525408E-03,.6994293,
,356,8.636711,34.22173,1489.792,26.56612,1.524013E-03,.7001984,
,356.5,8.625646,34.22076,1489.758,26.56707,1.523105E-03,.7009667,
,357,8.616693,34.21937,1489.731,26.56737,1.522811E-03,.7017349,
,357.5,8.60951,34.21764,1489.71,26.56713,1.523034E-03,.7025029,
,358,8.60209,34.2159,1489.689,26.56697,1.523253E-03,.7032711,
,358.5,8.591719,34.21515,1489.657,26.56799,1.522317E-03,.7040389,
,359,8.578424,34.21537,1489.616,26.57018,1.520238E-03,.7048064,
,359.5,8.564036,34.21621,1489.572,26.57312,1.517453E-03,.7055719,
,360,8.552686,34.21717,1489.539,26.57566,1.515068E-03,.7063369,
,360.5,8.549984,34.21836,1489.539,26.57695,1.513915E-03,.7071007,
,361,8.549961,34.21895,1489.548,26.57739,1.513624E-03,.7078643,
,361.5,8.550858,34.21925,1489.56,26.57749,1.51366E-03,.7086278,
,362,8.551862,34.21933,1489.572,26.57741,1.513808E-03,.7093912,
,362.5,8.55253,34.21985,1489.583,26.57775,1.513555E-03,.7101545,
,363,8.552698,34.22059,1489.593,26.57833,1.513073E-03,.7109178,
,363.5,8.550638,34.22187,1489.596,26.57959,1.511932E-03,.7116805,
,364,8.549913,34.22339,1489.603,26.58086,1.510823E-03,.7124428,
,364.5,8.550987,34.22521,1489.618,26.58211,1.50976E-03,.7132045,
,365,8.554976,34.2273,1489.643,26.58313,1.508927E-03,.7139657,
,365.5,8.56005,34.22946,1489.673,26.58404,.0015082,.7147267,
,366,8.560819,34.23083,1489.686,26.58501,1.507434E-03,.7154871,
,366.5,8.562908,34.23264,1489.705,26.5861,1.506507E-03,.7162471,
,367,8.566381,34.23458,1489.728,26.5871,1.505645E-03,.7170068,
,367.5,8.571918,34.23495,1489.758,26.58656,1.506233E-03,.7177663,
,368,8.572919,34.23579,1489.771,26.58708,1.505879E-03,.7185259,
,368.5,8.568771,34.23635,1489.764,26.58816,1.504952E-03,.7192851,
,369,8.556824,34.23606,1489.728,26.58975,1.503445E-03,.7200439,
,369.5,8.549868,34.23654,1489.71,26.59118,1.502077E-03,.7208017,
,370,8.544987,34.23734,1489.702,26.59257,1.500766E-03,.7215592,
,370.5,8.540409,34.23833,1489.694,26.59406,1.499417E-03,.7223156,
,371,8.538886,34.23975,1489.698,26.59542,1.498262E-03,.7230716,
,371.5,8.54215,34.2418,1489.722,26.59655,1.497408E-03,.7238272,
,372,8.549399,34.24446,1489.76,26.59749,1.496683E-03,.7245822,
,372.5,8.558493,34.2471,1489.806,26.59812,1.496202E-03,.725337,
,373,8.569522,34.24958,1489.858,26.59835,1.496049E-03,.7260916,
,373.5,8.576776,34.25252,1489.897,26.59953,1.495124E-03,.7268457,
,374,8.581321,34.2551,1489.926,26.60085,1.494053E-03,.7275996,
,374.5,8.581955,34.25676,1489.938,26.60203,1.493014E-03,.728353,
,375,8.582097,34.25731,1489.948,26.6025,1.492643E-03,.729106,
,375.5,8.5775,34.2561,1489.938,26.60229,1.492929E-03,.729859,
,376,8.567733,34.25361,1489.906,26.60183,1.493402E-03,.730612,
,376.5,8.551863,34.2506,1489.852,26.60192,1.493226E-03,.7313653,
,377,8.531291,34.24922,1489.781,26.60402,1.491151E-03,.7321176,
,377.5,8.508528,34.24821,1489.703,26.60676,1.488483E-03,.732869,
,378,8.482828,34.24747,1489.615,26.61016,1.485183E-03,.7336191,
,378.5,8.466826,34.24697,1489.563,26.61219,1.483236E-03,.7343677,
,379,8.454927,34.24623,1489.526,26.6134,1.482089E-03,.7351156,
,379.5,8.44639,34.24456,1489.5,26.6134,1.482082E-03,.7358632,
,380,8.440206,34.24258,1489.483,26.6128,1.482714E-03,.7366109,
,380.5,8.434292,34.24066,1489.466,26.61223,1.483337E-03,.737359,
,381,8.428175,34.23888,1489.45,26.61181,.0014838,.7381073,
,381.5,8.422954,34.23757,1489.437,26.61158,1.484007E-03,.7388558,
,382,8.418265,34.23685,1489.427,26.61175,1.483873E-03,.7396042,
,382.5,8.414319,34.23697,1489.42,26.61247,1.483263E-03,.7403526,
,383,8.409469,34.23767,1489.411,26.61369,1.482179E-03,.7411003,
,383.5,8.405659,34.23835,1489.406,26.61477,1.481229E-03,.7418477,
,384,8.403216,34.23894,1489.406,26.61561,1.480511E-03,.7425947,
,384.5,8.402594,34.23935,1489.413,26.61604,1.480181E-03,.7433414,
,385,8.401368,34.23969,1489.417,26.61651,1.479808E-03,.7440879,
,385.5,8.399821,34.24001,1489.42,26.61699,1.479418E-03,.7448342,
,386,8.398799,34.24038,1489.425,26.61739,1.47911E-03,.7455804,
,386.5,8.398481,34.24034,1489.432,26.6174,1.479226E-03,.7463265,
,387,8.398683,34.24,1489.44,26.61711,1.479631E-03,.7470728,
,387.5,8.39921,34.23946,1489.45,26.6166,1.480109E-03,.7478192,
,388,8.399446,34.23888,1489.458,26.61613,1.480666E-03,.748566,
,388.5,8.398993,34.23833,1489.464,26.61581,1.481101E-03,.7493129,
,389,8.39729,34.23796,1489.466,26.61578,1.481201E-03,.75006,
,389.5,8.393237,34.23809,1489.459,26.61642,1.48059E-03,.750807,
,390,8.389346,34.23796,1489.453,26.61695,1.480144E-03,.7515537,
,390.5,8.386104,34.23781,1489.449,26.61737,1.479813E-03,.7523002,
,391,8.384497,34.23783,1489.451,26.61761,1.479656E-03,.7530466,
,391.5,8.380408,34.23749,1489.443,26.61792,1.479435E-03,.7537929,
,392,8.375852,34.23717,1489.434,26.61834,1.479113E-03,.7545391,
,392.5,8.372461,34.23726,1489.43,26.61897,1.478595E-03,.7552851,
,393,8.369425,34.23714,1489.427,26.61937,1.478301E-03,.7560309,
,393.5,8.36697,34.23714,1489.426,26.61977,1.478016E-03,.7567765,
,394,8.365125,34.23713,1489.427,26.62004,1.477805E-03,.757522,
,394.5,8.363623,34.23704,1489.43,26.6202,1.477663E-03,.7582673,
,395,8.361784,34.23731,1489.432,26.62065,1.477312E-03,.7590126,
,395.5,8.359105,34.23752,1489.43,26.62122,1.476846E-03,.7597577,
,396,8.356901,34.23771,1489.43,26.62172,1.476448E-03,.7605026,
,396.5,8.355697,34.23787,1489.434,26.62207,1.476193E-03,.7612473,
,397,8.354465,34.23783,1489.438,26.62216,1.476186E-03,.7619919,
,397.5,8.351729,34.23777,1489.436,26.62256,1.475881E-03,.7627363,
,398,8.348351,34.23777,1489.432,26.62314,1.475407E-03,.7634808,
,398.5,8.345886,34.23825,1489.431,26.6238,1.474846E-03,.7642248,
,399,8.341657,34.23866,1489.424,26.62479,1.473934E-03,.7649685,
,399.5,8.336843,34.23917,1489.415,26.62598,1.472816E-03,.7657118,
,400,8.333335,34.24041,1489.412,26.62743,1.471524E-03,.7664545,
,400.5,8.328587,34.24117,1489.403,26.62877,1.470333E-03,.7671964,
,401,8.324154,34.24173,1489.396,26.62989,1.469342E-03,.7679379,
,401.5,8.321296,34.24222,1489.394,26.63066,1.468687E-03,.768679,
,402,8.317577,34.24224,1489.388,26.6313,1.46816E-03,.7694197,
,402.5,8.313321,34.24223,1489.38,26.63198,1.467592E-03,.7701601,
,403,8.308673,34.24223,1489.371,26.6327,1.466975E-03,.7709003,
,403.5,8.303875,34.24223,1489.362,26.63331,1.466391E-03,.7716401,
,404,8.299281,34.24185,1489.352,26.6337,1.466064E-03,.7723798,
,404.5,8.293759,34.24147,1489.339,26.63428,1.465574E-03,.7731192,
,405,8.28451,34.24191,1489.313,26.63598,1.463961E-03,.7738581,
,405.5,8.26436,34.24218,1489.246,26.63923,1.46076E-03,.7745955,
,406,8.244669,34.24261,1489.181,26.64256,1.457526E-03,.7753317,
,406.5,8.232267,34.24352,1489.144,26.64517,1.455141E-03,.7760665,
,407,8.22506,34.24361,1489.125,26.64634,1.454109E-03,.7768003,
,407.5,8.218322,34.24368,1489.108,26.64741,1.453128E-03,.7775336,
,408,8.211223,34.24366,1489.09,26.64848,1.452108E-03,.7782664,
,408.5,8.202566,34.24313,1489.065,26.64938,1.451248E-03,.7789987,
,409,8.198287,34.24238,1489.056,26.64941,1.451309E-03,.7797309,
,409.5,8.194014,34.24165,1489.047,26.6495,1.451321E-03,.780463,
,410,8.189763,34.24139,1489.039,26.64994,1.450933E-03,.7811951,
,410.5,8.184334,34.24147,1489.027,26.65082,1.450121E-03,.7819268,
,411,8.1764,34.24163,1489.006,26.65213,1.448957E-03,.7826582,
,411.5,8.172786,34.24199,1489.001,26.65293,1.448203E-03,.7833889,
,412,8.170341,34.24216,1489,26.65344,1.447749E-03,.7841194,
,412.5,8.168815,34.2421,1489.003,26.65369,1.447593E-03,.7848497,
,413,8.167687,34.24165,1489.006,26.65349,1.447859E-03,.78558,
,413.5,8.168048,34.24145,1489.016,26.65323,1.448195E-03,.7863106,
,414,8.167966,34.24141,1489.024,26.65318,1.448328E-03,.7870411,
,414.5,8.166662,34.24134,1489.027,26.65335,1.448254E-03,.7877718,
,415,8.164832,34.24103,1489.028,26.65343,1.44826E-03,.7885024,
,415.5,8.164009,34.24047,1489.033,26.65314,1.448624E-03,.7892331,
,416,8.160447,34.23938,1489.026,26.65277,1.449055E-03,.789964,
,416.5,8.156273,34.23896,1489.018,26.65302,1.448861E-03,.7906949,
,417,8.151587,34.23926,1489.009,26.65394,1.447979E-03,.7914256,
,417.5,8.144029,34.2396,1488.99,26.65537,1.446618E-03,.7921558,
,418,8.139068,34.23983,1488.979,26.65626,1.445773E-03,.7928854,
,418.5,8.136941,34.24023,1488.98,26.65688,1.445281E-03,.7936147,
,419,8.135016,34.24082,1488.982,26.65766,1.44467E-03,.7943436,
,419.5,8.129079,34.24146,1488.969,26.65912,1.443288E-03,.7950721,
,420,8.126657,34.24269,1488.969,26.66049,1.442082E-03,.7957999,
,420.5,8.12572,34.24343,1488.975,26.66119,1.441564E-03,.7965273,
,421,8.12429,34.24435,1488.979,26.66211,1.440786E-03,.7972543,
,421.5,8.121544,34.24572,1488.979,26.66363,1.439346E-03,.7979809,
,422,8.116911,34.24712,1488.971,26.66541,1.437722E-03,.7987064,
,422.5,8.113461,34.24849,1488.968,26.66698,1.436299E-03,.7994314,
,423,8.111964,34.24979,1488.973,26.66822,1.435211E-03,.8001559,
,423.5,8.106266,34.24962,1488.959,26.66897,1.434587E-03,.8008798,
,424,8.100723,34.24962,1488.947,26.66979,1.433831E-03,.8016033,
,424.5,8.0938,34.24978,1488.929,26.67091,1.432768E-03,.8023264,
,425,8.08534,34.25011,1488.906,26.67237,1.431372E-03,.8030489,
,425.5,8.081204,34.25089,1488.899,26.67361,1.430201E-03,.8037707,
,426,8.079505,34.25127,1488.902,26.6742,1.429697E-03,.8044922,
,426.5,8.078396,34.25135,1488.906,26.67447,1.429543E-03,.8052135,
,427,8.076406,34.25108,1488.906,26.67456,1.429625E-03,.8059347,
,427.5,8.068996,34.25061,1488.886,26.67531,1.428911E-03,.8066556,
,428,8.063331,34.24997,1488.872,26.67567,1.428627E-03,.8073765,
,428.5,8.058949,34.24893,1488.863,26.67548,1.428848E-03,.8080973,
,429,8.055279,34.24742,1488.855,26.67479,1.429499E-03,.8088183,
,429.5,8.051911,34.2463,1488.849,26.67444,1.429906E-03,.8095396,
,430,8.047131,34.24513,1488.838,26.67426,1.430153E-03,.8102611,
,430.5,8.041574,34.24419,1488.824,26.67435,1.43012E-03,.8109826,
,431,8.036075,34.24411,1488.812,26.67507,1.429436E-03,.811704,
,431.5,8.023233,34.24345,1488.771,26.67643,1.428067E-03,.8124247,
,432,8.011554,34.24269,1488.734,26.67758,1.426984E-03,.8131449,
,432.5,8.002732,34.24176,1488.708,26.6782,1.426463E-03,.8138648,
,433,7.99616,34.24037,1488.689,26.6781,1.426545E-03,.8145845,
,433.5,7.986218,34.2396,1488.659,26.67893,1.425756E-03,.815304,
,434,7.975189,34.23912,1488.625,26.68015,1.424606E-03,.8160229,
,434.5,7.962883,34.23885,1488.586,26.68179,.001423,.8167413,
,435,7.949326,34.23846,1488.543,26.68356,1.421269E-03,.8174589,
,435.5,7.93521,34.23737,1488.496,26.68477,1.420201E-03,.8181757,
,436,7.927262,34.23684,1488.474,26.68553,1.419401E-03,.818892,
,436.5,7.918115,34.23584,1488.446,26.68604,1.418883E-03,.819608,
,437,7.908146,34.2351,1488.416,26.68691,1.418089E-03,.8203236,
,437.5,7.896891,34.23516,1488.382,26.68868,1.416467E-03,.8210387,
,438,7.881864,34.23503,1488.333,26.69077,1.414393E-03,.8217528,
,438.5,7.87465,34.23534,1488.314,26.69205,1.413174E-03,.8224662,
,439,7.869549,34.23552,1488.303,26.69296,1.412384E-03,.823179,
,439.5,7.861585,34.23576,1488.281,26.69432,1.411138E-03,.8238913,
,440,7.850204,34.23631,1488.247,26.69641,1.409161E-03,.8246028,
,440.5,7.838263,34.23734,1488.211,26.69898,1.406719E-03,.8253131,
,441,7.827628,34.23833,1488.181,26.70134,1.404472E-03,.8260224,
,441.5,7.815779,34.23794,1488.143,26.7028,1.403004E-03,.8267305,
,442,7.801877,34.23669,1488.097,26.70381,1.40202E-03,.8274382,
,442.5,7.786414,34.23514,1488.045,26.70484,1.400993E-03,.8281453,
,443,7.76925,34.23351,1487.986,26.7061,1.399704E-03,.8288518,
,443.5,7.749755,34.23179,1487.918,26.70765,1.398144E-03,.8295578,
,444,7.739572,34.2324,1487.888,26.70959,1.396308E-03,.8302626,
,444.5,7.736499,34.23269,1487.885,26.71021,1.395768E-03,.830967,
,445,7.740627,34.23334,1487.91,26.71008,1.396006E-03,.8316712,
,445.5,7.75714,34.23566,1487.984,26.70953,1.396775E-03,.8323758,
,446,7.760423,34.23645,1488.006,26.70967,1.396756E-03,.8330806,
,446.5,7.759811,34.23706,1488.013,26.71026,1.39629E-03,.8337852,
,447,7.754687,34.23663,1488.001,26.71068,1.395925E-03,.8344896,
,447.5,7.745811,34.23503,1487.973,26.71073,1.395871E-03,.8351939,
,448,7.735721,34.23286,1487.94,26.71046,1.396116E-03,.8358983,
,448.5,7.723697,34.23148,1487.901,26.71116,1.395451E-03,.8366024,
,449,7.709157,34.231,1487.853,26.71288,1.393772E-03,.837306,
,449.5,7.694952,34.23146,1487.808,26.71526,1.391455E-03,.8380087,
,450,7.684944,34.23315,1487.781,26.71802,1.388835E-03,.8387103,
,450.5,7.682552,34.23462,1487.781,26.71955,1.387458E-03,.8394106,
,451,7.69012,34.23639,1487.821,26.71985,1.387347E-03,.8401107,
,451.5,7.702116,34.23848,1487.877,26.71973,1.387676E-03,.8408108,
,452,7.70229,34.24087,1487.889,26.72157,1.38602E-03,.8415106,
,452.5,7.69803,34.24284,1487.884,26.72379,1.383928E-03,.8422093,
,453,7.693132,34.24433,1487.875,26.7257,1.382193E-03,.8429072,
,453.5,7.688939,34.24572,1487.87,26.72738,1.380689E-03,.8436042,
,454,7.685474,34.24709,1487.866,26.72898,1.379236E-03,.8443005,
,454.5,7.682694,34.2483,1487.866,26.73042,1.377892E-03,.8449962,
,455,7.683486,34.24933,1487.878,26.73112,1.377384E-03,.8456913,
,455.5,7.679932,34.2498,1487.874,26.73192,1.376665E-03,.8463861,
,456,7.674154,34.25015,1487.86,26.73296,1.37568E-03,.8470805,
,456.5,7.667048,34.25079,1487.842,26.73452,1.374198E-03,.8477744,
,457,7.659317,34.25088,1487.821,26.73571,1.373157E-03,.8484675,
,457.5,7.654973,34.25025,1487.812,26.73587,1.372961E-03,.8491603,
,458,7.651686,34.24918,1487.807,26.73555,1.373322E-03,.8498532,
,458.5,7.646753,34.24806,1487.795,26.7354,1.373574E-03,.8505462,
,459,7.642439,34.24746,1487.786,26.73552,1.373418E-03,.8512393,
,459.5,7.641154,34.24754,1487.789,26.73573,1.373188E-03,.8519322,
,460,7.639319,34.2477,1487.791,26.73621,1.37291E-03,.852625,
,460.5,7.638499,34.24792,1487.796,26.7365,1.372719E-03,.8533177,
,461,7.63955,34.24857,1487.809,26.7368,1.372527E-03,.8540103,
,461.5,7.641893,34.24942,1487.828,26.7371,1.372327E-03,.8547028,
,462,7.646109,34.25067,1487.854,26.7375,1.372079E-03,.8553953,
,462.5,7.649851,34.25228,1487.878,26.73824,1.371535E-03,.8560874,
,463,7.64732,34.25274,1487.877,26.73892,1.370922E-03,.8567794,
,463.5,7.645657,34.25153,1487.878,26.73822,1.371649E-03,.8574714,
,464,7.639315,34.24949,1487.859,26.73755,1.372305E-03,.8581637,
,464.5,7.635051,34.24798,1487.85,26.73691,1.372999E-03,.8588562,
,465,7.632447,34.24809,1487.848,26.73746,1.372473E-03,.8595489,
,465.5,7.630874,34.2499,1487.853,26.73911,1.370986E-03,.8602411,
,466,7.63175,34.25168,1487.867,26.74035,.0013699,.8609326,
,466.5,7.635118,34.25312,1487.89,26.74096,1.369445E-03,.8616237,
,467,7.638791,34.25417,1487.913,26.74124,1.369338E-03,.8623147,
,467.5,7.638403,34.25444,1487.92,26.7415,1.369095E-03,.8630056,
,468,7.636604,34.25589,1487.924,26.74292,1.367853E-03,.8636962,
,468.5,7.634315,34.25533,1487.922,26.74281,1.367946E-03,.8643864,
,469,7.63482,34.25397,1487.931,26.74168,1.369092E-03,.8650771,
,469.5,7.629394,34.25146,1487.916,26.74054,.0013702,.8657683,
,470,7.619033,34.24858,1487.881,26.73979,1.370898E-03,.8664598,
,470.5,7.604702,34.24584,1487.831,26.73965,1.370998E-03,.8671516,
,471,7.585972,34.24253,1487.763,26.73973,1.370811E-03,.8678434,
,471.5,7.573037,34.23992,1487.719,26.73962,1.370805E-03,.8685351,
,472,7.557852,34.23768,1487.666,26.74001,1.370435E-03,.8692268,
,472.5,7.544661,34.23598,1487.622,26.74054,1.369925E-03,.8699182,
,473,7.534552,34.23457,1487.59,26.7409,1.369584E-03,.8706094,
,473.5,7.528267,34.23309,1487.572,26.74067,1.369793E-03,.8713006,
,474,7.524655,34.23131,1487.564,26.7398,1.37063E-03,.871992,
,474.5,7.521121,34.22967,1487.557,26.73903,1.371431E-03,.8726839,
,475,7.51215,34.22834,1487.53,26.73914,1.371223E-03,.8733758,
,475.5,7.498382,34.22843,1487.485,26.74128,1.36919E-03,.8740671,
,476,7.479231,34.22879,1487.421,26.74431,1.366158E-03,.8747573,
,476.5,7.467679,34.22923,1487.385,26.74627,1.36429E-03,.8754462,
,477,7.462316,34.22987,1487.374,26.74754,1.363178E-03,.8761344,
,477.5,7.459775,34.23072,1487.373,26.74862,1.362248E-03,.8768222,
,478,7.457939,34.23124,1487.375,26.74922,1.361753E-03,.8775095,
,478.5,7.457925,34.232,1487.384,26.74987,1.36115E-03,.8781965,
,479,7.44793,34.23193,1487.354,26.75126,1.359793E-03,.878883,
,479.5,7.427817,34.23027,1487.283,26.75277,1.35826E-03,.8795689,
,480,7.415261,34.22737,1487.24,26.75226,1.35865E-03,.8802543,
,480.5,7.394017,34.22449,1487.163,26.753,1.357938E-03,.8809398,
,481,7.345983,34.22252,1486.984,26.75825,1.352535E-03,.8816234,
,481.5,7.315919,34.22244,1486.876,26.76245,1.348314E-03,.8823048,
,482,7.296853,34.22301,1486.812,26.7656,1.345212E-03,.8829846,
,482.5,7.284468,34.22332,1486.773,26.76763,1.343295E-03,.8836631,
,483,7.27438,34.22449,1486.744,26.76996,1.340993E-03,.8843403,
,483.5,7.265844,34.22494,1486.72,26.77143,1.339655E-03,.8850167,
,484,7.262244,34.22524,1486.715,26.77223,1.338997E-03,.8856926,
,484.5,7.260699,34.2256,1486.718,26.77275,1.338547E-03,.8863682,
,485,7.257015,34.22601,1486.712,26.77355,1.337782E-03,.8870435,
,485.5,7.252353,34.22647,1486.703,26.77458,1.336852E-03,.8877184,
,486,7.247163,34.22697,1486.692,26.77572,1.335821E-03,.8883928,
,486.5,7.238231,34.22752,1486.667,26.77733,1.334207E-03,.8890665,
,487,7.225896,34.22869,1486.629,26.77997,1.331775E-03,.8897391,
,487.5,7.216791,34.23059,1486.604,26.78277,1.329161E-03,.8904105,
,488,7.211331,34.23223,1486.594,26.78487,1.32717E-03,.8910809,
,488.5,7.208984,34.23262,1486.593,26.78551,1.326608E-03,.8917506,
,489,7.20944,34.23193,1486.603,26.78492,1.327265E-03,.8924202,
,489.5,7.208434,34.23086,1486.606,26.78428,1.327944E-03,.8930902,
,490,7.203212,34.23088,1486.594,26.78496,1.327294E-03,.8937601,
,490.5,7.190855,34.23138,1486.555,26.78703,1.325304E-03,.8944295,
,491,7.164329,34.23151,1486.461,26.79092,1.321427E-03,.8950974,
,491.5,7.15229,34.23151,1486.423,26.79258,1.319853E-03,.8957638,
,492,7.14435,34.23109,1486.4,26.79329,1.319099E-03,.8964297,
,492.5,7.140593,34.23065,1486.393,26.79346,1.318952E-03,.8970954,
,493,7.13828,34.23066,1486.392,26.79382,1.318708E-03,.897761,
,493.5,7.134321,34.2313,1486.386,26.79486,1.317788E-03,.8984263,
,494,7.128469,34.23211,1486.373,26.79632,1.316395E-03,.8990911,
,494.5,7.12773,34.23309,1486.38,26.7972,1.31556E-03,.8997552,
,495,7.127731,34.23304,1486.388,26.79722,1.315681E-03,.9004192,
,495.5,7.127779,34.23296,1486.396,26.79716,1.31586E-03,.9010832,
,496,7.12742,34.23309,1486.404,26.79729,1.315807E-03,.9017472,
,496.5,7.126294,34.23309,1486.407,26.79748,1.315635E-03,.9024113,
,497,7.126241,34.23298,1486.415,26.79735,1.31585E-03,.9030753,
,497.5,7.125069,34.23204,1486.418,26.7968,1.316472E-03,.9037395,
,498,7.121523,34.23166,1486.412,26.79694,1.316345E-03,.904404,
,498.5,7.108773,34.23135,1486.371,26.79844,1.314845E-03,.9050679,
,499,7.092064,34.23199,1486.315,26.80125,1.312148E-03,.9057308,
,499.5,7.068804,34.23255,1486.234,26.80492,1.308569E-03,.9063921,
,500,7.048342,34.23259,1486.163,26.80781,1.305704E-03,.9070519,
,500.5,7.042865,34.23248,1486.15,26.80851,1.305044E-03,.9077107,
,501,7.040481,34.23182,1486.148,26.80824,1.305295E-03,.9083693,
,501.5,7.038284,34.23178,1486.148,26.80852,1.305019E-03,.909028,
,502,7.035224,34.23184,1486.145,26.80903,1.304616E-03,.9096866,
,502.5,7.0335,34.23183,1486.146,26.80928,1.304406E-03,.9103449,
,503,7.031773,34.23223,1486.148,26.8098,1.303974E-03,.9110031,
,503.5,7.029144,34.23273,1486.147,26.81056,1.303352E-03,.911661,
,504,7.026196,34.23323,1486.145,26.81141,1.302653E-03,.9123187,
,504.5,7.022732,34.234,1486.141,26.81245,1.301706E-03,.9129759,
,505,7.017848,34.23453,1486.13,26.81349,1.300644E-03,.9136327,
,505.5,7.013474,34.23511,1486.123,26.81454,1.299735E-03,.9142889,
,506,7.010806,34.23529,1486.121,26.81507,1.299249E-03,.9149447,
,506.5,7.008691,34.23495,1486.12,26.8151,1.299287E-03,.9156005,
,507,7.007469,34.23411,1486.123,26.81466,1.299804E-03,.9162564,
,507.5,7.00761,34.23326,1486.131,26.81396,1.300575E-03,.9169126,
,508,7.004577,34.23262,1486.126,26.81389,1.300593E-03,.917569,
,508.5,7.000622,34.23222,1486.119,26.81406,1.300488E-03,.9182254,
,509,6.998188,34.23206,1486.118,26.81432,1.300373E-03,.9188817,
,509.5,6.996143,34.23161,1486.117,26.81423,1.300453E-03,.9195381,
,510,6.996231,34.23099,1486.125,26.81378,1.300961E-03,.9201945,
,510.5,6.997372,34.23048,1486.137,26.81324,1.301494E-03,.9208513,
,511,6.991798,34.23059,1486.124,26.81405,1.300725E-03,.921508,
,511.5,6.987287,34.22974,1486.114,26.814,1.300861E-03,.9221645,
,512,6.987253,34.22656,1486.118,26.81146,1.30328E-03,.9228217,
,512.5,6.985756,34.22316,1486.116,26.80899,1.305598E-03,.9234802,
,513,6.982972,34.22248,1486.113,26.80888,1.305784E-03,.9241391,
,513.5,6.976163,34.22257,1486.095,26.80982,1.304921E-03,.924798,
,514,6.97277,34.22223,1486.09,26.81003,1.304802E-03,.9254566,
,514.5,6.966345,34.22126,1486.072,26.81013,1.304729E-03,.9261152,
,515,6.957512,34.22027,1486.045,26.81058,1.304297E-03,.9267735,
,515.5,6.948164,34.22023,1486.017,26.81188,1.303052E-03,.9274315,
,516,6.941017,34.22506,1486.003,26.81657,1.29852E-03,.9280882,
,516.5,6.910007,34.23119,1485.899,26.8257,1.289789E-03,.9287413,
,517,6.897774,34.23672,1485.866,26.8317,1.284017E-03,.9293907,
,517.5,6.894429,34.23884,1485.864,26.83382,1.28207E-03,.9300383,
,518,6.889207,34.23923,1485.853,26.83485,1.281124E-03,.9306852,
,518.5,6.883415,34.24015,1485.84,26.83637,1.27968E-03,.9313314,
,519,6.878883,34.24025,1485.831,26.83711,1.278973E-03,.9319771,
,519.5,6.875462,34.23964,1485.825,26.83708,1.279067E-03,.9326227,
,520,6.86738,34.23802,1485.8,26.83686,1.279229E-03,.9332682,
,520.5,6.857738,34.23668,1485.769,26.83711,1.278858E-03,.9339139,
,521,6.835015,34.23248,1485.683,26.83696,1.278973E-03,.9345593,
,521.5,6.827652,34.23085,1485.661,26.83662,1.279205E-03,.935205,
,522,6.818834,34.23062,1485.635,26.8376,1.27825E-03,.9358505,
,522.5,6.807909,34.23051,1485.6,26.83907,1.276855E-03,.9364953,
,523,6.797581,34.23146,1485.569,26.84115,1.274876E-03,.9371393,
,523.5,6.789202,34.23257,1485.546,26.84318,1.27296E-03,.9377823,
,524,6.786259,34.23353,1485.544,26.84437,1.271834E-03,.9384245,
,524.5,6.784175,34.23331,1485.544,26.84448,1.271723E-03,.9390666,
,525,6.778479,34.23339,1485.53,26.8453,1.271052E-03,.9397082,
,525.5,6.772394,34.23357,1485.515,26.8462,1.270198E-03,.9403495,
,526,6.765526,34.23397,1485.497,26.84752,1.268957E-03,.9409904,
,526.5,6.764748,34.2354,1485.504,26.84874,1.267902E-03,.9416307,
,527,6.759323,34.23502,1485.491,26.84911,1.267441E-03,.9422705,
,527.5,6.761607,34.23601,1485.51,26.84969,1.266998E-03,.9429101,
,528,6.75671,34.2342,1485.496,26.84883,1.267822E-03,.9435499,
,528.5,6.760175,34.23393,1485.518,26.84819,1.268618E-03,.9441901,
,529,6.757623,34.23392,1485.516,26.84847,1.268361E-03,.9448304,
,529.5,6.752528,34.23537,1485.507,26.85028,1.266762E-03,.9454702,
,530,6.75191,34.2369,1485.514,26.85155,1.265563E-03,.9461094,
,530.5,6.751162,34.23705,1485.52,26.85182,1.26542E-03,.946748,
,531,6.750469,34.23719,1485.526,26.85204,1.265199E-03,.9473867,
,531.5,6.750793,34.23661,1485.535,26.8515,1.265804E-03,.9480256,
,532,6.751703,34.23617,1485.546,26.85109,1.266304E-03,.9486647,
,532.5,6.749892,34.23627,1485.547,26.8514,1.266014E-03,.9493037,
,533,6.747008,34.2364,1485.545,26.85193,1.265628E-03,.9499426,
,533.5,6.745598,34.23647,1485.547,26.85216,1.265505E-03,.9505816,
,534,6.739733,34.23671,1485.533,26.85319,1.264422E-03,.95122,
,534.5,6.73335,34.23752,1485.517,26.85465,1.263042E-03,.9518579,
,535,6.725471,34.2376,1485.495,26.85578,1.261974E-03,.9524952,
,535.5,6.719816,34.2371,1485.481,26.85617,1.261681E-03,.9531322,
,536,6.715389,34.23667,1485.471,26.85642,1.261372E-03,.9537689,
,536.5,6.712824,34.23782,1485.471,26.85769,1.260267E-03,.9544054,
,537,6.708683,34.23859,1485.464,26.85872,1.259281E-03,.9550412,
,537.5,6.709949,34.23775,1485.476,26.85794,1.26016E-03,.955677,
,538,6.708093,34.238,1485.478,26.85841,1.259798E-03,.9563131,
,538.5,6.70685,34.23827,1485.481,26.85884,1.259392E-03,.956949,
,539,6.706653,34.238,1485.489,26.85856,1.259751E-03,.9575847,
,539.5,6.705689,34.23818,1485.493,26.85888,1.259468E-03,.9582207,
,540,6.703373,34.23893,1485.494,26.85975,1.258745E-03,.9588562,
,540.5,6.701895,34.23917,1485.496,26.86018,1.258332E-03,.9594915,
