,0,19.79535,33.4464,1519.156,23.63165,4.251976E-03,0,
,.5,19.7706,33.45838,1519.107,23.64719,4.237236E-03,2.137995E-03,
,1,19.70846,33.47455,1518.959,23.67563,4.21017E-03,4.262026E-03,
,1.5,19.62488,33.46021,1518.717,23.68624,4.200277E-03,6.378027E-03,
,2,19.3693,33.4052,1517.943,23.70993,4.17786E-03,8.486619E-03,
,2.5,18.68845,33.30375,1515.892,23.80437,4.087901E-03,1.056539E-02,
,3,17.99275,33.2876,1513.854,23.96313,3.936538E-03,1.258341E-02,
,3.5,16.93818,33.24765,1510.68,24.18481,3.725281E-03,1.453083E-02,
,4,16.09676,33.25482,1508.13,24.38442,3.535093E-03,1.634262E-02,
,4.5,14.7661,33.22177,1503.922,24.65238,3.279828E-03,1.802962E-02,
,5,14.2637,33.20684,1502.297,24.74739,3.189446E-03,1.965842E-02,
,5.5,14.08148,33.23602,1501.749,24.80796,3.13193E-03,2.124516E-02,
,6,13.95774,33.25286,1501.374,24.84663,3.095253E-03,2.281064E-02,
,6.5,13.85824,33.2619,1501.068,24.87414,3.069178E-03,2.436538E-02,
,7,13.78936,33.27832,1500.871,24.90093,3.043738E-03,2.590255E-02,
,7.5,13.66259,33.29634,1500.484,24.94076,3.005931E-03,.0274286,
,8,13.46552,33.30381,1499.852,24.98657,2.962566E-03,2.893079E-02,
,8.5,13.40491,33.29586,1499.651,24.9927,2.956826E-03,3.042044E-02,
,9,13.35679,33.29101,1499.494,24.99864,2.951245E-03,3.190693E-02,
,9.5,13.29257,33.29109,1499.29,25.01159,2.938991E-03,3.339044E-02,
,10,13.11797,33.30553,1498.734,25.05766,2.895247E-03,3.485921E-02,
,10.5,12.9658,33.31575,1498.247,25.09558,2.859265E-03,3.630659E-02,
,11,12.92045,33.31778,1498.106,25.10612,2.849306E-03,.0377434,
,11.5,12.88183,33.31695,1497.984,25.11313,2.842871E-03,3.917573E-02,
,12,12.83587,33.31525,1497.836,25.12087,2.83573E-03,4.060577E-02,
,12.5,12.74846,33.30989,1497.545,25.13377,2.823441E-03,4.203017E-02,
,13,12.66962,33.29601,1497.271,25.13835,2.819136E-03,4.345028E-02,
,13.5,12.60908,33.28918,1497.067,25.14482,2.813142E-03,4.486813E-02,
,14,12.46834,33.28858,1496.599,25.17156,2.787774E-03,4.627724E-02,
,14.5,12.39314,33.30017,1496.366,25.19501,2.765554E-03,4.767479E-02,
,15,12.32893,33.31268,1496.171,25.21701,2.744724E-03,4.906167E-02,
,15.5,12.27338,33.32273,1496.002,25.23542,.0027273,5.043896E-02,
,16,12.24025,33.32956,1495.906,25.24702,2.716344E-03,5.180941E-02,
,16.5,12.22828,33.3326,1495.877,25.25164,2.71205E-03,5.317603E-02,
,17,12.22102,33.33191,1495.86,25.25247,2.71141E-03,.0545412,
,17.5,12.20753,33.33162,1495.822,25.25481,2.709273E-03,5.590551E-02,
,18,12.1864,33.33172,1495.758,25.2589,2.705461E-03,5.726863E-02,
,18.5,12.15678,33.33137,1495.665,25.26422,2.700508E-03,5.862954E-02,
,19,12.1383,33.32917,1495.607,25.26602,2.698967E-03,5.998861E-02,
,19.5,12.12565,33.32817,1495.571,25.26763,2.697569E-03,6.134691E-02,
,20,12.11341,33.32804,1495.538,25.2698,2.695565E-03,6.270458E-02,
,20.5,12.10449,33.32952,1495.517,25.27263,2.692945E-03,6.406087E-02,
,21,12.09385,33.33067,1495.49,25.27559,2.690292E-03,6.541613E-02,
,21.5,12.075,33.32923,1495.433,25.278,2.688175E-03,6.676999E-02,
,22,12.05999,33.32889,1495.389,25.28054,2.685832E-03,6.812247E-02,
,22.5,12.04729,33.32953,1495.355,25.28345,2.683116E-03,6.947435E-02,
,23,12.00518,33.33144,1495.221,25.29292,2.67428E-03,7.082243E-02,
,23.5,11.95848,33.33507,1495.074,25.30447,2.663435E-03,7.216663E-02,
,24,11.86067,33.33145,1494.742,25.32001,2.648662E-03,7.350386E-02,
,24.5,11.81745,33.33051,1494.6,25.32731,2.641779E-03,7.483488E-02,
,25,11.77336,33.33053,1494.456,25.33552,2.634072E-03,7.616286E-02,
,25.5,11.72413,33.33142,1494.296,25.34538,2.624844E-03,7.748774E-02,
,26,11.6558,33.33892,1494.077,25.36377,2.607367E-03,7.880455E-02,
,26.5,11.58824,33.34019,1493.853,25.3772,2.594718E-03,8.011317E-02,
,27,11.5717,33.3401,1493.804,25.38014,2.591984E-03,.0814191,
,27.5,11.56415,33.33922,1493.785,25.38085,2.591415E-03,8.272383E-02,
,28,11.55695,33.3383,1493.767,25.38147,2.59093E-03,8.402851E-02,
,28.5,11.55186,33.33946,1493.759,25.38332,2.589302E-03,8.533232E-02,
,29,11.53543,33.34066,1493.712,25.38729,2.585606E-03,8.663552E-02,
,29.5,11.51672,33.34045,1493.655,25.39053,2.582645E-03,8.793639E-02,
,30,11.5033,33.33998,1493.616,25.39263,2.580738E-03,8.923631E-02,
,30.5,11.484,33.33874,1493.556,25.39512,2.578459E-03,9.053504E-02,
,31,11.47454,33.34348,1493.537,25.40054,2.57342E-03,9.183199E-02,
,31.5,11.43008,33.34726,1493.396,25.41165,2.562969E-03,9.312506E-02,
,32,11.41562,33.35189,1493.359,25.41785,2.557177E-03,9.441397E-02,
,32.5,11.41078,33.3508,1493.349,25.41793,2.557241E-03,9.570148E-02,
,33,11.40566,33.35046,1493.339,25.4186,2.556739E-03,9.698877E-02,
,33.5,11.40028,33.35079,1493.329,25.4198,2.555718E-03,9.827588E-02,
,34,11.38218,33.35213,1493.276,25.42412,2.551628E-03,9.956159E-02,
,34.5,11.36385,33.35313,1493.222,25.42818,2.547863E-03,.1008455,
,35,11.36044,33.35288,1493.218,25.42869,2.547451E-03,.1021282,
,35.5,11.35281,33.35239,1493.199,25.42974,2.546573E-03,.1034105,
,36,11.34221,33.35197,1493.17,25.43134,2.545196E-03,.1046925,
,36.5,11.33022,33.35288,1493.138,25.43409,2.542664E-03,.1059733,
,37,11.32115,33.35298,1493.115,25.43587,2.541013E-03,.107253,
,37.5,11.31762,33.35323,1493.111,25.43673,2.540304E-03,.1085322,
,38,11.31483,33.35332,1493.109,25.43729,2.539912E-03,.1098111,
,38.5,11.31293,33.35461,1493.113,25.43866,2.538738E-03,.1110897,
,39,11.30493,33.35562,1493.094,25.44083,2.536723E-03,.1123673,
,39.5,11.30267,33.35633,1493.096,25.44187,2.535957E-03,.1136444,
,40,11.29861,33.35713,1493.091,25.44322,2.534769E-03,.1149208,
,40.5,11.29338,33.35789,1493.082,25.44474,2.533397E-03,.1161969,
,41,11.28634,33.35859,1493.066,25.44658,2.531759E-03,.117472,
,41.5,11.28036,33.3611,1493.057,25.4496,2.528983E-03,.1187461,
,42,11.24716,33.36391,1492.952,25.45778,2.521329E-03,.1200176,
,42.5,11.21399,33.36262,1492.843,25.46276,2.516664E-03,.1212855,
,43,11.1935,33.36079,1492.778,25.46502,2.514544E-03,.122552,
,43.5,11.17073,33.36057,1492.706,25.46898,2.510909E-03,.1238171,
,44,11.1338,33.36293,1492.588,25.47742,2.50297E-03,.125079,
,44.5,11.08813,33.36731,1492.441,25.48896,2.492054E-03,.1263375,
,45,11.05496,33.37206,1492.339,25.49858,2.482962E-03,.1275898,
,45.5,11.01841,33.37579,1492.223,25.50797,2.474154E-03,.1288379,
,46,10.96982,33.38151,1492.068,25.52111,2.46171E-03,.130081,
,46.5,10.95884,33.38456,1492.041,25.52546,2.457786E-03,.1313196,
,47,10.94941,33.38566,1492.017,25.52799,2.455448E-03,.1325562,
,47.5,10.94192,33.38686,1492.001,25.53024,2.453369E-03,.1337921,
,48,10.93651,33.38818,1491.992,25.53219,2.451568E-03,.1350271,
,48.5,10.93441,33.38905,1491.994,25.53326,2.450615E-03,.1362613,
,49,10.9316,33.38998,1491.993,25.5345,2.449577E-03,.137495,
,49.5,10.9226,33.39172,1491.972,25.5374,2.446953E-03,.138728,
,50,10.92003,33.393,1491.973,25.53895,2.445583E-03,.1399598,
,50.5,10.91812,33.39299,1491.974,25.53925,2.445429E-03,.1411911,
,51,10.91632,33.39292,1491.976,25.53952,2.445277E-03,.1424224,
,51.5,10.91467,33.39278,1491.978,25.53973,2.445127E-03,.1436537,
,52,10.91339,33.39235,1491.982,25.53964,2.445302E-03,.1448849,
,52.5,10.91059,33.39128,1491.979,25.53917,2.445794E-03,.1461163,
,53,10.90782,33.38988,1491.976,25.53872,2.446447E-03,.1473481,
,53.5,10.90603,33.38852,1491.976,25.53796,2.447239E-03,.1485801,
,54,10.90329,33.38713,1491.973,25.53736,2.447877E-03,.1498126,
,54.5,10.89904,33.38576,1491.965,25.53702,2.448271E-03,.1510453,
,55,10.89207,33.38445,1491.947,25.53717,2.448204E-03,.1522781,
,55.5,10.87116,33.38465,1491.881,25.541,2.444779E-03,.15351,
,56,10.84966,33.38907,1491.819,25.54829,2.437888E-03,.154739,
,56.5,10.83667,33.39603,1491.79,25.55599,2.430675E-03,.1559647,
,57,10.82345,33.40352,1491.761,25.56414,2.423024E-03,.1571868,
,57.5,10.8176,33.41007,1491.756,25.57034,2.417212E-03,.1584058,
,58,10.81236,33.41125,1491.748,25.57214,2.415588E-03,.1596225,
,58.5,10.80671,33.41462,1491.74,25.57582,2.412195E-03,.1608381,
,59,10.80415,33.42032,1491.746,25.5807,2.407687E-03,.1620515,
,59.5,10.80348,33.42538,1491.758,25.58476,2.403887E-03,.1632628,
,60,10.80328,33.42847,1491.769,25.58722,2.401709E-03,.1644727,
,60.5,10.80334,33.4305,1491.78,25.5888,2.400397E-03,.165682,
,61,10.80365,33.44248,1491.804,25.59803,2.391679E-03,.1668887,
,61.5,10.80645,33.45547,1491.838,25.60765,2.382668E-03,.1680901,
,62,10.80721,33.46145,1491.856,25.61217,2.378438E-03,.1692887,
,62.5,10.80738,33.46494,1491.869,25.61483,2.375969E-03,.1704861,
,63,10.80328,33.46812,1491.867,25.61802,2.373071E-03,.1716814,
,63.5,10.79731,33.4715,1491.859,25.62172,2.369681E-03,.172876,
,64,10.78658,33.47584,1491.834,25.62702,2.364704E-03,.1740681,
,64.5,10.78032,33.48158,1491.827,25.63256,2.359576E-03,.1752573,
,65,10.77337,33.48698,1491.817,25.63797,2.354553E-03,.1764441,
,65.5,10.76322,33.49156,1491.795,25.64334,2.349529E-03,.177629,
,66,10.75233,33.4938,1491.768,25.64703,2.346129E-03,.1788113,
,66.5,10.74932,33.49118,1491.762,25.64547,2.347736E-03,.1799932,
,67,10.74882,33.49174,1491.77,25.64597,2.347405E-03,.1811754,
,67.5,10.74788,33.4938,1491.777,25.64778,2.345771E-03,.1823567,
,68,10.74675,33.49648,1491.785,25.65013,2.343591E-03,.1835378,
,68.5,10.74561,33.49751,1491.79,25.65113,2.342772E-03,.1847178,
,69,10.74323,33.49485,1491.787,25.64942,2.34448E-03,.1858978,
,69.5,10.73686,33.48551,1491.761,25.64327,2.350363E-03,.1870802,
,70,10.7323,33.48246,1491.75,25.64177,2.351955E-03,.1882641,
,70.5,10.71577,33.47733,1491.693,25.64059,2.353126E-03,.1894489,
,71,10.70302,33.47369,1491.652,25.63996,2.35384E-03,.1906341,
,71.5,10.69423,33.47191,1491.627,25.6401,2.353776E-03,.1918193,
,72,10.68298,33.47137,1491.595,25.64174,2.352278E-03,.1930044,
,72.5,10.67346,33.47111,1491.569,25.64322,2.351035E-03,.1941885,
,73,10.66427,33.47092,1491.545,25.64467,2.349829E-03,.1953724,
,73.5,10.6583,33.47188,1491.533,25.64639,2.348178E-03,.1965552,
,74,10.64924,33.47096,1491.508,25.64723,2.347426E-03,.1977375,
,74.5,10.64407,33.46908,1491.495,25.64668,2.348055E-03,.1989199,
,75,10.63768,33.46743,1491.479,25.64653,2.348273E-03,.2001024,
,75.5,10.62309,33.465,1491.433,25.64723,2.347678E-03,.2012848,
,76,10.61648,33.4639,1491.416,25.64757,2.347507E-03,.2024671,
,76.5,10.60781,33.46406,1491.394,25.64919,2.346078E-03,.2036488,
,77,10.59396,33.46563,1491.355,25.65277,2.342755E-03,.2048297,
,77.5,10.56596,33.47008,1491.269,25.66113,2.334908E-03,.2060076,
,78,10.55041,33.47412,1491.227,25.66697,2.329347E-03,.2071818,
,78.5,10.5287,33.47874,1491.164,25.67432,2.322499E-03,.2083532,
,79,10.5129,33.48415,1491.122,25.68125,2.315994E-03,.2095208,
,79.5,10.50551,33.48714,1491.108,25.68492,2.312566E-03,.2106861,
,80,10.49886,33.48932,1491.095,25.68774,2.310021E-03,.2118503,
,80.5,10.49083,33.49197,1491.078,25.69117,2.306837E-03,.2130125,
,81,10.48255,33.49461,1491.06,25.69466,2.303617E-03,.2141737,
,81.5,10.4747,33.497,1491.043,25.69797,2.300649E-03,.2153333,
,82,10.47391,33.49859,1491.051,25.69934,2.299423E-03,.2164916,
,82.5,10.47234,33.49917,1491.054,25.70005,2.298818E-03,.2176494,
,83,10.47012,33.49981,1491.056,25.70089,2.298099E-03,.218807,
,83.5,10.46686,33.5015,1491.054,25.7027,2.296503E-03,.2199641,
