,0,19.17001,33.46626,1517.425,23.80737,4.084399E-03,0,
,.5,19.17001,33.46626,1517.425,23.80737,4.084399E-03,0,
,1,19.16962,33.46734,1517.43,23.80829,4.083599E-03,4.111396E-03,
,1.5,19.18219,33.46632,1517.473,23.80428,4.087594E-03,6.167707E-03,
,2,19.20283,33.4691,1517.543,23.80117,4.09081E-03,8.225931E-03,
,2.5,19.20996,33.47115,1517.574,23.80091,4.091178E-03,1.028507E-02,
,3,19.22796,33.47284,1517.635,23.79761,4.094454E-03,1.234609E-02,
,3.5,19.25722,33.47416,1517.728,23.79115,4.100751E-03,1.440905E-02,
,4,19.28354,33.47506,1517.812,23.78513,4.106641E-03,.0164732,
,4.5,19.29697,33.47412,1517.858,23.781,4.110749E-03,1.854259E-02,
,5,19.3104,33.47318,1517.903,23.77688,4.114858E-03,2.061198E-02,
,5.5,19.31169,33.47272,1517.915,23.77621,4.115682E-03,2.268201E-02,
,6,19.30106,33.47272,1517.893,23.77891,4.113289E-03,2.475266E-02,
,6.5,19.29044,33.47272,1517.871,23.78162,4.110896E-03,2.682332E-02,
,7,19.26955,33.47293,1517.82,23.78711,4.105784E-03,2.888927E-02,
,7.5,19.24844,33.47315,1517.769,23.79265,4.100612E-03,3.095512E-02,
,8,19.23329,33.47378,1517.735,23.797,4.096625E-03,3.301877E-02,
,8.5,19.2255,33.47492,1517.723,23.79985,4.094103E-03,3.507968E-02,
,9,19.2177,33.47606,1517.71,23.80271,4.091581E-03,.0371406,
,9.5,19.2137,33.47577,1517.707,23.8035,4.090982E-03,3.920002E-02,
,10,19.21041,33.47522,1517.705,23.80391,4.090746E-03,4.125916E-02,
,10.5,19.20632,33.47406,1517.701,23.80406,4.090746E-03,4.331832E-02,
,11,19.20119,33.4721,1517.693,23.80389,4.09106E-03,4.537752E-02,
,11.5,19.19605,33.47015,1517.684,23.80371,4.091374E-03,4.743671E-02,
,12,19.17444,33.46415,1517.624,23.80462,4.090672E-03,4.949571E-02,
,12.5,19.15252,33.45808,1517.563,23.80555,4.089952E-03,5.155471E-02,
,13,19.10588,33.44673,1517.426,23.80871,4.087096E-03,.0536119,
,13.5,19.0506,33.43354,1517.262,23.81266,4.083494E-03,5.566847E-02,
,14,18.93609,33.42222,1516.93,23.83284,4.06439E-03,5.771492E-02,
,14.5,18.76202,33.41278,1516.428,23.86933,4.029696E-03,5.975119E-02,
,15,18.56687,33.40493,1515.865,23.91202,3.989084E-03,6.177029E-02,
,15.5,18.34076,33.39939,1515.211,23.9638,3.939777E-03,6.376414E-02,
,16,18.12599,33.39583,1514.589,24.01393,3.892067E-03,6.573539E-02,
,16.5,17.92467,33.39461,1514.005,24.0621,3.846249E-03,6.767984E-02,
,17,17.76143,33.3925,1513.532,24.10025,.00381,6.961582E-02,
,17.5,17.70273,33.38793,1513.361,24.11089,3.800018E-03,7.152853E-02,
,18,17.64404,33.38336,1513.191,24.12153,3.790035E-03,7.344124E-02,
,18.5,17.58856,33.37872,1513.029,24.13131,3.780881E-03,7.534582E-02,
,19,17.53463,33.37405,1512.872,24.14067,3.772126E-03,7.724648E-02,
,19.5,17.46485,33.36942,1512.667,24.15381,3.759757E-03,7.914329E-02,
,20,17.31013,33.36498,1512.208,24.18719,3.72802E-03,8.101944E-02,
,20.5,17.15541,33.36055,1511.749,24.22058,3.696283E-03,8.289559E-02,
,21,17.01311,33.35449,1511.322,24.24939,3.668893E-03,8.474334E-02,
,21.5,16.87431,33.34798,1510.904,24.27692,3.642727E-03,8.658309E-02,
,22,16.72915,33.34143,1510.466,24.30582,3.61526E-03,8.841735E-02,
,22.5,16.5426,33.33467,1509.897,24.34365,3.579331E-03,9.021594E-02,
,23,16.35605,33.32791,1509.328,24.38148,3.543402E-03,9.201454E-02,
,23.5,16.09198,33.32142,1508.514,24.43637,3.491184E-03,9.378114E-02,
,24,15.7524,33.31521,1507.461,24.50788,3.423099E-03,9.551657E-02,
,24.5,15.44032,33.30984,1506.492,24.5736,3.360536E-03,9.723838E-02,
,25,15.2346,33.30767,1505.849,24.6169,3.319325E-03,9.890749E-02,
,25.5,15.02887,33.30551,1505.205,24.6602,3.278114E-03,.1005766,
,26,14.85886,33.30379,1504.671,24.69564,3.244452E-03,.1022182,
,26.5,14.71174,33.30234,1504.208,24.72605,3.21563E-03,.1038421,
,27,14.55657,33.30137,1503.718,24.75846,3.184883E-03,.1054618,
,27.5,14.31754,33.30535,1502.959,24.81177,3.13412E-03,.107038,
,28,14.07851,33.30933,1502.199,24.86509,3.083357E-03,.1086142,
,28.5,13.90204,33.31211,1501.636,24.90378,3.046598E-03,.1101538,
,29,13.74278,33.31455,1501.126,24.93846,3.013693E-03,.1116835,
,29.5,13.63003,33.31911,1500.77,24.96502,2.988509E-03,.1131926,
,30,13.5362,33.32451,1500.476,24.98829,2.966466E-03,.1146934,
,30.5,13.46389,33.32776,1500.249,25.00545,2.950218E-03,.1161823,
,31,13.40521,33.32964,1500.066,25.01875,2.937643E-03,.1176635,
,31.5,13.34931,33.33179,1499.892,25.03169,2.925412E-03,.1191433,
,32,13.31687,33.33621,1499.798,25.04162,2.916083E-03,.1206104,
,32.5,13.28443,33.34063,1499.704,25.05155,2.906753E-03,.1220775,
,33,13.23584,33.34446,1499.555,25.06422,2.894794E-03,.1235371,
,33.5,13.16852,33.3476,1499.343,25.08008,2.879782E-03,.124988,
,34,13.10119,33.35074,1499.131,25.09594,2.86477E-03,.1264389,
,34.5,13.01162,33.35335,1498.843,25.11567,2.846045E-03,.1278715,
,35,12.91673,33.35583,1498.537,25.13631,2.826431E-03,.1292998,
,35.5,12.83601,33.35853,1498.279,25.15432,2.809357E-03,.1307234,
,36,12.79702,33.36188,1498.16,25.16454,2.799761E-03,.132133,
,36.5,12.75804,33.36523,1498.041,25.17476,2.790166E-03,.1335427,
,37,12.71481,33.36685,1497.906,25.18447,2.781025E-03,.1349436,
,37.5,12.6703,33.36796,1497.766,25.19403,2.772021E-03,.1363418,
,38,12.63841,33.36908,1497.668,25.20113,2.765366E-03,.1377375,
,38.5,12.62824,33.37024,1497.643,25.20402,2.762754E-03,.1391287,
,39,12.61806,33.3714,1497.619,25.2069,2.760142E-03,.1405199,
,39.5,12.613,33.37096,1497.609,25.20754,2.759658E-03,.1419094,
,40,12.60819,33.37046,1497.601,25.20808,2.759275E-03,.1432988,
,40.5,12.60185,33.36996,1497.587,25.20891,2.758589E-03,.1446878,
,41,12.59367,33.36948,1497.567,25.21009,2.757536E-03,.1460762,
,41.5,12.58549,33.36901,1497.547,25.21128,2.756483E-03,.1474647,
,42,12.56416,33.37076,1497.486,25.21678,2.751359E-03,.1488492,
,42.5,12.53896,33.37318,1497.412,25.22354,2.74504E-03,.1502327,
,43,12.51298,33.37564,1497.335,25.2305,2.738536E-03,.1516155,
,43.5,12.47176,33.3793,1497.208,25.24125,2.728432E-03,.1529876,
,44,12.43054,33.38296,1497.081,25.25199,2.718327E-03,.1543597,
,44.5,12.38764,33.38753,1496.949,25.26376,2.707222E-03,.1557272,
,45,12.34058,33.39436,1496.806,25.27808,2.693641E-03,.1570833,
,45.5,12.29352,33.4012,1496.663,25.29239,2.68006E-03,.1584394,
,46,12.24932,33.40363,1496.523,25.30272,2.670336E-03,.1597861,
,46.5,12.20652,33.40389,1496.386,25.31107,2.662512E-03,.1611282,
,47,12.16316,33.40444,1496.247,25.31975,2.654381E-03,.1624691,
,47.5,12.11471,33.40755,1496.094,25.33132,2.643456E-03,.1637992,
,48,12.06626,33.41068,1495.94,25.3429,2.632531E-03,.1651292,
,48.5,12.01076,33.41254,1495.76,25.3548,2.621275E-03,.1664517,
,49,11.94915,33.41333,1495.558,25.36697,2.609733E-03,.1677676,
,49.5,11.89001,33.41508,1495.366,25.37943,2.597927E-03,.1690817,
,50,11.84735,33.42335,1495.237,25.39379,2.584367E-03,.1703829,
,50.5,11.80469,33.43161,1495.109,25.40815,2.570807E-03,.171684,
,51,11.75827,33.43705,1494.963,25.42101,2.55867E-03,.1729729,
,51.5,11.71111,33.44193,1494.815,25.43357,2.546814E-03,.1742594,
,52,11.67406,33.44673,1494.701,25.44416,2.536837E-03,.1755397,
,52.5,11.64591,33.45145,1494.618,25.45302,2.52851E-03,.1768145,
,53,11.61951,33.45588,1494.54,25.46133,2.520688E-03,.1780872,
,53.5,11.59816,33.45942,1494.479,25.46807,2.514322E-03,.1793536,
,54,11.5768,33.46297,1494.417,25.47481,2.507956E-03,.18062,
,54.5,11.53485,33.46722,1494.285,25.48576,2.497626E-03,.1818767,
,55,11.49197,33.4715,1494.15,25.4969,2.48712E-03,.1831329,
,55.5,11.45541,33.47558,1494.036,25.50674,2.477854E-03,.1843832,
,56,11.42482,33.47948,1493.943,25.51534,2.46976E-03,.1856279,
,56.5,11.39454,33.48331,1493.85,25.52383,2.461768E-03,.1868725,
,57,11.38276,33.48328,1493.818,25.52596,2.459873E-03,.188111,
,57.5,11.37097,33.48325,1493.785,25.5281,2.457979E-03,.1893495,
,58,11.35645,33.48499,1493.745,25.53211,2.454273E-03,.1905856,
,58.5,11.33969,33.48816,1493.698,25.53766,2.449093E-03,.1918199,
,59,11.3128,33.49111,1493.616,25.54485,2.442342E-03,.193052,
,59.5,11.25737,33.49343,1493.434,25.55666,2.431162E-03,.1942777,
,60,11.21523,33.4964,1493.299,25.56657,2.421804E-03,.1955013,
,60.5,11.20947,33.50113,1493.293,25.57129,2.417428E-03,.1967193,
,61,11.20385,33.50386,1493.285,25.57444,2.41454E-03,.1979366,
,61.5,11.19849,33.50249,1493.273,25.57438,2.414703E-03,.1991525,
,62,11.19111,33.50135,1493.254,25.57484,2.41437E-03,.2003682,
,62.5,11.17971,33.50068,1493.221,25.57632,2.413055E-03,.2015835,
,63,11.16286,33.50063,1493.171,25.57928,2.410327E-03,.2027977,
,63.5,11.12426,33.50309,1493.047,25.58813,2.401961E-03,.2040075,
,64,11.08566,33.50554,1492.923,25.59698,2.393594E-03,.2052174,
,64.5,11.04133,33.51026,1492.781,25.60859,2.382653E-03,.2064167,
,65,10.99662,33.51513,1492.638,25.62038,2.371541E-03,.2076153,
,65.5,10.96022,33.52213,1492.527,25.63232,2.360293E-03,.2088059,
,66,10.92875,33.53038,1492.435,25.64434,2.348966E-03,.2099918,
,66.5,10.9012,33.53755,1492.354,25.6548,2.339098E-03,.2111733,
,67,10.87898,33.54325,1492.291,25.66316,2.331202E-03,.2123489,
,67.5,10.859,33.54777,1492.235,25.6702,2.32458E-03,.2135218,
,68,10.84222,33.5506,1492.187,25.67535,2.319792E-03,.2146909,
,68.5,10.82433,33.55368,1492.136,25.68091,2.314594E-03,.215858,
,69,10.80433,33.55723,1492.078,25.68723,2.308628E-03,.2170212,
,69.5,10.78343,33.56082,1492.017,25.69374,2.30249E-03,.2181838,
,70,10.75036,33.56491,1491.913,25.70273,2.294041E-03,.2193387,
,70.5,10.71728,33.56899,1491.809,25.71172,2.285591E-03,.2204936,
,71,10.69324,33.57347,1491.738,25.71942,2.278363E-03,.2216418,
,71.5,10.67205,33.57806,1491.677,25.72672,2.27152E-03,.2227879,
,72,10.65328,33.5803,1491.621,25.73177,2.266794E-03,.2239313,
,72.5,10.6369,33.5802,1491.571,25.73459,2.264156E-03,.2250721,
,73,10.62244,33.58068,1491.529,25.73751,2.261443E-03,.2262119,
,73.5,10.61167,33.58229,1491.501,25.74063,2.258584E-03,.2273497,
,74,10.59818,33.58451,1491.464,25.74471,2.25481E-03,.2284863,
,74.5,10.57714,33.58848,1491.403,25.75146,2.248504E-03,.2296194,
,75,10.55567,33.59272,1491.34,25.75849,2.241918E-03,.230751,
,75.5,10.53251,33.598,1491.272,25.76662,2.234231E-03,.2318765,
,76,10.50935,33.60328,1491.204,25.77476,2.226544E-03,.233002,
,76.5,10.50085,33.60603,1491.186,25.77837,2.223259E-03,.2341215,
,77,10.4926,33.60873,1491.168,25.7819,2.220051E-03,.2352409,
,77.5,10.48287,33.60989,1491.143,25.78448,2.217666E-03,.2363582,
,78,10.4725,33.61038,1491.115,25.78666,2.215636E-03,.2374746,
,78.5,10.455,33.6106,1491.061,25.78987,2.212649E-03,.2385895,
,79,10.42689,33.61042,1490.969,25.79461,2.208239E-03,.2397022,
,79.5,10.40042,33.6108,1490.884,25.7995,2.203689E-03,.240814,
,80,10.38096,33.61359,1490.826,25.80503,2.19854E-03,.2419217,
,80.5,10.3619,33.61638,1490.77,25.81048,2.193457E-03,.2430286,
,81,10.34532,33.61909,1490.722,25.81545,2.188792E-03,.2441313,
,81.5,10.3293,33.6221,1490.677,25.82054,2.184009E-03,.2452332,
,82,10.31738,33.62734,1490.649,25.82661,2.178347E-03,.2463306,
,82.5,10.30434,33.6323,1490.616,25.83267,2.172697E-03,.2474274,
,83,10.27963,33.6344,1490.539,25.83853,2.167173E-03,.2485189,
,83.5,10.25492,33.63651,1490.461,25.8444,2.161649E-03,.2496103,
,84,10.22791,33.63899,1490.376,25.85097,2.15545E-03,.2506957,
,84.5,10.2007,33.6415,1490.29,25.8576,2.149194E-03,.2517806,
,85,10.17234,33.64545,1490.201,25.86551,2.141759E-03,.2528602,
,85.5,10.14338,33.65014,1490.111,25.87408,2.133715E-03,.253937,
,86,10.11208,33.65688,1490.015,25.88465,2.12375E-03,.255009,
,86.5,10.07759,33.66645,1489.911,25.89796,2.111162E-03,.2560743,
,87,10.04495,33.676,1489.814,25.91095,2.098877E-03,.2571364,
,87.5,10.01793,33.68549,1489.736,25.92297,2.087508E-03,.2581886,
,88,9.991788,33.69486,1489.662,25.93475,2.07637E-03,.2592404,
,88.5,9.984418,33.70179,1489.652,25.94137,2.070181E-03,.260283,
,89,9.977048,33.70872,1489.642,25.94799,2.063993E-03,.2613256,
,89.5,9.971975,33.71221,1489.636,25.95155,2.060717E-03,.2623636,
,90,9.967038,33.71549,1489.631,25.95493,2.057613E-03,.2634014,
,90.5,9.963211,33.71819,1489.629,25.95768,2.055108E-03,.2644366,
,91,9.95953,33.72081,1489.627,25.96035,2.052682E-03,.2654714,
,91.5,9.958761,33.72454,1489.637,25.96338,2.049906E-03,.266504,
,92,9.958622,33.72851,1489.65,25.96649,2.047055E-03,.2675362,
,92.5,9.952275,33.73201,1489.639,25.97029,2.043551E-03,.2685657,
,93,9.943779,33.73535,1489.621,25.97432,2.03982E-03,.2695944,
,93.5,9.939634,33.73868,1489.618,25.97764,2.036741E-03,.2706209,
,94,9.93777,33.742,1489.624,25.98058,2.034003E-03,.2716463,
,94.5,9.936705,33.74357,1489.63,25.98198,2.032764E-03,.2726706,
,95,9.935978,33.74439,1489.637,25.98273,2.032159E-03,.2736943,
,95.5,9.93397,33.74474,1489.638,25.98331,2.03172E-03,.2747177,
,96,9.931557,33.74492,1489.638,25.98384,2.031335E-03,.2757409,
,96.5,9.927476,33.74621,1489.633,25.98551,2.029811E-03,.2767633,
,97,9.92323,33.7476,1489.628,25.98728,2.028174E-03,.2777856,
,97.5,9.915229,33.75205,1489.613,25.99212,2.023724E-03,.2788048,
,98,9.906883,33.75678,1489.597,25.99723,2.019018E-03,.2798237,
,98.5,9.892806,33.76276,1489.562,26.00426,2.012419E-03,.2808376,
,99,9.877019,33.7691,1489.521,26.01185,2.005256E-03,.2818499,
,99.5,9.865232,33.77513,1489.494,26.01853,1.998997E-03,.2828584,
,100,9.856699,33.7809,1489.478,26.02444,1.993473E-03,.2838637,
,100.5,9.84975,33.78517,1489.467,26.02895,1.989299E-03,.2848677,
,101,9.8458,33.7866,1489.462,26.03076,1.987681E-03,.2858691,
,101.5,9.842582,33.78792,1489.46,26.03235,1.986252E-03,.2868702,
,102,9.842584,33.78879,1489.47,26.03302,1.98566E-03,.2878703,
,102.5,9.842579,33.78966,1489.479,26.03369,1.985066E-03,.2888705,
,103,9.8374,33.79012,1489.469,26.03493,1.983993E-03,.2898698,
,103.5,9.832222,33.79057,1489.459,26.03616,1.982921E-03,.290869,
,104,9.829688,33.7924,1489.461,26.038,1.981275E-03,.2918671,
,104.5,9.827724,33.79452,1489.464,26.03998,1.979506E-03,.2928648,
,105,9.824453,33.79594,1489.463,26.04164,1.978043E-03,.2938614,
,105.5,9.82082,33.79717,1489.459,26.0432,1.976665E-03,.2948575,
,106,9.81898,33.79926,1489.464,26.04513,1.974947E-03,.2958525,
,106.5,9.817494,33.80151,1489.469,26.04713,1.973162E-03,.2968471,
,107,9.813374,33.80193,1489.463,26.04819,1.972213E-03,.2978406,
,107.5,9.809958,33.80225,1489.46,26.04904,1.971465E-03,.298834,
,108,9.812756,33.80261,1489.478,26.04879,1.971812E-03,.2998272,
,108.5,9.814705,33.80282,1489.494,26.04858,1.972125E-03,.3008204,
,109,9.812583,33.80229,1489.494,26.04858,1.97227E-03,.3018138,
,109.5,9.810462,33.80176,1489.494,26.04858,1.972415E-03,.3028072,
,110,9.807821,33.80214,1489.493,26.04927,1.97181E-03,.3038004,
,110.5,9.805135,33.8026,1489.492,26.05002,1.971138E-03,.3047935,
,111,9.799953,33.80318,1489.482,26.05133,1.969976E-03,.3057859,
,111.5,9.793394,33.80381,1489.468,26.05294,1.968543E-03,.3067778,
,112,9.786272,33.80477,1489.451,26.05488,1.966797E-03,.307769,
,112.5,9.77818,33.80628,1489.432,26.05739,1.964515E-03,.3087589,
,113,9.768833,33.80797,1489.409,26.06026,1.96188E-03,.3097481,
,113.5,9.755215,33.81025,1489.37,26.06435,1.958047E-03,.3107348,
,114,9.741257,33.81271,1489.331,26.06862,1.954041E-03,.3117205,
,114.5,9.726326,33.81566,1489.289,26.07342,1.949538E-03,.3127033,
,115,9.713684,33.81934,1489.256,26.07839,1.944905E-03,.3136843,
,115.5,9.704097,33.82402,1489.235,26.08358,1.940099E-03,.3146628,
,116,9.692454,33.82912,1489.208,26.08948,1.934615E-03,.3156382,
,116.5,9.679406,33.83451,1489.175,26.09587,1.928668E-03,.3166117,
,117,9.672568,33.83935,1489.164,26.10078,1.924114E-03,.3175817,
,117.5,9.668628,33.84393,1489.164,26.105,1.92021E-03,.3185502,
,118,9.667455,33.84725,1489.172,26.10779,1.917624E-03,.319517,
,118.5,9.668626,33.84949,1489.187,26.10939,1.916155E-03,.3204826,
,119,9.669024,33.85136,1489.199,26.1108,1.914895E-03,.3214477,
,119.5,9.667777,33.8524,1489.204,26.11184,1.914079E-03,.322412,
,120,9.664074,33.85358,1489.201,26.11336,1.912744E-03,.3233758,
,120.5,9.654948,33.85507,1489.178,26.11596,1.910263E-03,.3243386,
,121,9.643371,33.85672,1489.146,26.11914,1.907301E-03,.3253,
,121.5,9.62864,33.85858,1489.103,26.12304,1.903719E-03,.32626,
,122,9.618716,33.86057,1489.078,26.12622,1.900773E-03,.3272181,
,122.5,9.61171,33.86263,1489.063,26.12898,1.898212E-03,.3281752,
,123,9.608105,33.86458,1489.06,26.13115,1.896253E-03,.3291308,
,123.5,9.605846,33.86649,1489.063,26.13308,1.894531E-03,.3300858,
,124,9.603266,33.86835,1489.064,26.13493,1.892879E-03,.3310395,
,124.5,9.600615,33.8702,1489.065,26.13677,1.891242E-03,.3319928,
,125,9.599124,33.87189,1489.07,26.13833,1.889822E-03,.332945,
,125.5,9.597869,33.87355,1489.076,26.13984,1.888446E-03,.3338968,
,126,9.596951,33.87506,1489.082,26.14116,1.88733E-03,.3348477,
,126.5,9.596118,33.87654,1489.089,26.14244,1.88628E-03,.3357983,
,127,9.594302,33.87829,1489.093,26.1441,1.884833E-03,.3367479,
,127.5,9.592235,33.88011,1489.096,26.14585,1.883286E-03,.3376973,
,128,9.588711,33.88261,1489.095,26.1484,1.880926E-03,.338645,
,128.5,9.585469,33.88516,1489.094,26.15094,1.878573E-03,.3395923,
,129,9.58589,33.8875,1489.107,26.15271,1.876947E-03,.340538,
,129.5,9.585877,33.8896,1489.118,26.15437,1.875451E-03,.3414833,
,130,9.584915,33.89117,1489.125,26.15576,1.874245E-03,.3424276,
,130.5,9.583921,33.89269,1489.131,26.1571,1.87308E-03,.3433716,
,131,9.582877,33.89414,1489.137,26.15838,1.871981E-03,.3443148,
,131.5,9.579385,33.89535,1489.134,26.15989,1.87066E-03,.3452575,
,132,9.573085,33.89626,1489.121,26.16167,1.869081E-03,.3461995,
,132.5,9.566179,33.89769,1489.106,26.16393,1.867024E-03,.3471404,
,133,9.558907,33.89943,1489.09,26.16646,1.864677E-03,.3480806,
,133.5,9.554875,33.90117,1489.086,26.16847,1.862823E-03,.3490193,
,134,9.551705,33.90289,1489.084,26.17034,.0018611,.3499575,
,134.5,9.547055,33.90555,1489.079,26.17318,1.858529E-03,.3508939,
,135,9.541949,33.90849,1489.072,26.17632,1.855695E-03,.3518296,
,135.5,9.539463,33.91125,1489.075,26.17889,1.85335E-03,.352764,
,136,9.539116,33.91388,1489.085,26.18098,1.851402E-03,.3536971,
,136.5,9.538453,33.91643,1489.094,26.18308,1.849474E-03,.3546295,
,137,9.537181,33.91882,1489.101,26.18518,1.84758E-03,.3555605,
,137.5,9.535656,33.92105,1489.106,26.18719,1.845772E-03,.3564912,
,138,9.53243,33.92219,1489.104,26.1886,1.844535E-03,.3574205,
,138.5,9.529203,33.92334,1489.102,26.19001,1.843298E-03,.3583497,
,139,9.527932,33.92406,1489.107,26.19077,1.842669E-03,.359278,
,139.5,9.526739,33.92476,1489.111,26.19152,1.842064E-03,.3602063,
,140,9.52562,33.92508,1489.116,26.19195,1.841762E-03,.3611342,
,140.5,9.524518,33.92531,1489.121,26.19231,1.841523E-03,.362062,
,141,9.524051,33.92562,1489.128,26.19264,1.841272E-03,.3629896,
,141.5,9.523732,33.92596,1489.135,26.19296,1.841018E-03,.3639172,
,142,9.523267,33.92632,1489.142,26.19331,1.840809E-03,.3648446,
,142.5,9.522793,33.92669,1489.149,26.19367,1.840587E-03,.365772,
,143,9.522342,33.92711,1489.156,26.19412,1.840274E-03,.3666991,
,143.5,9.521928,33.92759,1489.164,26.19461,1.839911E-03,.3676261,
,144,9.521625,33.92827,1489.172,26.1952,1.839395E-03,.3685529,
,144.5,9.521182,33.92909,1489.179,26.19592,1.838782E-03,.3694794,
,145,9.520179,33.93048,1489.186,26.19714,1.83778E-03,.3704054,
,145.5,9.519277,33.93193,1489.193,26.19839,1.836743E-03,.3713312,
,146,9.51927,33.93382,1489.203,26.19986,1.835391E-03,.3722559,
,146.5,9.519185,33.9357,1489.213,26.20135,1.834034E-03,.3731805,
,147,9.516845,33.93739,1489.215,26.20304,1.83254E-03,.3741038,
,147.5,9.514298,33.93905,1489.216,26.20473,1.831046E-03,.375027,
,148,9.509533,33.94025,1489.209,26.20644,1.829545E-03,.3759488,
,148.5,9.505612,33.94129,1489.204,26.20789,1.828279E-03,.3768705,
,149,9.504645,33.94178,1489.209,26.20849,1.827829E-03,.3777914,
,149.5,9.504191,33.94227,1489.216,26.20899,1.827453E-03,.3787122,
,150,9.504557,33.94274,1489.227,26.20932,1.827196E-03,.3796328,
,150.5,9.503362,33.94289,1489.231,26.20961,1.827006E-03,.3805533,
,151,9.500777,33.94276,1489.229,26.20986,1.826877E-03,.3814737,
,151.5,9.494175,33.94303,1489.214,26.21113,1.825746E-03,.3823936,
,152,9.484917,33.94356,1489.189,26.21308,1.823952E-03,.3833131,
,152.5,9.470534,33.94529,1489.147,26.21681,1.820459E-03,.3842306,
,153,9.452621,33.94786,1489.093,26.22178,1.815795E-03,.3851468,
,153.5,9.444537,33.95142,1489.077,26.22589,1.811988E-03,.3860608,
,154,9.443627,33.95568,1489.087,26.22936,1.808807E-03,.3869731,
,154.5,9.444794,33.96027,1489.105,26.23273,1.805725E-03,.3878834,
,155,9.446933,33.96502,1489.127,26.23606,1.802688E-03,.3887928,
,155.5,9.445626,33.96849,1489.135,26.239,1.799962E-03,.3897,
,156,9.443694,33.97172,1489.14,26.24187,1.797294E-03,.3906067,
,156.5,9.440251,33.974,1489.138,26.24421,1.795185E-03,.3915112,
,157,9.436828,33.97623,1489.137,26.24651,1.793117E-03,.3924156,
,157.5,9.435019,33.97761,1489.14,26.24792,1.79183E-03,.3933184,
,158,9.433209,33.979,1489.144,26.24932,1.790543E-03,.3942212,
,158.5,9.43026,33.97993,1489.142,26.25051,1.789566E-03,.3951228,
,159,9.427253,33.98085,1489.141,26.2517,1.788604E-03,.3960244,
,159.5,9.422153,33.98178,1489.131,26.25328,1.787159E-03,.3969249,
,160,9.416789,33.9827,1489.121,26.25492,1.785655E-03,.3978252,
,160.5,9.411522,33.98406,1489.112,26.25678,1.783945E-03,.3987242,
,161,9.406278,33.98552,1489.103,26.25869,1.782184E-03,.3996229,
,161.5,9.40131,33.98685,1489.095,26.26057,1.780503E-03,.4005201,
,162,9.396377,33.98817,1489.086,26.26245,1.778833E-03,.4014171,
,162.5,9.392838,33.98934,1489.083,26.26393,1.777482E-03,.4023127,
,163,9.389347,33.9905,1489.08,26.2654,1.776147E-03,.4032083,
,163.5,9.379963,33.99143,1489.055,26.26767,1.77411E-03,.4041022,
,164,9.370795,33.99237,1489.031,26.2699,1.772108E-03,.4049959,
,164.5,9.36313,33.99331,1489.013,26.27187,1.770351E-03,.4058881,
,165,9.355797,33.99418,1488.995,26.27375,1.768671E-03,.4067799,
,165.5,9.349748,33.99483,1488.982,26.27526,1.767287E-03,.4076705,
,166,9.344458,33.99535,1488.972,26.27654,1.766132E-03,.4085608,
,166.5,9.341208,33.99552,1488.968,26.27716,1.765591E-03,.4094505,
,167,9.338389,33.99557,1488.966,26.27765,.0017652,.4103401,
,167.5,9.336506,33.9954,1488.968,26.27783,1.765133E-03,.4112295,
,168,9.334032,33.9953,1488.967,26.27815,1.764912E-03,.4121188,
,168.5,9.330341,33.99534,1488.962,26.27878,1.764371E-03,.4130079,
,169,9.326649,33.99536,1488.956,26.27938,1.763869E-03,.4138967,
,169.5,9.322951,33.99535,1488.951,26.27997,1.763433E-03,.4147853,
,170,9.319336,33.99521,1488.946,26.28045,1.763092E-03,.4156738,
,170.5,9.315812,33.99495,1488.941,26.28081,1.762855E-03,.4165621,
,171,9.310462,33.9948,1488.93,26.28157,1.762216E-03,.4174501,
,171.5,9.302939,33.99479,1488.91,26.2828,1.761099E-03,.4183376,
,172,9.29573,33.99535,1488.893,26.28441,1.759637E-03,.4192246,
,172.5,9.289054,33.9969,1488.879,26.28668,1.757589E-03,.4201106,
,173,9.283623,33.99862,1488.869,26.28888,1.755595E-03,.4209959,
,173.5,9.280749,34.0007,1488.869,26.29092,1.75371E-03,.4218798,
,174,9.278708,34.00264,1488.873,26.29274,1.752058E-03,.4227632,
,174.5,9.277837,34.00438,1488.88,26.29426,1.750733E-03,.4236456,
,175,9.276278,34.00554,1488.884,26.29544,1.749715E-03,.4245276,
,175.5,9.273981,34.00607,1488.884,26.29628,1.749025E-03,.425409,
,176,9.271561,34.00685,1488.885,26.29731,1.748135E-03,.4262901,
,176.5,9.268986,34.00792,1488.885,26.29857,1.746994E-03,.4271706,
,177,9.265145,34.00962,1488.881,26.30052,1.745196E-03,.4280503,
,177.5,9.259418,34.01226,1488.872,26.3035,1.742418E-03,.4289289,
,178,9.253353,34.01487,1488.861,26.30652,1.739632E-03,.4298062,
,178.5,9.246858,34.01746,1488.849,26.30959,1.736837E-03,.430682,
,179,9.24285,34.02001,1488.845,26.3122,1.734469E-03,.4315567,
,179.5,9.241462,34.02253,1488.852,26.31434,1.732552E-03,.4324302,
,180,9.238823,34.02429,1488.852,26.31616,1.730911E-03,.4333029,
,180.5,9.235151,34.02542,1488.849,26.31771,1.729497E-03,.4341748,
,181,9.233355,34.0262,1488.851,26.31858,1.728726E-03,.4350461,
,181.5,9.232074,34.02686,1488.856,26.31927,1.728146E-03,.4359171,
,182,9.231402,34.0273,1488.862,26.31972,1.72786E-03,.4367878,
,182.5,9.229815,34.02783,1488.865,26.3204,1.727312E-03,.4376583,
,183,9.227215,34.02844,1488.865,26.32134,1.726471E-03,.4385284,
,183.5,9.223126,34.02907,1488.859,26.32253,1.725435E-03,.439398,
,184,9.218295,34.02971,1488.85,26.32382,.0017243,.4402672,
,184.5,9.215235,34.03036,1488.848,26.32482,1.72346E-03,.441136,
,185,9.213876,34.03102,1488.852,26.32551,1.722903E-03,.4420043,
,185.5,9.212353,34.0315,1488.855,26.3261,1.722452E-03,.4428723,
,186,9.210588,34.03172,1488.857,26.32652,1.72216E-03,.4437402,
,186.5,9.209282,34.03212,1488.861,26.32703,1.721759E-03,.4446079,
,187,9.208755,34.03282,1488.869,26.3277,1.721175E-03,.4454753,
,187.5,9.207792,34.03354,1488.874,26.32845,1.720533E-03,.4463425,
,188,9.206069,34.03431,1488.877,26.32935,1.719789E-03,.4472092,
,188.5,9.204415,34.03518,1488.88,26.33028,1.719008E-03,.4480757,
,189,9.202909,34.03623,1488.885,26.3313,1.718146E-03,.4489416,
,189.5,9.201204,34.0372,1488.888,26.33232,1.71727E-03,.4498073,
,190,9.198999,34.03799,1488.889,26.33334,1.716359E-03,.4506723,
,190.5,9.194952,34.03925,1488.884,26.335,1.714865E-03,.4515368,
,191,9.187697,34.04131,1488.868,26.33777,1.712358E-03,.4524003,
,191.5,9.178358,34.04344,1488.845,26.34091,1.70943E-03,.4532622,
,192,9.167665,34.0456,1488.816,26.34428,1.70623E-03,.454123,
,192.5,9.162295,34.04785,1488.808,26.34691,1.70381E-03,.4549821,
,193,9.159369,34.05014,1488.808,26.3492,1.701748E-03,.4558404,
,193.5,9.157905,34.05185,1488.813,26.3508,1.700334E-03,.4566975,
,194,9.157024,34.05333,1488.82,26.35213,1.69918E-03,.4575542,
,194.5,9.157063,34.05548,1488.831,26.35382,1.697685E-03,.4584098,
,195,9.157506,34.05793,1488.844,26.35567,1.69604E-03,.4592651,
,195.5,9.15982,34.06037,1488.864,26.35719,1.694705E-03,.4601193,
,196,9.163157,34.06279,1488.887,26.35853,1.693539E-03,.4609731,
,196.5,9.165482,34.06514,1488.907,26.35996,1.69229E-03,.4618262,
,197,9.166972,34.06741,1488.924,26.36147,1.690972E-03,.4626787,
,197.5,9.167677,34.06851,1488.936,26.36222,1.690373E-03,.4635307,
,198,9.167869,34.06884,1488.945,26.36248,1.690243E-03,.4643826,
,198.5,9.168011,34.06886,1488.954,26.36245,1.690339E-03,.4652344,
,199,9.168134,34.06874,1488.963,26.36231,1.690524E-03,.4660862,
,199.5,9.167227,34.06809,1488.967,26.362,1.690935E-03,.4669383,
,200,9.165714,34.06741,1488.969,26.36175,1.691281E-03,.4677905,
,200.5,9.157526,34.06684,1488.946,26.36259,1.690533E-03,.4686424,
,201,9.149091,34.06627,1488.923,26.36347,1.689746E-03,.4694943,
,201.5,9.134707,34.06567,1488.877,26.36535,1.68802E-03,.4703449,
,202,9.120324,34.06508,1488.832,26.36722,1.686295E-03,.4711956,
,202.5,9.108906,34.06526,1488.799,26.36917,.0016845,.4720445,
,203,9.097636,34.06548,1488.766,26.37112,1.682701E-03,.4728933,
,203.5,9.094122,34.06577,1488.761,26.37191,1.682057E-03,.4737411,
,204,9.091611,34.06606,1488.761,26.37255,1.681562E-03,.4745888,
,204.5,9.079499,34.06715,1488.726,26.37534,1.678917E-03,.4754349,
,205,9.067704,34.06819,1488.692,26.37803,1.676359E-03,.4762809,
,205.5,9.061339,34.06856,1488.677,26.37935,1.675217E-03,.4771252,
,206,9.055172,34.06897,1488.663,26.38067,1.674076E-03,.4779694,
,206.5,9.05373,34.07023,1488.668,26.38189,1.672967E-03,.4788125,
,207,9.052288,34.07148,1488.672,26.38311,1.671859E-03,.4796556,
,207.5,9.05163,34.07281,1488.68,26.38419,1.67094E-03,.4804977,
,208,9.051052,34.07415,1488.688,26.38526,1.67003E-03,.4813397,
,208.5,9.053902,34.07667,1488.709,26.38679,.0016687,.4821807,
,209,9.05737,34.07924,1488.734,26.38827,1.667417E-03,.4830216,
,209.5,9.063817,34.08208,1488.769,26.38951,1.66636E-03,.4838615,
,210,9.070843,34.08488,1488.807,26.39061,1.665439E-03,.4847012,
,210.5,9.079231,34.08757,1488.849,26.39137,1.664837E-03,.4855403,
,211,9.085505,34.08934,1488.883,26.39176,1.664591E-03,.4863793,
,211.5,9.090015,34.09035,1488.909,26.39182,1.664643E-03,.4872183,
,212,9.090468,34.09087,1488.92,26.39214,1.664415E-03,.488057,
,212.5,9.08817,34.09106,1488.92,26.39263,1.663998E-03,.4888957,
,213,9.08442,34.09115,1488.914,26.3933,1.663454E-03,.4897341,
,213.5,9.079777,34.09118,1488.906,26.39406,1.662832E-03,.4905724,
,214,9.074833,34.09143,1488.896,26.39506,1.66196E-03,.4914101,
,214.5,9.069643,34.09187,1488.886,26.39625,1.660881E-03,.4922474,
,215,9.064785,34.09212,1488.876,26.39724,1.660026E-03,.4930843,
,215.5,9.060266,34.09219,1488.868,26.39803,1.659397E-03,.4939208,
,216,9.056509,34.09177,1488.862,26.39828,1.659281E-03,.4947571,
,216.5,9.053195,34.09105,1488.857,26.3982,1.659461E-03,.4955934,
,217,9.047721,34.09031,1488.845,26.3985,1.659199E-03,.4964296,
,217.5,9.041665,34.08955,1488.83,26.3989,1.658819E-03,.4972658,
,218,9.035579,34.08854,1488.814,26.39906,1.658784E-03,.4981018,
,218.5,9.030027,34.08754,1488.801,26.39914,1.65883E-03,.4989378,
,219,9.027177,34.08667,1488.798,26.39893,1.659147E-03,.4997739,
,219.5,9.02117,34.08648,1488.783,26.39975,1.658442E-03,.5006098,
,220,9.01014,34.08736,1488.752,26.4022,1.656111E-03,.501445,
,220.5,9.004994,34.08932,1488.744,26.40457,1.653943E-03,.5022791,
,221,9.003865,34.09203,1488.751,26.40686,1.651887E-03,.5031123,
,221.5,9.015434,34.09591,1488.807,26.40803,1.650904E-03,.5039446,
,222,9.030426,34.1001,1488.876,26.40888,1.650209E-03,.5047766,
,222.5,9.038322,34.10309,1488.917,26.41003,1.649285E-03,.5056078,
,223,9.04573,34.106,1488.956,26.41119,1.648346E-03,.506439,
,223.5,9.053411,34.1085,1488.996,26.41189,.0016478,.5072695,
,224,9.061106,34.11098,1489.036,26.41256,1.647274E-03,.5081,
,224.5,9.067112,34.11322,1489.069,26.41334,1.646692E-03,.50893,
,225,9.073012,34.11543,1489.101,26.41413,1.646107E-03,.5097599,
,225.5,9.07714,34.11792,1489.128,26.41542,1.645004E-03,.510589,
,226,9.081152,34.12041,1489.154,26.41674,1.643867E-03,.511418,
,226.5,9.080842,34.12245,1489.164,26.4184,1.642354E-03,.5122458,
,227,9.080465,34.12437,1489.173,26.41997,1.640929E-03,.5130734,
,227.5,9.079889,34.12558,1489.181,26.42106,1.64001E-03,.5139002,
,228,9.078968,34.12661,1489.187,26.42203,1.639196E-03,.5147266,
,228.5,9.077015,34.12702,1489.188,26.4226,1.638697E-03,.5155526,
,229,9.074864,34.12741,1489.189,26.4232,1.638186E-03,.5163785,
,229.5,9.072375,34.12773,1489.189,26.42382,1.637654E-03,.517204,
,230,9.070144,34.12827,1489.19,26.42461,1.636999E-03,.5180292,
,230.5,9.068081,34.12893,1489.191,26.42551,1.636265E-03,.5188541,
,231,9.061205,34.13033,1489.176,26.42768,1.634274E-03,.5196779,
,231.5,9.052212,34.13203,1489.153,26.43042,1.631731E-03,.5205013,
,232,9.046857,34.13386,1489.144,26.43272,1.629655E-03,.521323,
,232.5,9.042822,34.13572,1489.14,26.43485,1.62775E-03,.5221442,
,233,9.040816,34.13759,1489.143,26.43665,1.626109E-03,.5229639,
,233.5,9.039182,34.13946,1489.147,26.43839,1.624517E-03,.5237834,
,234,9.037326,34.14051,1489.15,26.43947,1.623539E-03,.5246019,
,234.5,9.035319,34.14147,1489.152,26.44051,1.622616E-03,.5254201,
,235,9.030689,34.14286,1489.145,26.4424,1.621015E-03,.5262372,
,235.5,9.026104,34.14425,1489.138,26.44427,1.619386E-03,.5270541,
,236,9.021674,34.14569,1489.132,26.44607,1.617664E-03,.5278697,
,236.5,9.018764,34.14708,1489.131,26.44759,1.616274E-03,.5286849,
,237,9.018046,34.14838,1489.139,26.44868,1.615365E-03,.5294993,
,237.5,9.018077,34.14914,1489.148,26.44926,1.614931E-03,.5303134,
,238,9.018577,34.14956,1489.158,26.44953,1.614795E-03,.5311274,
,238.5,9.017134,34.14996,1489.162,26.45005,1.614374E-03,.5319412,
,239,9.014809,34.15042,1489.162,26.45077,1.613759E-03,.5327548,
,239.5,9.009301,34.1514,1489.151,26.45245,1.612218E-03,.5335675,
,240,9.003448,34.1525,1489.139,26.45425,1.610566E-03,.5343798,
,240.5,8.996834,34.15386,1489.125,26.45632,1.608668E-03,.535191,
,241,8.992264,34.15508,1489.118,26.458,1.607183E-03,.5360016,
,241.5,8.990545,34.15611,1489.121,26.45914,1.606275E-03,.5368114,
,242,8.987674,34.15713,1489.12,26.46042,1.60515E-03,.5376207,
,242.5,8.983609,34.15813,1489.115,26.46183,.0016038,.5384295,
,243,8.978926,34.15899,1489.107,26.46327,1.602526E-03,.5392375,
,243.5,8.973953,34.15979,1489.098,26.46471,1.601287E-03,.5400451,
,244,8.972134,34.16074,1489.1,26.46569,1.600358E-03,.540852,
,244.5,8.970798,34.16152,1489.105,26.46647,1.59966E-03,.5416585,
,245,8.970284,34.16199,1489.112,26.46691,1.599371E-03,.5424648,
,245.5,8.969344,34.16248,1489.117,26.46745,1.598989E-03,.5432708,
,246,8.968239,34.16298,1489.122,26.46802,1.598579E-03,.5440767,
,246.5,8.967262,34.16288,1489.126,26.46816,1.598441E-03,.5448824,
,247,8.966195,34.1628,1489.131,26.46831,1.59832E-03,.5456882,
,247.5,8.964855,34.16278,1489.134,26.46852,1.598247E-03,.5464938,
,248,8.962133,34.16286,1489.132,26.46899,1.597923E-03,.5472992,
,248.5,8.957974,34.16301,1489.125,26.46972,1.597339E-03,.5481045,
,249,8.95341,34.16365,1489.118,26.47091,1.596282E-03,.5489092,
,249.5,8.948416,34.16482,1489.109,26.47262,1.594722E-03,.5497135,
,250,8.942753,34.16614,1489.098,26.47457,1.592924E-03,.5505169,
,250.5,8.936351,34.16765,1489.085,26.47681,1.590861E-03,.5513195,
,251,8.931507,34.16965,1489.078,26.47914,1.588736E-03,.5521207,
,251.5,8.92675,34.17157,1489.071,26.48138,1.586689E-03,.5529211,
,252,8.921965,34.17315,1489.063,26.48336,1.584895E-03,.5537205,
,252.5,8.920106,34.17464,1489.066,26.48479,1.583629E-03,.5545191,
,253,8.919483,34.17557,1489.073,26.48564,1.582889E-03,.5553171,
,253.5,8.918682,34.17632,1489.08,26.48639,1.582254E-03,.5561149,
,254,8.915276,34.17697,1489.076,26.48743,1.581382E-03,.5569121,
,254.5,8.911635,34.17754,1489.072,26.48844,1.580523E-03,.5577092,
,255,8.907451,34.17791,1489.065,26.48937,1.579693E-03,.5585056,
,255.5,8.903242,34.1783,1489.058,26.49032,1.578844E-03,.5593017,
,256,8.89899,34.17874,1489.051,26.49131,1.57796E-03,.5600973,
,256.5,8.895506,34.17908,1489.047,26.49213,1.577251E-03,.5608926,
,257,8.893399,34.17927,1489.048,26.49268,1.576859E-03,.5616876,
,257.5,8.891165,34.17956,1489.048,26.49326,1.576401E-03,.5624823,
,258,8.888827,34.17994,1489.048,26.49387,1.57589E-03,.5632769,
,258.5,8.883855,34.1803,1489.039,26.49495,1.574937E-03,.564071,
,259,8.878367,34.18078,1489.027,26.4962,1.573813E-03,.5648646,
,259.5,8.872318,34.18142,1489.014,26.49769,1.572471E-03,.5656577,
,260,8.86774,34.18153,1489.006,26.49849,1.571784E-03,.5664501,
,260.5,8.8633,34.18156,1488.997,26.49922,1.571175E-03,.5672423,
,261,8.858615,34.18148,1488.988,26.49989,1.570608E-03,.5680342,
,261.5,8.847101,34.1796,1488.952,26.50021,1.570299E-03,.5688258,
,262,8.833784,34.17805,1488.909,26.5011,1.56945E-03,.5696172,
,262.5,8.81871,34.17681,1488.86,26.50254,1.568076E-03,.570408,
,263,8.802853,34.17579,1488.808,26.50423,1.566527E-03,.5711979,
,263.5,8.787385,34.17494,1488.758,26.50597,1.564938E-03,.5719874,
,264,8.780593,34.17575,1488.742,26.50772,1.563348E-03,.5727758,
,264.5,8.775917,34.17682,1488.734,26.50928,1.561932E-03,.5735636,
,265,8.773774,34.17818,1488.736,26.51063,1.560725E-03,.5743507,
,265.5,8.774096,34.17946,1488.747,26.51161,1.559934E-03,.5751372,
,266,8.774633,34.1809,1488.759,26.51268,1.559034E-03,.5759233,
,266.5,8.775145,34.18264,1488.772,26.51398,1.557871E-03,.576709,
,267,8.777484,34.18362,1488.79,26.51437,1.557571E-03,.5774942,
,267.5,8.780535,34.1844,1488.81,26.5145,1.557526E-03,.5782794,
,268,8.784318,34.18507,1488.833,26.5144,1.557686E-03,.5790646,
,268.5,8.78636,34.18594,1488.85,26.51475,1.557516E-03,.5798498,
,269,8.788358,34.18704,1488.868,26.51526,1.557193E-03,.5806348,
,269.5,8.79025,34.18839,1488.885,26.51598,1.556653E-03,.5814197,
,270,8.791733,34.19012,1488.9,26.51715,1.555613E-03,.5822042,
,270.5,8.79392,34.19144,1488.918,26.51787,1.554996E-03,.5829882,
,271,8.796479,34.19254,1488.938,26.51833,1.554625E-03,.5837721,
,271.5,8.798329,34.1936,1488.954,26.51886,1.554247E-03,.5845556,
,272,8.799858,34.19464,1488.969,26.51942,1.553824E-03,.5853391,
,272.5,8.799871,34.19557,1488.979,26.52015,1.553193E-03,.5861222,
,273,8.798714,34.19639,1488.984,26.52097,1.552516E-03,.586905,
,273.5,8.796419,34.19709,1488.984,26.52187,1.551794E-03,.5876876,
,274,8.793457,34.19688,1488.982,26.5222,1.551496E-03,.5884698,
,274.5,8.79008,34.19598,1488.976,26.52205,1.551707E-03,.589252,
,275,8.785904,34.19424,1488.967,26.52135,1.552512E-03,.5900344,
,275.5,8.779305,34.19171,1488.948,26.52038,1.553421E-03,.5908173,
,276,8.773045,34.19029,1488.931,26.52026,1.553644E-03,.5916005,
,276.5,8.76446,34.19017,1488.907,26.52153,1.552536E-03,.5923833,
,277,8.747893,34.19312,1488.858,26.52643,1.547825E-03,.5931647,
,277.5,8.743565,34.19702,1488.855,26.53013,1.544377E-03,.5939441,
,278,8.746092,34.20142,1488.878,26.53315,1.541656E-03,.5947224,
,278.5,8.76019,34.20608,1488.944,26.5346,1.54051E-03,.5954992,
,279,8.768475,34.20892,1488.987,26.53552,1.53981E-03,.5962757,
,279.5,8.771579,34.21013,1489.008,26.53599,1.53951E-03,.5970519,
,280,8.767914,34.21045,1489.003,26.5368,1.538826E-03,.5978278,
,280.5,8.763877,34.20985,1488.996,26.537,1.538665E-03,.5986036,
,281,8.759914,34.2085,1488.988,26.5366,1.539037E-03,.5993794,
,281.5,8.755702,34.20645,1488.978,26.53563,1.539956E-03,.6001555,
,282,8.74789,34.20334,1488.953,26.53447,1.54114E-03,.6009321,
,282.5,8.739115,34.2017,1488.927,26.53451,1.541168E-03,.6017091,
,283,8.724839,34.20009,1488.88,26.53544,1.540336E-03,.6024857,
,283.5,8.701749,34.19813,1488.8,26.53747,1.538399E-03,.6032619,
,284,8.689139,34.19776,1488.761,26.53917,1.536786E-03,.604037,
,284.5,8.679095,34.19789,1488.732,26.54088,1.535165E-03,.6048114,
,285,8.666492,34.19801,1488.694,26.54298,1.533164E-03,.6055849,
,285.5,8.658199,34.19894,1488.672,26.54498,1.531383E-03,.6063573,
,286,8.653451,34.20036,1488.665,26.54678,1.529788E-03,.6071291,
,286.5,8.652322,34.20201,1488.671,26.54825,1.528392E-03,.6079,
,287,8.651796,34.20538,1488.681,26.55098,1.525939E-03,.6086698,
,287.5,8.654648,34.20988,1488.706,26.55408,1.523164E-03,.6094384,
,288,8.66204,34.21544,1488.749,26.55728,1.520294E-03,.6102058,
,288.5,8.675462,34.22076,1488.813,26.55938,1.518465E-03,.6109717,
,289,8.685498,34.22564,1488.865,26.56166,1.51641E-03,.6117368,
,289.5,8.692121,34.22957,1488.903,26.56372,1.51454E-03,.6125009,
,290,8.695195,34.2321,1488.926,26.56518,1.513241E-03,.6132643,
,290.5,8.697257,34.23437,1488.944,26.56661,1.512063E-03,.6140268,
,291,8.691395,34.23521,1488.932,26.56817,1.51063E-03,.6147887,
,291.5,8.682228,34.23577,1488.907,26.57002,1.508915E-03,.6155499,
,292,8.673949,34.23656,1488.885,26.57191,1.507217E-03,.6163102,
,292.5,8.669032,34.23679,1488.876,26.57292,1.506348E-03,.6170699,
,293,8.666531,34.2371,1488.875,26.57355,1.505735E-03,.6178293,
,293.5,8.664759,34.23757,1488.877,26.5742,1.505276E-03,.6185883,
,294,8.662663,34.2381,1488.879,26.57495,1.50463E-03,.619347,
,294.5,8.660482,34.23865,1488.879,26.57574,1.503919E-03,.6201055,
,295,8.65884,34.2392,1488.882,26.57644,1.503417E-03,.6208636,
,295.5,8.656686,34.2392,1488.883,26.57676,1.503129E-03,.6216215,
,296,8.655151,34.23912,1488.885,26.5769,1.503059E-03,.6223794,
,296.5,8.654508,34.23903,1488.891,26.5769,1.503215E-03,.6231372,
,297,8.653658,34.23882,1488.896,26.5769,1.503294E-03,.6238952,
,297.5,8.653427,34.23856,1488.903,26.57671,1.503556E-03,.6246532,
,298,8.653891,34.23853,1488.913,26.5766,1.503738E-03,.6254113,
,298.5,8.65525,34.23895,1488.927,26.57675,1.503655E-03,.6261694,
,299,8.656051,34.23925,1488.938,26.57685,1.503635E-03,.6269276,
,299.5,8.657063,34.23976,1488.951,26.57708,1.503517E-03,.6276856,
,300,8.658742,34.24076,1488.967,26.57762,1.503171E-03,.6284436,
,300.5,8.657489,34.23996,1488.97,26.57723,1.503537E-03,.6292016,
,301,8.65969,34.2401,1488.986,26.57697,1.503931E-03,.6299598,
,301.5,8.660233,34.24033,1488.997,26.57703,1.504002E-03,.6307181,
,302,8.660324,34.24113,1489.006,26.57765,1.503498E-03,.6314763,
,302.5,8.661705,34.24292,1489.022,26.5789,1.502398E-03,.6322342,
,303,8.664217,34.24547,1489.043,26.58046,1.501072E-03,.6329912,
,303.5,8.671001,34.24821,1489.08,26.58154,1.500205E-03,.6337479,
,304,8.679329,34.25093,1489.122,26.58239,1.49955E-03,.6345041,
,304.5,8.684323,34.2532,1489.152,26.58339,1.498683E-03,.63526,
,305,8.688373,34.2551,1489.178,26.58429,1.497983E-03,.6360154,
,305.5,8.693356,34.25772,1489.208,26.5856,1.49687E-03,.6367704,
,306,8.702037,34.26112,1489.253,26.58687,1.495772E-03,.637525,
,306.5,8.717284,34.26461,1489.322,26.58716,1.495675E-03,.6382791,
,307,8.71895,34.26599,1489.338,26.58799,1.49504E-03,.639033,
,307.5,8.719606,34.26723,1489.35,26.58888,1.49431E-03,.6397866,
,308,8.719192,34.26829,1489.359,26.58979,1.493514E-03,.6405399,
,308.5,8.717187,34.26885,1489.36,26.59053,1.492886E-03,.6412928,
,309,8.717437,34.26966,1489.37,26.59113,1.492393E-03,.6420454,
,309.5,8.718996,34.27048,1489.385,26.59154,1.492084E-03,.6427979,
,310,8.719952,34.27055,1489.397,26.59144,1.492263E-03,.6435502,
,310.5,8.71853,34.27111,1489.401,26.59212,1.491718E-03,.6443025,
,311,8.715672,34.27157,1489.399,26.59297,1.491002E-03,.6450545,
,311.5,8.711236,34.27234,1489.392,26.59425,1.489896E-03,.645806,
,312,8.705554,34.27303,1489.38,26.59563,1.488627E-03,.6465569,
,312.5,8.701037,34.27367,1489.373,26.59678,1.487562E-03,.6473073,
,313,8.699327,34.27447,1489.375,26.59765,1.486821E-03,.6480572,
,313.5,8.698843,34.27533,1489.383,26.59844,1.486163E-03,.6488068,
,314,8.695983,34.27584,1489.381,26.59931,1.485427E-03,.6495558,
,314.5,8.694356,34.27574,1489.383,26.5995,1.485328E-03,.6503048,
,315,8.693206,34.27504,1489.387,26.59915,1.485755E-03,.6510538,
,315.5,8.691058,34.27325,1489.385,26.59811,1.486887E-03,.6518033,
,316,8.682562,34.27145,1489.359,26.59797,1.487048E-03,.6525531,
,316.5,8.672932,34.27002,1489.33,26.59831,1.486745E-03,.6533028,
,317,8.664168,34.26921,1489.305,26.59911,1.486067E-03,.6540523,
,317.5,8.659618,34.26865,1489.295,26.5994,1.485879E-03,.6548016,
,318,8.657635,34.26812,1489.296,26.59929,1.486006E-03,.6555508,
,318.5,8.657228,34.26772,1489.302,26.59903,1.486285E-03,.6563002,
,319,8.656259,34.26748,1489.306,26.599,1.486406E-03,.6570497,
,319.5,8.65236,34.26726,1489.3,26.59946,1.486044E-03,.6577991,
,320,8.650497,34.26699,1489.301,26.59949,.0014861,.6585484,
,320.5,8.64935,34.26612,1489.304,26.59896,1.486688E-03,.6592979,
,321,8.647178,34.26477,1489.302,26.59826,1.487401E-03,.6600477,
,321.5,8.642542,34.26325,1489.292,26.59784,1.48779E-03,.6607978,
,322,8.639408,34.26165,1489.286,26.59697,1.488703E-03,.6615483,
,322.5,8.633245,34.25968,1489.269,26.59636,1.489353E-03,.6622992,
,323,8.624574,34.25801,1489.243,26.59643,1.489373E-03,.6630501,
,323.5,8.613725,34.25674,1489.209,26.59716,1.488745E-03,.663801,
,324,8.602866,34.25439,1489.174,26.597,1.488811E-03,.6645517,
,324.5,8.593307,34.2525,1489.145,26.59701,1.488843E-03,.6653025,
,325,8.584399,34.25107,1489.118,26.59726,1.488746E-03,.6660532,
,325.5,8.566895,34.24899,1489.058,26.59831,1.487654E-03,.6668035,
,326,8.552475,34.24815,1489.012,26.59987,1.486143E-03,.6675532,
,326.5,8.54222,34.24764,1488.981,26.60104,1.485063E-03,.6683024,
,327,8.537868,34.24671,1488.972,26.60095,1.485228E-03,.6690513,
,327.5,8.536875,34.24653,1488.977,26.60105,1.485221E-03,.6698003,
,328,8.535243,34.24641,1488.979,26.60115,1.485145E-03,.6705492,
,328.5,8.53355,34.24681,1488.981,26.60173,1.484684E-03,.6712979,
,329,8.531742,34.24733,1488.983,26.6025,1.484107E-03,.6720465,
,329.5,8.52888,34.24635,1488.98,26.6022,1.484467E-03,.6727949,
,330,8.527158,34.24454,1488.979,26.60103,1.485572E-03,.6735438,
,330.5,8.519507,34.24319,1488.957,26.60114,1.48547E-03,.6742929,
,331,8.508901,34.24232,1488.925,26.60208,1.484628E-03,.6750417,
,331.5,8.495228,34.24175,1488.881,26.60372,1.483128E-03,.67579,
,332,8.478815,34.24114,1488.828,26.60571,1.481233E-03,.6765376,
,332.5,8.466969,34.23882,1488.789,26.60571,1.481226E-03,.6772845,
,333,8.456713,34.23625,1488.756,26.60529,1.481622E-03,.6780316,
,333.5,8.446078,34.23417,1488.721,26.60531,1.48159E-03,.6787786,
,334,8.432802,34.23362,1488.679,26.60699,.00148,.6795253,
,334.5,8.430776,34.2355,1488.682,26.60876,1.478421E-03,.6802711,
,335,8.436584,34.23901,1488.717,26.61057,1.476861E-03,.6810164,
,335.5,8.451801,34.24425,1488.789,26.61233,1.475352E-03,.6817608,
,336,8.466326,34.24906,1488.857,26.61391,1.474103E-03,.6825044,
,336.5,8.474295,34.25207,1488.899,26.61506,1.473135E-03,.6832476,
,337,8.475972,34.25329,1488.915,26.61576,1.472545E-03,.6839904,
,337.5,8.475053,34.25364,1488.92,26.61619,1.472291E-03,.6847329,
,338,8.471501,34.25337,1488.915,26.61653,1.471977E-03,.6854752,
,338.5,8.468157,34.25324,1488.911,26.61691,1.471696E-03,.6862175,
,339,8.4676,34.25303,1488.917,26.61677,1.471907E-03,.6869597,
,339.5,8.468443,34.25277,1488.928,26.61643,1.472369E-03,.6877021,
,340,8.469516,34.25243,1488.94,26.61601,1.472906E-03,.6884448,
,340.5,8.469017,34.25188,1488.945,26.61573,1.473251E-03,.6891876,
,341,8.46641,34.25178,1488.944,26.61601,1.47299E-03,.6899306,
,341.5,8.462318,34.25201,1488.937,26.6168,1.472302E-03,.6906732,
,342,8.457798,34.25236,1488.929,26.61779,1.471444E-03,.6914154,
,342.5,8.453599,34.25277,1488.922,26.6188,1.470572E-03,.6921573,
,343,8.450519,34.25348,1488.92,26.61982,1.469675E-03,.6928986,
,343.5,8.447867,34.25398,1488.919,26.62059,1.469017E-03,.6936396,
,344,8.445518,34.25438,1488.919,26.62123,1.468485E-03,.6943803,
,344.5,8.443544,34.2547,1488.92,26.6218,1.468038E-03,.6951208,
,345,8.442542,34.25478,1488.925,26.62202,1.467917E-03,.695861,
,345.5,8.440323,34.25442,1488.924,26.62214,1.467817E-03,.6966013,
,346,8.43935,34.25427,1488.929,26.62215,1.46789E-03,.6973416,
,346.5,8.439818,34.25438,1488.939,26.62205,1.468135E-03,.6980819,
,347,8.438393,34.25391,1488.941,26.62196,1.468308E-03,.6988223,
,347.5,8.438878,34.25395,1488.952,26.62195,.0014684,.6995628,
,348,8.438629,34.25352,1488.958,26.62164,1.468775E-03,.7003035,
,348.5,8.438364,34.25288,1488.965,26.62119,1.469253E-03,.7010443,
,349,8.438866,34.25237,1488.974,26.62077,1.46966E-03,.7017853,
,349.5,8.438411,34.25146,1488.98,26.62007,1.470408E-03,.7025266,
,350,8.436044,34.2505,1488.978,26.61973,1.470895E-03,.7032683,
,350.5,8.431874,34.24947,1488.97,26.6195,1.471226E-03,.7040102,
,351,8.426826,34.24836,1488.958,26.61935,1.471422E-03,.7047523,
,351.5,8.421783,34.24725,1488.946,26.61927,1.471497E-03,.7054944,
,352,8.417434,34.24656,1488.937,26.61936,1.47149E-03,.7062365,
,352.5,8.412207,34.24593,1488.925,26.61967,1.471205E-03,.7069784,
,353,8.406012,34.2454,1488.909,26.62022,1.470687E-03,.7077203,
,353.5,8.399297,34.24457,1488.891,26.6206,1.470345E-03,.7084619,
,354,8.393094,34.24276,1488.874,26.62014,1.470864E-03,.7092035,
,354.5,8.383477,34.24078,1488.844,26.62012,1.470966E-03,.7099453,
,355,8.374561,34.23879,1488.816,26.61987,1.471228E-03,.7106873,
,355.5,8.368112,34.23721,1488.799,26.61955,1.471516E-03,.7114293,
,356,8.364048,34.23648,1488.791,26.61963,1.47146E-03,.7121714,
,356.5,8.355211,34.23632,1488.766,26.62085,1.470393E-03,.7129132,
,357,8.342937,34.23669,1488.729,26.62303,1.468318E-03,.7136543,
,357.5,8.331766,34.23729,1488.696,26.62522,1.466245E-03,.7143941,
,358,8.322896,34.23664,1488.67,26.62603,1.465467E-03,.7151335,
,358.5,8.314827,34.23481,1488.646,26.62578,1.465711E-03,.7158726,
,359,8.299735,34.23238,1488.594,26.62616,1.465437E-03,.7166118,
,359.5,8.281352,34.22938,1488.53,26.62666,1.464807E-03,.7173507,
,360,8.266327,34.22858,1488.481,26.6283,1.463244E-03,.718089,
,360.5,8.256612,34.22907,1488.453,26.63013,1.461605E-03,.7188265,
,361,8.253128,34.22982,1488.449,26.63123,1.460647E-03,.7195635,
,361.5,8.258662,34.23083,1488.479,26.63123,1.460722E-03,.7203002,
,362,8.261455,34.23185,1488.5,26.63168,1.460375E-03,.7210368,
,362.5,8.261414,34.23276,1488.509,26.63243,1.459756E-03,.7217731,
,363,8.260238,34.23339,1488.513,26.63306,1.45925E-03,.7225093,
,363.5,8.262078,34.23336,1488.529,26.6327,1.459701E-03,.7232454,
,364,8.268349,34.23233,1488.559,26.63095,1.46153E-03,.723982,
,364.5,8.258464,34.2279,1488.525,26.62903,1.463351E-03,.7247197,
,365,8.242352,34.22444,1488.468,26.62876,1.463555E-03,.7254577,
,365.5,8.221066,34.2217,1488.393,26.6298,1.462483E-03,.7261957,
,366,8.195052,34.21798,1488.299,26.63074,1.461487E-03,.7269331,
,366.5,8.189878,34.2205,1488.291,26.63345,1.458914E-03,.7276695,
,367,8.179196,34.22029,1488.259,26.63489,1.45744E-03,.7284049,
,367.5,8.176712,34.22136,1488.259,26.63617,1.456394E-03,.7291397,
,368,8.175023,34.22157,1488.261,26.63662,1.45615E-03,.7298742,
,368.5,8.173271,34.22136,1488.263,26.63672,1.456182E-03,.7306086,
,369,8.171762,34.22092,1488.265,26.6366,1.456362E-03,.7313431,
,369.5,8.172632,34.21987,1488.275,26.63563,1.457278E-03,.7320779,
,370,8.169043,34.21901,1488.269,26.63551,1.457445E-03,.7328129,
,370.5,8.164671,34.2183,1488.26,26.63562,1.45742E-03,.733548,
,371,8.16164,34.21775,1488.256,26.63563,1.457494E-03,.7342831,
,371.5,8.160785,34.21769,1488.261,26.63572,1.457488E-03,.7350182,
,372,8.160368,34.2175,1488.267,26.6356,1.457687E-03,.7357534,
,372.5,8.160362,34.21766,1488.276,26.63571,1.457624E-03,.7364886,
,373,8.160824,34.21823,1488.286,26.63609,1.45732E-03,.7372237,
,373.5,8.161347,34.2188,1488.297,26.6364,1.457181E-03,.7379587,
,374,8.159398,34.21908,1488.299,26.63695,1.456655E-03,.7386937,
,374.5,8.156639,34.21823,1488.296,26.63676,1.456922E-03,.7394284,
,375,8.153678,34.2168,1488.291,26.63612,1.457622E-03,.7401634,
,375.5,8.152631,34.21563,1488.294,26.63534,1.458457E-03,.7408988,
,376,8.151145,34.21452,1488.295,26.63467,1.459139E-03,.7416346,
,376.5,8.149226,34.2135,1488.295,26.63417,1.459645E-03,.7423707,
,377,8.151863,34.21346,1488.313,26.6337,1.460257E-03,.7431071,
,377.5,8.149553,34.21361,1488.313,26.63419,.0014598,.7438434,
,378,8.147469,34.21454,1488.315,26.63522,1.458938E-03,.7445796,
,378.5,8.146552,34.21508,1488.32,26.63577,1.458563E-03,.7453154,
,379,8.147506,34.21438,1488.331,26.6351,1.459286E-03,.7460512,
,379.5,8.150464,34.21362,1488.35,26.63402,1.460387E-03,.7467875,
,380,8.148058,34.21302,1488.348,26.63392,1.460475E-03,.7475241,
,380.5,8.145543,34.21368,1488.348,26.6348,1.459714E-03,.7482605,
,381,8.140568,34.21492,1488.339,26.63655,1.458141E-03,.7489962,
,381.5,8.134015,34.21664,1488.325,26.63893,1.455954E-03,.7497313,
,382,8.129142,34.22017,1488.319,26.6424,1.452669E-03,.7504647,
,382.5,8.137845,34.22292,1488.364,26.64323,1.452051E-03,.7511975,
,383,8.150709,34.22515,1488.423,26.64307,1.452445E-03,.7519299,
,383.5,8.153951,34.22613,1488.445,26.64337,1.45231E-03,.7526625,
,384,8.14257,34.22446,1488.408,26.64369,1.451995E-03,.753395,
,384.5,8.13536,34.22512,1488.39,26.64531,1.450465E-03,.754127,
,385,8.12318,34.225,1488.352,26.64705,1.44872E-03,.7548581,
,385.5,8.11172,34.22589,1488.319,26.64954,1.446458E-03,.7555882,
,386,8.103024,34.22591,1488.294,26.6509,1.445266E-03,.7563176,
,386.5,8.099046,34.22466,1488.286,26.65049,1.445651E-03,.7570467,
,387,8.099785,34.2239,1488.296,26.64975,1.446343E-03,.757776,
,387.5,8.094066,34.2239,1488.283,26.65054,1.445589E-03,.7585054,
,388,8.088175,34.2253,1488.27,26.65251,1.443806E-03,.759234,
,388.5,8.084444,34.22658,1488.266,26.65409,.0014424,.759962,
,389,8.079558,34.22719,1488.257,26.65532,1.441336E-03,.7606893,
,389.5,8.074166,34.2271,1488.245,26.65605,1.440702E-03,.7614161,
,390,8.072891,34.22709,1488.248,26.65623,1.440547E-03,.7621428,
,390.5,8.074369,34.22792,1488.263,26.65664,1.440253E-03,.7628695,
,391,8.073108,34.22804,1488.267,26.65692,1.44007E-03,.7635959,
,391.5,8.077525,34.22861,1488.292,26.65671,1.440406E-03,.7643224,
,392,8.081566,34.22913,1488.317,26.65653,1.440707E-03,.765049,
,392.5,8.082198,34.22936,1488.328,26.65664,1.440682E-03,.7657757,
,393,8.080934,34.23009,1488.332,26.65735,1.440089E-03,.7665022,
,393.5,8.081813,34.23085,1488.345,26.65778,1.439821E-03,.7672285,
,394,8.082223,34.231,1488.355,26.65784,1.439831E-03,.7679548,
,394.5,8.080638,34.23018,1488.356,26.65746,1.440141E-03,.7686812,
,395,8.081624,34.22961,1488.367,26.65685,1.440907E-03,.7694078,
,395.5,8.076371,34.22829,1488.354,26.65664,1.441103E-03,.7701347,
,396,8.064155,34.22584,1488.313,26.65651,1.441217E-03,.7708616,
,396.5,8.042783,34.22041,1488.234,26.65542,1.442143E-03,.7715889,
,397,8.000398,34.21471,1488.075,26.65724,1.440178E-03,.7723157,
,397.5,7.959162,34.20894,1487.92,26.65886,1.438409E-03,.7730417,
,398,7.927166,34.20407,1487.801,26.65983,1.437311E-03,.7737671,
,398.5,7.905406,34.20197,1487.724,26.66138,1.43566E-03,.7744918,
,399,7.887106,34.20003,1487.661,26.6625,1.43459E-03,.7752157,
,399.5,7.881658,34.20084,1487.649,26.66395,1.433293E-03,.775939,
,400,7.879785,34.20264,1487.653,26.66567,1.431752E-03,.7766616,
,400.5,7.879281,34.20477,1487.662,26.66741,1.430189E-03,.7773834,
,401,7.88075,34.20709,1487.678,26.66895,1.428816E-03,.7781046,
,401.5,7.889909,34.2093,1487.724,26.66942,1.428543E-03,.7788253,
,402,7.886124,34.21111,1487.72,26.67136,1.426753E-03,.7795453,
,402.5,7.874905,34.21259,1487.688,26.67417,1.424083E-03,.7802644,
,403,7.862238,34.21387,1487.65,26.67711,1.42133E-03,.7809821,
,403.5,7.854568,34.21564,1487.631,26.67961,1.419046E-03,.7816986,
,404,7.853903,34.219,1487.641,26.68233,1.416507E-03,.7824137,
,404.5,7.866644,34.22196,1487.702,26.68274,1.41631E-03,.7831283,
,405,7.88476,34.22425,1487.782,26.68192,1.417334E-03,.7838431,
,405.5,7.887661,34.22508,1487.802,26.68212,1.417225E-03,.7845579,
,406,7.879326,34.22556,1487.779,26.6837,1.415724E-03,.7852725,
,406.5,7.865702,34.22678,1487.737,26.68673,1.412854E-03,.7859861,
,407,7.859217,34.22692,1487.721,26.68777,1.411862E-03,.7866985,
,407.5,7.847774,34.22418,1487.683,26.68719,1.412392E-03,.7874109,
,408,7.825376,34.22256,1487.604,26.68927,1.410323E-03,.7881229,
,408.5,7.805448,34.22259,1487.536,26.6922,1.407464E-03,.7888334,
,409,7.793605,34.22395,1487.501,26.69501,1.404821E-03,.7895427,
,409.5,7.789549,34.22564,1487.496,26.69693,1.403089E-03,.7902511,
,410,7.792175,34.22629,1487.515,26.69699,1.403114E-03,.7909589,
,410.5,7.793176,34.22546,1487.526,26.69623,1.403936E-03,.7916669,
,411,7.792022,34.22469,1487.529,26.69582,1.404322E-03,.7923752,
,411.5,7.787783,34.22344,1487.52,26.69556,1.404681E-03,.7930837,
,412,7.785424,34.22261,1487.518,26.69522,1.404986E-03,.7937925,
,412.5,7.777364,34.22254,1487.496,26.69626,1.404086E-03,.7945009,
,413,7.772655,34.22336,1487.487,26.6976,1.402905E-03,.795209,
,413.5,7.771339,34.2244,1487.492,26.69865,1.401961E-03,.7959165,
,414,7.77341,34.2257,1487.51,26.69939,1.401311E-03,.7966236,
,414.5,7.780101,34.22818,1487.547,26.7004,1.400552E-03,.7973303,
,415,7.786313,34.23016,1487.581,26.701,1.400162E-03,.7980368,
,415.5,7.799523,34.23277,1487.643,26.70105,1.400211E-03,.7987431,
,416,7.806009,34.23438,1487.678,26.70136,1.400058E-03,.7994494,
,416.5,7.807469,34.23541,1487.693,26.70197,1.399659E-03,.8001556,
,417,7.806678,34.23629,1487.699,26.70277,1.399059E-03,.8008617,
,417.5,7.808612,34.23703,1487.716,26.70311,1.398814E-03,.8015674,
,418,7.810114,34.23783,1487.731,26.70354,1.398489E-03,.802273,
,418.5,7.811498,34.23898,1487.746,26.70426,1.397866E-03,.8029783,
,419,7.811779,34.24017,1487.757,26.70517,1.397049E-03,.8036833,
,419.5,7.811017,34.23972,1487.762,26.70493,1.39739E-03,.8043882,
,420,7.810112,34.23819,1487.765,26.70383,1.398479E-03,.8050935,
,420.5,7.803844,34.23648,1487.747,26.70335,1.398929E-03,.8057991,
,421,7.791192,34.23519,1487.706,26.70417,1.398139E-03,.8065046,
,421.5,7.771935,34.23474,1487.64,26.70668,1.395756E-03,.8072094,
,422,7.742256,34.23291,1487.533,26.70953,1.392884E-03,.8079127,
,422.5,7.73238,34.23145,1487.502,26.70984,1.392532E-03,.8086154,
,423,7.729741,34.23003,1487.498,26.70911,1.393295E-03,.8093181,
,423.5,7.728236,34.23012,1487.501,26.70935,1.393099E-03,.810021,
,424,7.727285,34.23114,1487.507,26.71029,1.392264E-03,.8107235,
,424.5,7.726472,34.23234,1487.514,26.71138,1.391316E-03,.8114257,
,425,7.725966,34.23368,1487.522,26.71253,1.390307E-03,.8121275,
,425.5,7.725236,34.23436,1487.528,26.71321,1.389756E-03,.8128287,
,426,7.72754,34.23565,1487.547,26.71386,1.389232E-03,.8135297,
,426.5,7.727026,34.23574,1487.553,26.71405,1.389142E-03,.8142306,
,427,7.726706,34.23513,1487.56,26.71362,1.389641E-03,.8149316,
,427.5,7.729182,34.23474,1487.577,26.71286,1.390453E-03,.8156329,
,428,7.727743,34.23458,1487.58,26.71293,1.390489E-03,.8163344,
,428.5,7.721998,34.23542,1487.567,26.71445,1.389152E-03,.8170356,
,429,7.721754,34.23465,1487.573,26.71402,1.389651E-03,.8177366,
,429.5,7.723773,34.2339,1487.589,26.71307,1.390547E-03,.8184379,
,430,7.719595,34.2328,1487.58,26.7128,.0013908,.8191395,
,430.5,7.718424,34.2336,1487.584,26.71362,1.390091E-03,.819841,
,431,7.716509,34.23312,1487.585,26.71354,1.39027E-03,.8205425,
,431.5,7.715534,34.2321,1487.588,26.71284,1.390973E-03,.821244,
,432,7.71425,34.23129,1487.591,26.71236,1.391454E-03,.8219459,
,432.5,7.71072,34.23067,1487.585,26.71243,1.391482E-03,.8226479,
,433,7.708545,34.23129,1487.585,26.71322,1.390817E-03,.8233498,
,433.5,7.707978,34.23305,1487.594,26.71465,1.389573E-03,.8240512,
,434,7.705527,34.23347,1487.593,26.7153,1.388955E-03,.8247521,
,434.5,7.708348,34.23365,1487.613,26.71504,1.389297E-03,.8254529,
,435,7.710078,34.23408,1487.628,26.71514,1.389377E-03,.8261539,
,435.5,7.711213,34.23538,1487.642,26.71604,1.388655E-03,.8268547,
,436,7.713574,34.23808,1487.663,26.71778,1.387107E-03,.8275549,
,436.5,7.711802,34.24026,1487.667,26.71975,1.385303E-03,.8282543,
,437,7.70655,34.24141,1487.657,26.72145,1.383738E-03,.8289529,
,437.5,7.70344,34.2422,1487.654,26.72249,1.382808E-03,.8296508,
,438,7.699892,34.24214,1487.649,26.72298,1.382374E-03,.8303483,
,438.5,7.698613,34.24344,1487.654,26.72413,1.381361E-03,.8310456,
,439,7.694787,34.24344,1487.648,26.72479,1.380741E-03,.8317424,
,439.5,7.69298,34.24386,1487.65,26.72538,1.380251E-03,.8324389,
,440,7.69108,34.24371,1487.651,26.72551,1.380225E-03,.8331352,
,440.5,7.689495,34.24342,1487.653,26.72553,1.38031E-03,.8338317,
,441,7.688884,34.24355,1487.659,26.72573,1.380212E-03,.8345281,
,441.5,7.687962,34.24379,1487.664,26.72605,1.379969E-03,.8352244,
,442,7.685608,34.24388,1487.663,26.72643,1.379622E-03,.8359206,
,442.5,7.684315,34.24455,1487.667,26.72716,1.379026E-03,.8366166,
,443,7.680298,34.24438,1487.66,26.72758,1.378624E-03,.8373122,
,443.5,7.679164,34.24421,1487.664,26.72766,1.378631E-03,.8380078,
,444,7.679846,34.24372,1487.674,26.72718,1.379193E-03,.8387036,
,444.5,7.679717,34.24416,1487.683,26.72749,1.379002E-03,.8393993,
,445,7.68085,34.24519,1487.697,26.72812,1.378506E-03,.840095,
,445.5,7.681625,34.24692,1487.71,26.7294,1.377335E-03,.8407902,
,446,7.679959,34.24825,1487.714,26.73072,1.376108E-03,.8414848,
,446.5,7.674118,34.24764,1487.699,26.7311,1.37585E-03,.8421791,
,447,7.666884,34.24655,1487.678,26.7312,1.375844E-03,.8428733,
,447.5,7.653127,34.24322,1487.63,26.73064,1.376258E-03,.8435677,
,448,7.644879,34.24227,1487.606,26.73112,1.375789E-03,.8442618,
,448.5,7.639035,34.24139,1487.591,26.7312,1.375796E-03,.844956,
,449,7.639563,34.24071,1487.6,26.7306,1.376443E-03,.8456504,
,449.5,7.637105,34.23957,1487.598,26.7301,1.376965E-03,.846345,
,450,7.626736,34.23783,1487.564,26.73022,1.376844E-03,.8470398,
,450.5,7.61824,34.23713,1487.539,26.73085,1.376237E-03,.8477343,
,451,7.614808,34.23698,1487.534,26.73128,1.375829E-03,.8484287,
,451.5,7.610875,34.23779,1487.528,26.73248,1.374806E-03,.8491225,
,452,7.603698,34.23773,1487.509,26.7334,1.373936E-03,.849816,
,452.5,7.595407,34.23732,1487.485,26.7344,1.372966E-03,.850509,
,453,7.579885,34.2369,1487.434,26.73619,1.371168E-03,.8512014,
,453.5,7.56661,34.23666,1487.391,26.73797,1.369477E-03,.8518928,
,454,7.554856,34.23645,1487.354,26.73947,1.368058E-03,.8525835,
,454.5,7.542104,34.23652,1487.314,26.74132,1.366301E-03,.8532733,
,455,7.536534,34.23715,1487.301,26.74265,1.365047E-03,.8539624,
,455.5,7.534041,34.23811,1487.301,26.74375,1.364092E-03,.8546509,
,456,7.530748,34.23809,1487.297,26.74426,1.363618E-03,.8553391,
,456.5,7.527662,34.23734,1487.292,26.7441,1.363831E-03,.8560272,
,457,7.520897,34.23625,1487.274,26.74417,1.363762E-03,.8567153,
,457.5,7.510965,34.23529,1487.243,26.7448,1.363096E-03,.8574033,
,458,7.501972,34.235,1487.216,26.74584,1.362146E-03,.8580908,
,458.5,7.494262,34.23494,1487.195,26.74697,1.361105E-03,.8587779,
,459,7.488485,34.23489,1487.181,26.74779,1.360332E-03,.8594645,
,459.5,7.483592,34.23516,1487.171,26.74868,1.359593E-03,.8601507,
,460,7.478512,34.23528,1487.16,26.74945,1.358803E-03,.8608366,
,460.5,7.475602,34.23588,1487.158,26.75036,1.358046E-03,.861522,
,461,7.473752,34.23649,1487.16,26.75109,1.357461E-03,.8622072,
,461.5,7.473475,34.23723,1487.168,26.75169,1.356905E-03,.862892,
,462,7.475461,34.23812,1487.185,26.75218,1.356539E-03,.8635766,
,462.5,7.48156,34.23899,1487.218,26.75196,1.356937E-03,.8642612,
,463,7.483373,34.24019,1487.234,26.75264,.0013564,.8649458,
,463.5,7.481548,34.24051,1487.236,26.75315,1.356023E-03,.8656301,
,464,7.478024,34.2407,1487.231,26.75379,1.355443E-03,.8663142,
,464.5,7.473009,34.24012,1487.219,26.75405,1.355242E-03,.8669981,
,465,7.466791,34.23893,1487.203,26.75399,1.355328E-03,.867682,
,465.5,7.460042,34.23804,1487.184,26.75427,1.354972E-03,.8683658,
,466,7.453219,34.2365,1487.164,26.75407,1.355153E-03,.8690496,
,466.5,7.446997,34.23609,1487.148,26.75459,1.354654E-03,.8697332,
,467,7.440524,34.23518,1487.13,26.75476,1.354586E-03,.8704168,
,467.5,7.438815,34.23414,1487.131,26.75422,1.355215E-03,.8711005,
,468,7.436157,34.23246,1487.127,26.75328,1.356104E-03,.8717846,
,468.5,7.434122,34.23166,1487.126,26.75293,1.356543E-03,.872469,
,469,7.433446,34.23169,1487.132,26.75307,1.356411E-03,.8731535,
,469.5,7.431852,34.23189,1487.134,26.75342,1.356154E-03,.8738379,
,470,7.430822,34.23105,1487.138,26.75291,1.356655E-03,.8745223,
,470.5,7.430685,34.22865,1487.142,26.75106,1.358462E-03,.8752074,
,471,7.426944,34.22635,1487.134,26.74979,1.359706E-03,.8758932,
,471.5,7.4269,34.22596,1487.141,26.7495,1.360034E-03,.8765795,
,472,7.429646,34.22716,1487.162,26.75006,1.359624E-03,.8772657,
,472.5,7.43432,34.2283,1487.189,26.75024,1.359576E-03,.8779517,
,473,7.435292,34.22863,1487.202,26.75043,1.359522E-03,.8786378,
,473.5,7.434246,34.22577,1487.203,26.74826,1.36168E-03,.8793244,
,474,7.425872,34.22275,1487.175,26.74716,1.362731E-03,.8800119,
,474.5,7.398523,34.21841,1487.073,26.74759,1.362151E-03,.8806993,
,475,7.380862,34.21557,1487.01,26.74788,1.361717E-03,.8813866,
,475.5,7.373316,34.21405,1486.987,26.74777,1.361791E-03,.8820738,
,476,7.366779,34.21336,1486.969,26.74809,1.361483E-03,.8827609,
,476.5,7.362817,34.21347,1486.963,26.74873,1.360929E-03,.8834478,
,477,7.362461,34.21337,1486.969,26.74876,1.360955E-03,.8841346,
,477.5,7.361658,34.2133,1486.975,26.74883,1.360947E-03,.8848214,
,478,7.358872,34.21454,1486.974,26.75024,1.359657E-03,.8855078,
,478.5,7.356287,34.21564,1486.973,26.75142,1.358609E-03,.8861937,
,479,7.356392,34.21739,1486.984,26.75278,1.357441E-03,.886879,
,479.5,7.352381,34.21762,1486.978,26.75353,1.356757E-03,.8875639,
,480,7.354011,34.21781,1486.992,26.75345,1.356905E-03,.8882486,
,480.5,7.355212,34.21714,1487.004,26.75279,1.357626E-03,.8889335,
,481,7.353871,34.21628,1487.006,26.75232,1.35817E-03,.8896188,
,481.5,7.354295,34.21645,1487.017,26.75237,1.358226E-03,.8903042,
,482,7.353083,34.21629,1487.02,26.7524,1.358292E-03,.8909897,
,482.5,7.349808,34.21561,1487.015,26.75232,1.358444E-03,.8916752,
,483,7.3495,34.21562,1487.022,26.75237,1.35839E-03,.8923606,
,483.5,7.341059,34.21531,1486.998,26.75324,1.357573E-03,.893046,
,484,7.33013,34.21898,1486.968,26.75776,1.353344E-03,.89373,
,484.5,7.300886,34.22133,1486.867,26.76376,1.347382E-03,.8944114,
,485,7.289468,34.22452,1486.835,26.76785,1.343512E-03,.8950905,
,485.5,7.276522,34.22449,1486.794,26.76967,1.341783E-03,.895768,
,486,7.269421,34.22459,1486.775,26.77073,1.340682E-03,.8964449,
,486.5,7.264674,34.22461,1486.765,26.77141,1.340189E-03,.8971214,
,487,7.259831,34.22507,1486.755,26.77246,1.339179E-03,.8977974,
,487.5,7.255499,34.22607,1486.748,26.77383,1.337839E-03,.8984728,
,488,7.250263,34.22713,1486.737,26.77537,1.336465E-03,.8991477,
,488.5,7.243672,34.22779,1486.721,26.77684,1.335178E-03,.8998219,
,489,7.238829,34.22807,1486.711,26.77779,1.334214E-03,.9004954,
,489.5,7.23741,34.22842,1486.714,26.77822,1.333904E-03,.9011687,
,490,7.235271,34.22831,1486.714,26.7784,1.333831E-03,.9018419,
,490.5,7.233057,34.22673,1486.712,26.7775,1.334685E-03,.9025152,
,491,7.231462,34.22579,1486.713,26.77695,1.335276E-03,.9031889,
,491.5,7.227652,34.22463,1486.705,26.77654,1.335686E-03,.903863,
,492,7.22239,34.22339,1486.692,26.77629,1.335928E-03,.9045371,
,492.5,7.217575,34.22324,1486.681,26.7769,1.335428E-03,.9052112,
,493,7.212674,34.22236,1486.669,26.77689,1.335454E-03,.9058851,
,493.5,7.208026,34.2215,1486.659,26.77691,1.335426E-03,.906559,
,494,7.201629,34.22097,1486.642,26.77743,1.334931E-03,.9072328,
,494.5,7.189795,34.22043,1486.604,26.77861,1.333762E-03,.9079063,
,495,7.173545,34.22023,1486.549,26.78071,1.331669E-03,.9085788,
,495.5,7.153918,34.22057,1486.482,26.78374,1.328692E-03,.9092502,
,496,7.125547,34.22162,1486.382,26.78847,1.324073E-03,.9099196,
,496.5,7.101851,34.22348,1486.301,26.79321,1.319391E-03,.9105867,
,497,7.083736,34.22472,1486.241,26.79675,1.315957E-03,.9112517,
,497.5,7.078391,34.22635,1486.23,26.79876,1.314057E-03,.9119154,
,498,7.068893,34.22902,1486.205,26.80215,1.310844E-03,.9125777,
,498.5,7.055636,34.2324,1486.166,26.80666,1.306582E-03,.9132383,
,499,7.049958,34.23274,1486.153,26.80769,1.305601E-03,.9138974,
