,0,21.38201,33.4963,1523.559,23.24738,4.618841E-03,0,
,.5,21.37002,33.49446,1523.527,23.24921,4.617114E-03,2.324459E-03,
,1,21.356,33.49129,1523.495,23.25059,4.615994E-03,4.647745E-03,
,1.5,21.34981,33.49,1523.485,23.25135,4.615434E-03,6.970838E-03,
,2,21.34358,33.49004,1523.477,23.25306,4.613951E-03,9.293408E-03,
,2.5,21.32907,33.48956,1523.446,23.25661,4.610757E-03,1.161491E-02,
,3,21.2233,33.48543,1523.165,23.28229,4.586418E-03,1.393087E-02,
,3.5,21.0282,33.48065,1522.642,23.33141,4.539666E-03,1.622793E-02,
,4,20.91593,33.46375,1522.328,23.34882,4.523161E-03,1.850765E-02,
,4.5,20.76161,33.46992,1521.923,23.39495,4.479367E-03,2.077331E-02,
,5,20.32279,33.43729,1520.693,23.48668,4.391915E-03,.0229759,
,5.5,20.11696,33.43432,1520.127,23.53839,4.342745E-03,2.517237E-02,
,6,19.65666,33.46107,1518.879,23.67833,4.209313E-03,2.733139E-02,
,6.5,18.68147,33.45197,1516.105,23.91924,3.979586E-03,2.938689E-02,
,7,18.11408,33.41842,1514.429,24.03409,3.870134E-03,3.136569E-02,
,7.5,17.89787,33.35865,1513.735,24.04109,3.863578E-03,3.331248E-02,
,8,17.6595,33.30502,1512.978,24.05763,3.847905E-03,.0352512,
,8.5,17.28406,33.27539,1511.835,24.1247,3.784017E-03,3.717145E-02,
,9,16.76575,33.26007,1510.264,24.2346,3.679423E-03,3.905155E-02,
,9.5,16.38767,33.23548,1509.094,24.30322,3.614137E-03,4.088652E-02,
,10,16.15068,33.21123,1508.346,24.33872,3.580395E-03,4.269721E-02,
,10.5,15.93879,33.19697,1507.683,24.37557,3.545372E-03,4.448868E-02,
,11,15.69555,33.18999,1506.927,24.42471,3.498676E-03,4.626267E-02,
,11.5,15.47748,33.20243,1506.267,24.48262,3.443633E-03,4.800598E-02,
,12,15.26326,33.22088,1505.624,24.54398,3.385292E-03,4.973133E-02,
,12.5,15.01468,33.23074,1504.857,24.60578,3.326419E-03,5.142022E-02,
,13,14.86051,33.22707,1504.371,24.63621,3.297583E-03,5.308756E-02,
,13.5,14.73396,33.20992,1503.955,24.65011,3.284522E-03,5.474424E-02,
,14,14.55696,33.19451,1503.378,24.67589,3.260108E-03,5.639064E-02,
,14.5,14.31584,33.19211,1502.607,24.72497,3.213422E-03,5.802076E-02,
,15,14.06199,33.20564,1501.808,24.78857,3.152855E-03,5.962703E-02,
,15.5,13.87931,33.22527,1501.243,24.84142,3.10261E-03,6.119617E-02,
,16,13.73538,33.2437,1500.802,24.88521,3.061033E-03,6.274737E-02,
,16.5,13.61754,33.26064,1500.444,24.92234,3.025824E-03,6.428371E-02,
,17,13.46399,33.26847,1499.955,24.95953,2.990532E-03,6.579764E-02,
,17.5,13.41261,33.27451,1499.801,24.97464,2.976234E-03,6.729923E-02,
,18,13.33579,33.27863,1499.56,24.99322,2.958625E-03,6.879258E-02,
,18.5,13.25898,33.28536,1499.321,25.01381,2.939119E-03,7.027733E-02,
,19,13.19596,33.2877,1499.123,25.02827,2.925481E-03,7.175387E-02,
,19.5,13.16956,33.28379,1499.039,25.03055,2.923475E-03,7.322603E-02,
,20,13.13826,33.28196,1498.941,25.03534,2.91903E-03,7.469606E-02,
,20.5,13.09403,33.28271,1498.802,25.04464,2.910241E-03,7.616436E-02,
,21,12.97042,33.28803,1498.404,25.0732,2.883151E-03,7.762184E-02,
,21.5,12.89388,33.29136,1498.16,25.09092,2.866391E-03,7.906909E-02,
,22,12.84837,33.2974,1498.023,25.10456,2.85356E-03,8.050834E-02,
,22.5,12.76185,33.30417,1497.749,25.12675,2.832531E-03,8.193936E-02,
,23,12.61186,33.30826,1497.257,25.15913,2.801703E-03,8.335893E-02,
,23.5,12.47458,33.30622,1496.799,25.18401,2.778054E-03,8.476277E-02,
,24,12.41514,33.30429,1496.603,25.19393,2.768688E-03,8.615961E-02,
,24.5,12.29814,33.30836,1496.218,25.21947,2.744508E-03,8.754327E-02,
,25,12.17582,33.31638,1495.82,25.24904,2.716503E-03,8.892161E-02,
,25.5,12.06144,33.33803,1495.463,25.28749,2.680031E-03,9.028085E-02,
,26,12.01272,33.34852,1495.317,25.30477,2.663751E-03,9.162506E-02,
,26.5,11.99852,33.34951,1495.278,25.30821,2.660523E-03,9.296518E-02,
,27,11.98815,33.34948,1495.251,25.31015,2.65873E-03,.0943042,
,27.5,11.97682,33.34934,1495.22,25.31213,2.657004E-03,9.564246E-02,
,28,11.9652,33.34856,1495.187,25.31372,2.655566E-03,9.697974E-02,
,28.5,11.95218,33.34938,1495.152,25.31675,2.652775E-03,9.831595E-02,
,29,11.92855,33.35155,1495.082,25.32286,2.647045E-03,9.964982E-02,
,29.5,11.90199,33.3548,1495.003,25.33037,2.639985E-03,.1009811,
,30,11.887,33.35836,1494.964,25.33592,2.634848E-03,.102309,
,30.5,11.88222,33.35959,1494.957,25.33778,2.633344E-03,.1036353,
,31,11.87866,33.35928,1494.953,25.33817,2.632957E-03,.104961,
,31.5,11.87252,33.35986,1494.941,25.33978,2.631545E-03,.1062863,
,32,11.86272,33.36064,1494.916,25.34225,2.629315E-03,.1076105,
,32.5,11.85915,33.36156,1494.913,25.34367,2.628059E-03,.108934,
,33,11.85342,33.36224,1494.903,25.34528,2.62668E-03,.1102568,
,33.5,11.84772,33.36314,1494.893,25.34706,2.625088E-03,.1115788,
,34,11.84208,33.36423,1494.883,25.34894,2.623393E-03,.1129002,
,34.5,11.83681,33.36519,1494.874,25.35065,2.621914E-03,.1142206,
,35,11.8327,33.36589,1494.869,25.35196,2.620809E-03,.1155404,
,35.5,11.83044,33.36662,1494.87,25.35291,2.619988E-03,.1168598,
,36,11.82251,33.36596,1494.851,25.35389,2.619167E-03,.1181787,
,36.5,11.81743,33.36621,1494.842,25.35497,2.618226E-03,.1194972,
,37,11.80476,33.36863,1494.809,25.35921,2.614273E-03,.1208142,
,37.5,11.78213,33.37119,1494.743,25.36544,2.608448E-03,.1221291,
,38,11.75941,33.37323,1494.675,25.37132,2.602976E-03,.1234411,
,38.5,11.73342,33.3733,1494.594,25.37614,2.598479E-03,.1247504,
,39,11.6921,33.37535,1494.462,25.38537,.0025898,.1260565,
,39.5,11.64845,33.37997,1494.325,25.39703,2.578809E-03,.1273574,
,40,11.61294,33.38531,1494.217,25.40772,2.568721E-03,.1286535,
,40.5,11.58415,33.39114,1494.132,25.41763,2.559359E-03,.1299445,
,41,11.54521,33.39715,1494.013,25.42943,2.548239E-03,.1312306,
,41.5,11.49691,33.39626,1493.853,25.43753,2.540452E-03,.132512,
,42,11.46391,33.39763,1493.748,25.44469,2.533837E-03,.1337893,
,42.5,11.39838,33.40033,1493.532,25.45871,2.520588E-03,.1350606,
,43,11.35065,33.4067,1493.381,25.47232,2.507728E-03,.1363268,
,43.5,11.31983,33.41401,1493.291,25.48361,2.497095E-03,.1375874,
,44,11.2889,33.4144,1493.192,25.48956,2.491565E-03,.1388431,
,44.5,11.25241,33.41301,1493.071,25.49503,2.486469E-03,.1400962,
,45,11.20027,33.41436,1492.899,25.50542,2.47664E-03,.1413456,
,45.5,11.1385,33.41983,1492.698,25.52077,2.46208E-03,.1425889,
,46,11.08354,33.426,1492.521,25.5355,2.448233E-03,.1438258,
,46.5,11.05628,33.43173,1492.44,25.54481,2.439392E-03,.1450555,
,47,11.03255,33.43691,1492.372,25.55307,2.431604E-03,.1462823,
,47.5,11.00834,33.44125,1492.3,25.56077,2.424444E-03,.1475053,
,48,10.98146,33.44511,1492.219,25.56854,2.41716E-03,.1487242,
,48.5,10.97394,33.44769,1492.203,25.57196,2.413901E-03,.1499405,
,49,10.96946,33.44853,1492.197,25.57334,2.412728E-03,.1511556,
,49.5,10.96521,33.44879,1492.191,25.57431,2.411924E-03,.1523703,
,50,10.96156,33.44894,1492.186,25.57513,2.411231E-03,.1535846,
,50.5,10.95832,33.44951,1492.184,25.57617,2.410358E-03,.1547986,
,51,10.95224,33.45042,1492.172,25.57798,2.408821E-03,.1560119,
,51.5,10.94668,33.45121,1492.161,25.57953,2.407452E-03,.1572245,
,52,10.94346,33.4514,1492.159,25.58026,2.406863E-03,.1584366,
,52.5,10.94064,33.45147,1492.157,25.58079,2.40643E-03,.1596484,
,53,10.93768,33.45189,1492.156,25.58162,2.405761E-03,.1608599,
,53.5,10.93467,33.45243,1492.154,25.58254,2.405006E-03,.1620712,
,54,10.93186,33.4532,1492.153,25.58366,2.404017E-03,.1632819,
,54.5,10.92878,33.45383,1492.151,25.58469,2.403123E-03,.1644922,
,55,10.92655,33.45438,1492.153,25.58557,2.402389E-03,.1657021,
,55.5,10.92338,33.45475,1492.15,25.58644,2.401657E-03,.1669116,
,56,10.91965,33.45506,1492.146,25.58732,2.400916E-03,.1681208,
,56.5,10.91661,33.45519,1492.143,25.58792,2.400432E-03,.1693296,
,57,10.91328,33.4546,1492.139,25.58798,2.400462E-03,.1705384,
,57.5,10.90964,33.45335,1492.133,25.58769,2.400826E-03,.1717472,
,58,10.90353,33.45196,1492.118,25.58772,2.400863E-03,.1729562,
,58.5,10.89263,33.45031,1492.086,25.58839,2.400303E-03,.174165,
,59,10.8762,33.44861,1492.035,25.58999,2.398865E-03,.1753733,
,59.5,10.85906,33.44895,1491.983,25.59328,2.395896E-03,.1765804,
,60,10.83384,33.45082,1491.904,25.59916,2.390405E-03,.177785,
,60.5,10.80593,33.45375,1491.818,25.60634,2.383645E-03,.1789874,
,61,10.77821,33.45835,1491.734,25.61488,2.375611E-03,.180186,
,61.5,10.76304,33.46243,1491.693,25.62065,2.370231E-03,.181381,
,62,10.75583,33.46423,1491.678,25.62333,2.367818E-03,.1825739,
,62.5,10.74887,33.46479,1491.662,25.62502,2.36633E-03,.1837658,
,63,10.74228,33.46546,1491.648,25.62667,2.364837E-03,.1849572,
,63.5,10.73621,33.46745,1491.638,25.62932,2.362384E-03,.1861471,
,64,10.72256,33.4715,1491.603,25.6349,2.357199E-03,.1873359,
,64.5,10.70232,33.47691,1491.546,25.64267,2.34995E-03,.188521,
,65,10.69524,33.47968,1491.532,25.64606,2.346796E-03,.1897033,
,65.5,10.68722,33.48302,1491.516,25.65004,2.343104E-03,.1908839,
,66,10.67841,33.48684,1491.498,25.65452,2.338973E-03,.1920631,
,66.5,10.66693,33.49138,1491.471,25.66012,2.333737E-03,.1932396,
,67,10.64987,33.49496,1491.423,25.66591,2.328278E-03,.1944137,
,67.5,10.62929,33.49504,1491.358,25.66954,2.324877E-03,.1955851,
,68,10.6102,33.49362,1491.297,25.67177,2.322842E-03,.1967554,
,68.5,10.59278,33.49216,1491.242,25.67367,2.321114E-03,.1979248,
,69,10.57767,33.49186,1491.196,25.67598,2.319013E-03,.1990932,
,69.5,10.57093,33.49223,1491.181,25.67743,2.317797E-03,.2002606,
,70,10.56727,33.49297,1491.177,25.67868,2.316704E-03,.2014275,
,70.5,10.56545,33.49395,1491.18,25.67981,2.31568E-03,.202594,
,71,10.56804,33.49579,1491.2,25.68074,2.314877E-03,.2037599,
,71.5,10.5725,33.49905,1491.228,25.68251,2.313328E-03,.2049254,
,72,10.57685,33.50199,1491.255,25.68402,2.312005E-03,.2060899,
,72.5,10.57922,33.50352,1491.274,25.68482,2.31139E-03,.207254,
,73,10.58066,33.50482,1491.289,25.68564,2.31068E-03,.2084179,
,73.5,10.58062,33.50665,1491.299,25.68705,2.309532E-03,.2095813,
,74,10.5805,33.50891,1491.31,25.68879,2.307914E-03,.2107439,
,74.5,10.57976,33.50957,1491.316,25.68946,2.307451E-03,.2119061,
,75,10.58023,33.50979,1491.327,25.68958,2.307361E-03,.2130681,
,75.5,10.58084,33.50988,1491.337,25.68955,2.307437E-03,.2142301,
,76,10.58049,33.51023,1491.344,25.68981,2.307351E-03,.2153921,
,76.5,10.57986,33.51052,1491.351,25.69015,2.307123E-03,.2165541,
,77,10.58013,33.51087,1491.361,25.69039,2.307021E-03,.2177159,
,77.5,10.58038,33.51134,1491.37,25.69075,2.306799E-03,.2188777,
,78,10.58031,33.51205,1491.379,25.69139,2.306273E-03,.2200393,
,78.5,10.58137,33.5137,1491.393,25.69238,2.305412E-03,.2212005,
,79,10.58495,33.51456,1491.415,25.6925,2.305406E-03,.2223615,
,79.5,10.58694,33.5156,1491.432,25.69294,2.305079E-03,.2235224,
,80,10.5786,33.51699,1491.412,25.69544,2.302867E-03,.2246827,
,80.5,10.56969,33.51982,1491.392,25.69921,2.299435E-03,.2258417,
,81,10.56746,33.52363,1491.397,25.70254,2.296311E-03,.2269989,
,81.5,10.56692,33.52711,1491.408,25.70531,2.293736E-03,.2281547,
,82,10.56347,33.52982,1491.407,25.70803,2.291284E-03,.2293091,
,82.5,10.5575,33.5319,1491.397,25.71073,2.288867E-03,.2304626,
,83,10.55097,33.53352,1491.384,25.71319,2.286598E-03,.2316147,
,83.5,10.54474,33.535,1491.372,25.71537,2.284605E-03,.2327657,
,84,10.5383,33.53688,1491.36,25.71795,2.282195E-03,.2339159,
,84.5,10.53366,33.53753,1491.352,25.71936,2.281005E-03,.2350649,
,85,10.53064,33.53805,1491.35,25.72027,.0022803,.2362135,
,85.5,10.52016,33.53759,1491.321,25.72163,2.279011E-03,.2373616,
,86,10.50197,33.53677,1491.263,25.72412,2.276754E-03,.2385088,
,86.5,10.48262,33.53587,1491.202,25.72687,2.274139E-03,.2396548,
,87,10.47208,33.53615,1491.173,25.7289,2.272346E-03,.2407995,
,87.5,10.46237,33.53697,1491.148,25.7312,2.270262E-03,.2419434,
,88,10.4536,33.53841,1491.126,25.73381,2.267845E-03,.2430864,
,88.5,10.43801,33.54024,1491.081,25.73797,2.264043E-03,.2442272,
,89,10.41982,33.54395,1491.029,25.74403,2.258358E-03,.2453665,
,89.5,10.39884,33.54883,1490.969,25.75136,2.251419E-03,.2465018,
,90,10.38911,33.55278,1490.947,25.7561,2.247008E-03,.2476347,
,90.5,10.37478,33.55622,1490.908,25.76136,2.242158E-03,.2487649,
,91,10.36348,33.56166,1490.883,25.76747,2.236405E-03,.249893,
,91.5,10.35601,33.56665,1490.871,25.7727,2.231525E-03,.2510182,
,92,10.35156,33.56978,1490.867,25.77589,2.22862E-03,.2521414,
,92.5,10.35187,33.57127,1490.878,25.77702,2.227575E-03,.2532635,
,93,10.35197,33.57144,1490.887,25.7771,2.227627E-03,.2543854,
,93.5,10.3525,33.5715,1490.897,25.7771,2.227767E-03,.2555074,
,94,10.35287,33.57141,1490.906,25.77693,2.227994E-03,.2566295,
,94.5,10.35323,33.57129,1490.916,25.77673,2.228236E-03,.2577516,
,95,10.35423,33.57135,1490.928,25.77661,2.228561E-03,.258874,
,95.5,10.35308,33.57229,1490.933,25.77757,2.227675E-03,.259996,
,96,10.35262,33.57264,1490.94,25.77794,2.227398E-03,.2611179,
,96.5,10.35168,33.57265,1490.945,25.77805,2.227376E-03,.2622398,
,97,10.35145,33.57276,1490.953,25.77816,2.227439E-03,.2633616,
,97.5,10.35121,33.57276,1490.96,25.7782,2.227565E-03,.2644835,
,98,10.35074,33.57269,1490.967,25.77822,2.227682E-03,.2656055,
,98.5,10.35028,33.57271,1490.974,25.77839,2.22759E-03,.2667274,
,99,10.3498,33.57273,1490.98,25.77844,2.227556E-03,.2678494,
,99.5,10.34892,33.57299,1490.986,25.77883,2.227314E-03,.2689713,
,100,10.34874,33.57305,1490.993,25.77893,2.227303E-03,.2700931,
,100.5,10.34888,33.57301,1491.002,25.77885,2.227517E-03,.271215,
,101,10.34888,33.57299,1491.01,25.77881,2.22763E-03,.2723369,
,101.5,10.34863,33.57315,1491.018,25.77894,2.227558E-03,.2734589,
,102,10.34882,33.57345,1491.027,25.77914,2.227494E-03,.2745808,
,102.5,10.34943,33.57357,1491.038,25.77917,2.227545E-03,.2757027,
,103,10.3496,33.57368,1491.047,25.77925,2.227563E-03,.2768247,
,103.5,10.3487,33.57384,1491.052,25.77951,2.227472E-03,.2779466,
,104,10.34645,33.57429,1491.053,25.78024,2.226903E-03,.2790684,
,104.5,10.34463,33.57426,1491.055,25.78058,2.22663E-03,.2801899,
,105,10.34387,33.57417,1491.06,25.78064,2.22668E-03,.2813115,
,105.5,10.34304,33.57398,1491.065,25.78064,2.226809E-03,.282433,
,106,10.3427,33.57396,1491.072,25.78071,2.226902E-03,.2835546,
,106.5,10.3433,33.57393,1491.083,25.7806,2.22709E-03,.2846763,
,107,10.34498,33.57418,1491.097,25.78051,2.227192E-03,.2857981,
,107.5,10.34523,33.57425,1491.107,25.78042,2.227478E-03,.28692,
,108,10.34585,33.57445,1491.117,25.78051,2.227382E-03,.2880419,
,108.5,10.34493,33.57457,1491.122,25.78076,2.227282E-03,.2891637,
,109,10.3447,33.5749,1491.13,25.78109,2.227102E-03,.2902855,
,109.5,10.34526,33.57518,1491.141,25.7812,2.227084E-03,.2914073,
,110,10.34596,33.57531,1491.152,25.78112,2.227248E-03,.2925291,
,110.5,10.34714,33.57549,1491.165,25.78104,2.227453E-03,.293651,
,111,10.34766,33.57571,1491.175,25.78112,2.227486E-03,.2947729,
,111.5,10.34759,33.57603,1491.184,25.78139,2.227321E-03,.2958949,
,112,10.34737,33.57638,1491.192,25.78168,2.227108E-03,.2970167,
,112.5,10.34692,33.57674,1491.199,25.78204,2.226851E-03,.2981384,
,113,10.34563,33.5773,1491.203,25.78276,2.22631E-03,.2992599,
,113.5,10.34166,33.57832,1491.198,25.78427,2.224959E-03,.300381,
,114,10.32494,33.58363,1491.153,25.7912,2.218431E-03,.3015001,
,114.5,10.30303,33.58969,1491.091,25.79969,2.21047E-03,.3026148,
,115,10.28493,33.59491,1491.041,25.80687,2.203722E-03,.303727,
,115.5,10.27059,33.60086,1491.005,25.81392,2.197107E-03,.3048353,
,116,10.25176,33.60816,1490.954,25.82286,2.188728E-03,.3059402,
,116.5,10.23113,33.6151,1490.897,25.8318,2.18024E-03,.3070405,
,117,10.21647,33.61998,1490.859,25.83822,2.174156E-03,.3081371,
,117.5,10.20361,33.62447,1490.827,25.84388,2.168857E-03,.3092307,
,118,10.19124,33.62844,1490.795,25.84908,2.16402E-03,.3103214,
,118.5,10.17906,33.63222,1490.765,25.85411,2.159362E-03,.311411,
,119,10.17065,33.6361,1490.747,25.85856,2.155254E-03,.3124971,
,119.5,10.16217,33.64016,1490.73,25.86317,2.151001E-03,.3135824,
,120,10.14555,33.64594,1490.686,25.87053,2.144105E-03,.3146642,
,120.5,10.12046,33.6533,1490.613,25.88051,2.134641E-03,.3157417,
,121,10.10489,33.66137,1490.575,25.88943,2.126263E-03,.3168147,
,121.5,10.08259,33.66856,1490.512,25.89874,2.117415E-03,.3178837,
,122,10.06712,33.675,1490.473,25.9064,2.11019E-03,.3189479,
,122.5,10.05629,33.67831,1490.446,25.91082,2.106093E-03,.3200099,
,123,10.05165,33.68075,1490.441,25.91355,2.103617E-03,.3210701,
,123.5,10.0479,33.68286,1490.438,25.91583,2.101545E-03,.3221293,
,124,10.04503,33.68465,1490.438,25.91764,2.099879E-03,.3231876,
,124.5,10.03887,33.68668,1490.427,25.92035,2.097423E-03,.3242449,
,125,10.03189,33.6903,1490.414,25.92439,2.093704E-03,.3253004,
,125.5,10.01686,33.69479,1490.374,25.93038,2.088084E-03,.3263537,
,126,10.00246,33.69961,1490.336,25.9365,2.082305E-03,.3274042,
,126.5,9.994422,33.70197,1490.318,25.93975,2.079271E-03,.3284521,
,127,9.987949,33.70373,1490.306,25.94227,2.076987E-03,.3294989,
,127.5,9.982715,33.70535,1490.297,25.9444,2.075133E-03,.3305446,
,128,9.977878,33.70707,1490.29,25.94655,2.073216E-03,.3315896,
,128.5,9.973638,33.70896,1490.285,25.94873,2.071202E-03,.3326334,
,129,9.968573,33.71087,1490.278,25.95105,2.06911E-03,.3336762,
,129.5,9.962828,33.71301,1490.268,25.95367,2.066756E-03,.3347182,
,130,9.955223,33.7167,1490.253,25.95785,2.062776E-03,.3357584,
,130.5,9.940784,33.72143,1490.215,25.96394,2.056987E-03,.336796,
,131,9.931066,33.72467,1490.192,25.96811,2.05316E-03,.337831,
,131.5,9.922209,33.72776,1490.172,25.97204,2.049556E-03,.3388641,
,132,9.911892,33.73098,1490.147,25.9763,2.045574E-03,.3398961,
,132.5,9.89877,33.73515,1490.113,25.98171,2.040506E-03,.3409245,
,133,9.887047,33.74006,1490.085,25.98749,2.035117E-03,.3419514,
,133.5,9.878054,33.74627,1490.069,25.99389,2.029206E-03,.3429756,
,134,9.858907,33.75245,1490.015,26.00196,2.021542E-03,.3439958,
,134.5,9.842317,33.76022,1489.973,26.01079,2.013154E-03,.3450122,
,135,9.829025,33.76531,1489.94,26.01694,2.007404E-03,.3460245,
,135.5,9.811896,33.77378,1489.896,26.02643,1.99841E-03,.3470336,
,136,9.779734,33.78689,1489.804,26.04202,1.983726E-03,.3480372,
,136.5,9.760604,33.79662,1489.755,26.05285,1.973459E-03,.3490335,
,137,9.747231,33.8016,1489.721,26.05893,1.967756E-03,.3500259,
,137.5,9.737315,33.80592,1489.698,26.06392,1.963099E-03,.3510158,
,138,9.730203,33.80972,1489.686,26.06804,1.959292E-03,.3520039,
,138.5,9.724071,33.8132,1489.676,26.07179,1.955846E-03,.3529903,
,139,9.719006,33.81635,1489.67,26.07514,1.952793E-03,.353975,
,139.5,9.711615,33.82101,1489.657,26.08002,1.948279E-03,.3549579,
,140,9.700281,33.82603,1489.63,26.08579,1.942835E-03,.355938,
,140.5,9.695719,33.82884,1489.625,26.08875,1.940102E-03,.356916,
,141,9.689972,33.83091,1489.615,26.09132,1.937807E-03,.3578926,
,141.5,9.683988,33.83302,1489.604,26.09394,1.93542E-03,.3588684,
,142,9.677964,33.83555,1489.594,26.09687,1.93263E-03,.3598429,
,142.5,9.671712,33.83848,1489.583,26.10023,1.929545E-03,.3608157,
,143,9.66298,33.84163,1489.563,26.10414,1.925943E-03,.3617868,
,143.5,9.658073,33.84387,1489.557,26.1067,1.923525E-03,.3627565,
,144,9.656006,33.84532,1489.559,26.10821,1.922227E-03,.363725,
,144.5,9.653193,33.84674,1489.559,26.1098,1.920808E-03,.364693,
,145,9.649528,33.84815,1489.556,26.1115,1.919251E-03,.3656604,
,145.5,9.645348,33.85025,1489.551,26.11383,1.917104E-03,.3666266,
,146,9.640653,33.85279,1489.546,26.11658,1.914566E-03,.367592,
,146.5,9.634409,33.85581,1489.535,26.11998,1.911429E-03,.3685559,
,147,9.62786,33.85983,1489.524,26.12419,1.907661E-03,.3695179,
,147.5,9.62423,33.8625,1489.523,26.12689,1.90512E-03,.3704782,
,148,9.622728,33.86395,1489.527,26.12821,1.903949E-03,.3714378,
,148.5,9.620522,33.86524,1489.529,26.12958,1.902801E-03,.3723966,
,149,9.617547,33.86698,1489.529,26.13144,1.901101E-03,.3733548,
,149.5,9.613984,33.8693,1489.527,26.13387,1.898854E-03,.3743121,
,150,9.612958,33.87052,1489.533,26.135,1.897936E-03,.3752684,
,150.5,9.612876,33.87116,1489.542,26.13551,1.89758E-03,.3762245,
,151,9.612525,33.87173,1489.55,26.13601,1.897149E-03,.3771804,
,151.5,9.611167,33.87271,1489.554,26.13701,1.896264E-03,.378136,
,152,9.607285,33.87473,1489.551,26.1392,1.894278E-03,.379091,
,152.5,9.602014,33.8778,1489.544,26.14248,1.891306E-03,.3800444,
,153,9.599734,33.87992,1489.546,26.14455,1.889424E-03,.3809967,
,153.5,9.594691,33.88129,1489.538,26.14641,1.887721E-03,.3819481,
,154,9.590378,33.88305,1489.533,26.14849,1.885823E-03,.3828988,
,154.5,9.587446,33.88483,1489.532,26.15038,1.884114E-03,.3838485,
,155,9.586302,33.88583,1489.538,26.15136,1.883297E-03,.3847976,
,155.5,9.585175,33.88621,1489.542,26.15183,1.88299E-03,.3857464,
,156,9.584105,33.88668,1489.547,26.15234,1.882593E-03,.3866949,
,156.5,9.58303,33.88717,1489.552,26.15287,1.882156E-03,.3876434,
,157,9.581526,33.88744,1489.556,26.15341,1.881718E-03,.3885915,
,157.5,9.5809,33.88793,1489.562,26.15387,1.881371E-03,.3895395,
,158,9.579439,33.88811,1489.565,26.15423,1.88115E-03,.3904873,
,158.5,9.580005,33.88857,1489.576,26.1545,1.880919E-03,.391435,
,159,9.579505,33.88908,1489.583,26.155,1.880556E-03,.3923825,
,159.5,9.578503,33.88956,1489.589,26.15557,1.880159E-03,.3933299,
,160,9.577271,33.89005,1489.593,26.15614,1.879739E-03,.3942771,
,160.5,9.576691,33.88995,1489.599,26.15611,1.879808E-03,.3952242,
,161,9.578684,33.88904,1489.614,26.15512,1.880913E-03,.3961715,
,161.5,9.579893,33.88845,1489.625,26.15445,1.88161E-03,.3971193,
,162,9.579464,33.8885,1489.632,26.15453,1.881611E-03,.3980673,
,162.5,9.578591,33.88879,1489.638,26.15488,1.881402E-03,.3990153,
,163,9.578253,33.88891,1489.645,26.15507,1.881298E-03,.3999632,
,163.5,9.578541,33.88909,1489.655,26.15515,1.881318E-03,.4009111,
,164,9.5789,33.88919,1489.664,26.15515,1.881459E-03,.401859,
,164.5,9.57895,33.88916,1489.673,26.15513,1.881614E-03,.402807,
,165,9.578857,33.889,1489.68,26.15506,1.881746E-03,.4037551,
,165.5,9.579238,33.88871,1489.69,26.15474,1.882128E-03,.4047033,
,166,9.579562,33.88847,1489.699,26.15446,1.882446E-03,.4056517,
,166.5,9.578775,33.88862,1489.705,26.15469,1.882258E-03,.4066001,
,167,9.57635,33.88907,1489.704,26.15543,1.881741E-03,.4075483,
