,0,18.48234,33.42506,1515.399,23.94861,3.94957E-03,0,
,.5,18.48003,33.4255,1515.395,23.94949,3.948726E-03,1.987856E-03,
,1,18.42549,33.42158,1515.241,23.95999,3.938894E-03,3.973766E-03,
,1.5,18.21707,33.41277,1514.633,24.00463,3.896485E-03,5.945703E-03,
,2,17.91711,33.41551,1513.766,24.08008,3.824744E-03,7.887945E-03,
,2.5,17.74719,33.40994,1513.267,24.11703,3.78963E-03,9.804255E-03,
,3,17.59026,33.41547,1512.817,24.15901,3.749791E-03,1.170122E-02,
,3.5,17.38543,33.40709,1512.206,24.20169,3.709123E-03,1.357891E-02,
,4,17.15243,33.4006,1511.51,24.25199,3.661461E-03,1.543401E-02,
,4.5,16.74698,33.39565,1510.29,24.34322,3.574491E-03,1.725692E-02,
,5,16.31408,33.38797,1508.968,24.43715,3.48513E-03,1.902946E-02,
,5.5,16.02826,33.37852,1508.086,24.49508,3.430152E-03,2.076834E-02,
,6,15.88857,33.37313,1507.656,24.52245,3.404201E-03,2.248906E-02,
,6.5,15.82659,33.37216,1507.471,24.53563,3.39179E-03,2.420004E-02,
,7,15.80085,33.37364,1507.401,24.54255,3.385232E-03,2.590559E-02,
,7.5,15.78081,33.37496,1507.349,24.54804,3.38017E-03,2.760865E-02,
,8,15.75984,33.37872,1507.296,24.55561,3.37314E-03,2.930809E-02,
,8.5,15.72589,33.37427,1507.194,24.5598,3.36934E-03,3.100493E-02,
,9,15.64896,33.37079,1506.958,24.57432,3.355626E-03,3.269714E-02,
,9.5,15.42468,33.36676,1506.259,24.62081,3.311377E-03,3.437402E-02,
,10,15.16698,33.36436,1505.453,24.67559,3.259258E-03,3.602757E-02,
,10.5,14.99358,33.36558,1504.914,24.71427,3.222574E-03,3.766285E-02,
,11,14.76415,33.35891,1504.184,24.75856,3.180493E-03,3.927414E-02,
,11.5,14.59101,33.34705,1503.625,24.78647,3.154025E-03,4.086867E-02,
,12,14.21757,33.3365,1502.417,24.85712,3.086744E-03,.0424397,
,12.5,13.88309,33.32268,1501.32,24.91583,3.030949E-03,4.397716E-02,
,13,13.68328,33.31893,1500.67,24.95397,2.994795E-03,4.549209E-02,
,13.5,13.5406,33.31564,1500.205,24.98052,2.969639E-03,4.699405E-02,
,14,13.44246,33.31217,1499.886,24.99773,2.953361E-03,.048486,
,14.5,13.40923,33.3146,1499.787,25.00626,2.945414E-03,4.997085E-02,
,15,13.3741,33.31452,1499.679,25.01331,2.938739E-03,.0514521,
,15.5,13.29003,33.31679,1499.411,25.03203,2.921103E-03,5.292752E-02,
,16,13.19996,33.31309,1499.116,25.04711,2.906874E-03,5.439391E-02,
,16.5,13.10805,33.30675,1498.811,25.06046,2.894257E-03,5.585464E-02,
,17,13.00995,33.30148,1498.486,25.07585,2.879727E-03,5.730755E-02,
,17.5,12.87978,33.30022,1498.057,25.10052,2.856335E-03,5.875176E-02,
,18,12.79033,33.30131,1497.767,25.11891,2.838927E-03,6.018534E-02,
,18.5,12.74031,33.30286,1497.609,25.12984,2.828648E-03,6.161192E-02,
,19,12.70264,33.30664,1497.495,25.1402,2.818837E-03,.0630333,
,19.5,12.66062,33.3116,1497.367,25.15219,2.807498E-03,6.444931E-02,
,20,12.61199,33.31567,1497.216,25.16481,2.795584E-03,6.586021E-02,
,20.5,12.56288,33.31842,1497.062,25.17651,2.784603E-03,6.726447E-02,
,21,12.54146,33.31872,1496.998,25.18083,2.780654E-03,6.866532E-02,
,21.5,12.52447,33.31853,1496.949,25.18398,2.77768E-03,7.006446E-02,
,22,12.49854,33.3176,1496.868,25.18828,2.773729E-03,.0714618,
,22.5,12.44766,33.31934,1496.706,25.19936,2.76334E-03,7.285617E-02,
,23,12.37967,33.32573,1496.492,25.2174,2.746233E-03,7.424228E-02,
,23.5,12.3369,33.33019,1496.36,25.229,2.735317E-03,7.562233E-02,
,24,12.32529,33.3313,1496.33,25.23208,2.732506E-03,7.699866E-02,
,24.5,12.31625,33.33203,1496.309,25.23436,2.730411E-03,7.837367E-02,
,25,12.29923,33.33315,1496.26,25.23855,2.726544E-03,7.974762E-02,
,25.5,12.26611,33.33666,1496.16,25.24754,2.718132E-03,.081118,
,26,12.21748,33.33943,1496.006,25.25895,2.707304E-03,8.248382E-02,
,26.5,12.19442,33.34207,1495.939,25.2654,2.701339E-03,8.384512E-02,
,27,12.18543,33.34336,1495.918,25.26811,2.698872E-03,.0852045,
,27.5,12.1797,33.34429,1495.908,25.26988,2.697226E-03,8.656295E-02,
,28,12.17659,33.3453,1495.907,25.27121,2.696124E-03,.0879206,
,28.5,12.17286,33.34522,1495.902,25.27193,2.695543E-03,8.927785E-02,
,29,12.17164,33.34587,1495.907,25.27271,2.69495E-03,.0906348,
,29.5,12.16711,33.34657,1495.901,25.27413,2.693723E-03,9.199133E-02,
,30,12.15874,33.34893,1495.884,25.27743,2.69075E-03,9.334698E-02,
,30.5,12.14836,33.35048,1495.858,25.28062,2.687724E-03,.0947008,
,31,12.1382,33.35088,1495.832,25.28288,2.685713E-03,9.605342E-02,
,31.5,12.12389,33.35023,1495.791,25.28503,2.683809E-03,9.740522E-02,
,32,12.09911,33.34831,1495.712,25.28824,2.680724E-03,9.875572E-02,
,32.5,12.06769,33.34906,1495.614,25.29477,2.67464E-03,.100104,
,33,12.03871,33.35487,1495.53,25.3048,2.665254E-03,.1014482,
,33.5,12.00378,33.36157,1495.427,25.31658,2.654124E-03,.1027875,
,34,11.97636,33.36437,1495.344,25.32393,2.647266E-03,.1041219,
,34.5,11.91095,33.37041,1495.135,25.34083,2.631268E-03,.1054503,
,35,11.82501,33.37551,1494.854,25.36086,2.612277E-03,.1067705,
,35.5,11.78098,33.38198,1494.719,25.3741,2.59984E-03,.1080824,
,36,11.71014,33.38914,1494.491,25.39277,2.582081E-03,.1093875,
,36.5,11.59028,33.40059,1494.099,25.42373,2.552652E-03,.1106802,
,37,11.51281,33.41342,1493.854,25.44799,2.529681E-03,.1119597,
,37.5,11.47158,33.41983,1493.727,25.46052,2.51786E-03,.1132307,
,38,11.43628,33.42708,1493.621,25.47265,2.506465E-03,.1144953,
,38.5,11.42053,33.4336,1493.582,25.48054,2.49905E-03,.1157555,
,39,11.39846,33.43895,1493.52,25.48868,2.491357E-03,.1170117,
,39.5,11.38377,33.44308,1493.483,25.49465,2.485836E-03,.1182647,
,40,11.36934,33.44496,1493.443,25.49873,2.482045E-03,.1195152,
,40.5,11.35946,33.44683,1493.419,25.50191,2.47916E-03,.1207641,
,41,11.35151,33.44807,1493.401,25.5043,2.476972E-03,.1220119,
,41.5,11.34319,33.44856,1493.381,25.50626,2.475171E-03,.1232588,
,42,11.33174,33.45002,1493.351,25.5095,2.472248E-03,.1245043,
,42.5,11.3228,33.45231,1493.331,25.51278,2.469142E-03,.1257483,
,43,11.30943,33.45471,1493.296,25.51712,2.465138E-03,.1269906,
,43.5,11.27816,33.45895,1493.2,25.52615,2.45662E-03,.1282295,
,44,11.24791,33.46233,1493.107,25.53426,2.448999E-03,.1294638,
,44.5,11.22211,33.46526,1493.028,25.54121,2.442524E-03,.1306963,
,45,11.19538,33.46668,1492.945,25.54708,2.437081E-03,.1319246,
,45.5,11.15732,33.46751,1492.821,25.55453,2.430056E-03,.1331503,
,46,11.1445,33.47051,1492.788,25.55924,2.425689E-03,.1343723,
,46.5,11.13834,33.47095,1492.775,25.56064,2.424446E-03,.1355934,
,47,11.13068,33.47065,1492.756,25.5618,2.423355E-03,.1368139,
,47.5,11.12493,33.47168,1492.746,25.5636,2.421775E-03,.1380336,
,48,11.11596,33.47284,1492.724,25.56608,2.41954E-03,.1392525,
,48.5,11.10426,33.47408,1492.693,25.56915,2.41672E-03,.1404701,
,49,11.09767,33.47506,1492.679,25.57116,2.414912E-03,.1416866,
,49.5,11.09259,33.47546,1492.67,25.57238,2.413879E-03,.1429024,
,50,11.08845,33.47611,1492.665,25.57364,2.412742E-03,.1441175,
,50.5,11.08589,33.47625,1492.664,25.57417,2.41246E-03,.1453324,
,51,11.08125,33.47619,1492.656,25.5749,2.411856E-03,.1465469,
,51.5,11.0768,33.47677,1492.65,25.57617,2.410635E-03,.1477611,
,52,11.07334,33.47738,1492.647,25.57727,2.409668E-03,.1489747,
,52.5,11.07131,33.47824,1492.649,25.57835,2.408898E-03,.1501879,
,53,11.06893,33.47887,1492.649,25.5792,2.408114E-03,.1514007,
,53.5,11.06425,33.48012,1492.643,25.58112,2.406455E-03,.1526129,
,54,11.06046,33.48048,1492.638,25.58204,2.405698E-03,.1538244,
,54.5,11.06077,33.48098,1492.648,25.58241,2.405358E-03,.1550357,
,55,11.05826,33.48072,1492.647,25.58251,2.40544E-03,.1562469,
,55.5,11.0564,33.48114,1492.65,25.58327,2.404811E-03,.1574579,
,56,11.05399,33.48136,1492.65,25.58387,2.404343E-03,.1586688,
,56.5,11.05328,33.48184,1492.656,25.58438,2.403979E-03,.1598794,
,57,11.05034,33.48159,1492.654,25.58473,2.403766E-03,.1610899,
,57.5,11.04507,33.48188,1492.644,25.58588,2.402727E-03,.1623,
,58,11.0336,33.48234,1492.612,25.58824,2.400565E-03,.1635093,
,58.5,11.01317,33.48309,1492.55,25.59248,2.396636E-03,.1647173,
,59,10.9847,33.48429,1492.46,25.59852,2.391006E-03,.1659223,
,59.5,10.94911,33.48552,1492.344,25.60576,2.384199E-03,.1671252,
,60,10.92027,33.48891,1492.255,25.61347,2.376946E-03,.1683234,
,60.5,10.88766,33.49374,1492.154,25.6231,2.367938E-03,.1695188,
,61,10.87542,33.49769,1492.124,25.62833,2.362997E-03,.1707097,
,61.5,10.85854,33.5007,1492.077,25.63368,2.357972E-03,.1718987,
,62,10.84974,33.50183,1492.055,25.63607,2.355791E-03,.1730855,
,62.5,10.8429,33.5021,1492.04,25.63756,2.354466E-03,.1742714,
,63,10.83216,33.50229,1492.01,25.63956,2.352694E-03,.1754567,
,63.5,10.81206,33.50183,1491.947,25.64282,2.349686E-03,.1766405,
,64,10.79482,33.50276,1491.896,25.64651,2.346269E-03,.1778228,
,64.5,10.77692,33.50421,1491.843,25.65074,2.342274E-03,.1790034,
,65,10.76104,33.50613,1491.797,25.65511,2.338181E-03,.1801819,
,65.5,10.74918,33.50887,1491.767,25.65929,2.33435E-03,.1813585,
,66,10.74016,33.51001,1491.745,25.6618,2.332141E-03,.1825333,
,66.5,10.73487,33.51099,1491.735,25.66353,2.330543E-03,.1837074,
,67,10.73132,33.51143,1491.731,25.66444,2.329747E-03,.1848808,
,67.5,10.72648,33.51187,1491.723,25.66567,2.32877E-03,.1860538,
,68,10.71747,33.51254,1491.7,25.66771,2.326916E-03,.187226,
,68.5,10.70735,33.51361,1491.674,25.67038,2.324459E-03,.1883972,
,69,10.70045,33.51477,1491.659,25.6725,2.322429E-03,.1895672,
,69.5,10.69526,33.5159,1491.651,25.67424,2.320949E-03,.1907364,
,70,10.69274,33.51706,1491.651,25.67556,2.319759E-03,.191905,
,70.5,10.68841,33.51892,1491.647,25.67774,2.317813E-03,.1930725,
,71,10.68778,33.519,1491.653,25.67798,2.317718E-03,.1942397,
,71.5,10.68874,33.51842,1491.664,25.67734,2.31847E-03,.195407,
,72,10.68807,33.51804,1491.669,25.67715,2.31865E-03,.1965746,
,72.5,10.68731,33.51854,1491.676,25.67771,2.318254E-03,.1977421,
,73,10.68774,33.51954,1491.687,25.67833,2.317782E-03,.1989095,
,73.5,10.68637,33.52029,1491.691,25.67922,2.317052E-03,.2000765,
,74,10.68619,33.52085,1491.699,25.67969,2.316662E-03,.2012433,
,74.5,10.68614,33.52075,1491.707,25.67964,2.316847E-03,.20241,
,75,10.68526,33.5219,1491.714,25.68068,2.315926E-03,.2035766,
,75.5,10.68534,33.5229,1491.724,25.68144,2.315398E-03,.2047427,
,76,10.68569,33.52258,1491.733,25.68114,2.31578E-03,.2059088,
,76.5,10.68609,33.52206,1491.742,25.68072,2.316206E-03,.2070752,
,77,10.68709,33.521,1491.752,25.67969,2.317328E-03,.2082419,
,77.5,10.68799,33.52029,1491.763,25.67892,2.318205E-03,.2094091,
,78,10.6882,33.51958,1491.771,25.67828,2.318836E-03,.2105768,
,78.5,10.68396,33.51967,1491.765,25.67912,2.318195E-03,.2117444,
,79,10.67744,33.52143,1491.752,25.68164,2.315946E-03,.2129114,
,79.5,10.67363,33.52275,1491.748,25.68344,2.314259E-03,.2140772,
,80,10.67319,33.52381,1491.756,25.68434,2.313474E-03,.2152425,
,80.5,10.66937,33.52411,1491.751,25.68521,2.312745E-03,.2164074,
,81,10.6599,33.52523,1491.727,25.68767,2.310509E-03,.2175715,
,81.5,10.63936,33.5264,1491.664,25.69216,2.306347E-03,.2187341,
,82,10.61916,33.52875,1491.604,25.69756,2.301251E-03,.2198946,
,82.5,10.60291,33.52936,1491.555,25.70082,2.298263E-03,.2210528,
,83,10.59898,33.53019,1491.551,25.70219,2.297126E-03,.2222099,
,83.5,10.5925,33.53145,1491.537,25.70426,2.295287E-03,.2233663,
,84,10.58373,33.5322,1491.516,25.7064,2.293274E-03,.2245218,
,84.5,10.57274,33.53387,1491.487,25.70968,2.290267E-03,.225676,
,85,10.55883,33.53598,1491.448,25.71374,2.286483E-03,.2268285,
