,0,21.00418,33.47644,1522.532,23.33472,4.53575E-03,0,
,.5,21.00418,33.47644,1522.532,23.33472,4.53575E-03,0,
,1,21.00418,33.47644,1522.532,23.33472,4.53575E-03,0,
,1.5,21.00764,33.47624,1522.548,23.33363,4.536886E-03,6.848478E-03,
,2,21.00487,33.47675,1522.55,23.33477,4.536013E-03,9.131661E-03,
,2.5,21.00698,33.47795,1522.565,23.33507,4.535843E-03,.0114146,
,3,21.00675,33.47849,1522.573,23.33554,4.535549E-03,1.369742E-02,
,3.5,21.00756,33.47881,1522.584,23.33558,4.535693E-03,.0159803,
,4,21.01325,33.47914,1522.608,23.3343,4.537105E-03,1.826346E-02,
,4.5,21.01479,33.47872,1522.62,23.3336,4.537944E-03,.0205472,
,5,21.01047,33.4781,1522.617,23.3343,4.537439E-03,2.283104E-02,
,5.5,21.00571,33.47729,1522.611,23.33496,4.536986E-03,2.511463E-02,
,6,21.0009,33.47642,1522.606,23.33557,4.536589E-03,2.739812E-02,
,6.5,20.98691,33.47534,1522.575,23.33855,4.533905E-03,2.968058E-02,
,7,20.96848,33.47346,1522.531,23.34208,4.530682E-03,3.196195E-02,
,7.5,20.95844,33.47025,1522.509,23.34232,4.530691E-03,3.424237E-02,
,8,20.93678,33.46669,1522.455,23.34543,4.527832E-03,3.652207E-02,
,8.5,20.90504,33.46019,1522.37,23.34905,4.524501E-03,3.880028E-02,
,9,20.83196,33.45347,1522.172,23.36357,4.510823E-03,4.107409E-02,
,9.5,20.71318,33.44833,1521.851,23.39141,4.48439E-03,4.333742E-02,
,10,20.56837,33.44079,1521.455,23.42427,4.453196E-03,4.558792E-02,
,10.5,20.42967,33.42956,1521.071,23.45254,4.426282E-03,4.782246E-02,
,11,20.28548,33.41862,1520.67,23.48231,4.398063E-03,5.004279E-02,
,11.5,20.07629,33.4044,1520.083,23.52636,4.356223E-03,5.224559E-02,
,12,19.783,33.3821,1519.248,23.58573,4.299622E-03,5.442347E-02,
,12.5,19.29452,33.34547,1517.839,23.68327,4.206679E-03,5.656579E-02,
,13,18.47778,33.31219,1515.466,23.86297,4.035266E-03,5.864045E-02,
,13.5,17.84892,33.29504,1513.617,24.00411,3.900684E-03,6.063481E-02,
,14,17.39335,33.29052,1512.271,24.11024,3.799575E-03,6.257243E-02,
,14.5,17.08646,33.28878,1511.36,24.1818,3.731455E-03,6.446926E-02,
,15,16.88564,33.28336,1510.756,24.22474,3.690623E-03,6.633702E-02,
,15.5,16.73383,33.28177,1510.303,24.25893,3.658129E-03,6.818543E-02,
,16,16.56965,33.28119,1509.811,24.29654,3.622367E-03,7.001854E-02,
,16.5,16.31236,33.27788,1509.029,24.35316,3.568541E-03,7.183161E-02,
,17,15.97279,33.26626,1507.977,24.42125,3.503681E-03,7.361126E-02,
,17.5,15.78372,33.26971,1507.403,24.46644,3.460708E-03,7.536356E-02,
,18,15.68348,33.27534,1507.105,24.49315,3.435358E-03,7.709857E-02,
,18.5,15.60135,33.27961,1506.862,24.51478,3.414911E-03,7.882362E-02,
,19,15.45192,33.27813,1506.401,24.54671,3.384601E-03,8.053457E-02,
,19.5,15.31788,33.27963,1505.99,24.57732,3.355564E-03,8.223066E-02,
,20,15.17525,33.28483,1505.554,24.61251,3.322111E-03,8.391216E-02,
,20.5,15.09869,33.28842,1505.324,24.63197,3.303694E-03,8.557887E-02,
,21,15.01871,33.28753,1505.078,24.6487,3.287841E-03,8.723883E-02,
,21.5,14.94597,33.28316,1504.85,24.66103,3.276198E-03,8.889136E-02,
,22,14.84708,33.26946,1504.528,24.67187,3.266091E-03,9.053809E-02,
,22.5,14.6376,33.27291,1503.87,24.71929,3.221024E-03,9.216952E-02,
,23,14.22876,33.27669,1502.566,24.80864,3.135871E-03,9.377103E-02,
,23.5,14.12426,33.27299,1502.231,24.82758,3.117946E-03,9.534342E-02,
,24,14.04387,33.27455,1501.98,24.84554,3.100909E-03,9.690817E-02,
,24.5,13.94077,33.27815,1501.656,24.86966,3.078033E-03,.098464,
,25,13.8446,33.28082,1501.354,24.89159,3.057287E-03,.1000087,
,25.5,13.76657,33.27976,1501.105,24.9068,3.042905E-03,.1015446,
,26,13.66596,33.27719,1500.781,24.9253,3.025407E-03,.1030717,
,26.5,13.54907,33.27689,1500.404,24.94892,3.002911E-03,.1045896,
,27,13.41882,33.27533,1499.98,24.974,2.979124E-03,.1060947,
,27.5,13.28457,33.27441,1499.543,25.00033,2.954185E-03,.107589,
,28,13.11352,33.27784,1498.986,25.03703,2.919345E-03,.1090667,
,28.5,13.02211,33.28366,1498.697,25.05963,2.897861E-03,.1105312,
,29,12.97661,33.28362,1498.553,25.06869,2.889384E-03,.1119877,
,29.5,12.94494,33.28436,1498.456,25.07547,2.88303E-03,.1134405,
,30,12.92071,33.28546,1498.384,25.08106,2.877797E-03,.1148909,
,30.5,12.88923,33.28635,1498.288,25.08799,2.87131E-03,.1163382,
,31,12.85174,33.28698,1498.172,25.09585,2.863949E-03,.117782,
,31.5,12.77948,33.28946,1497.94,25.11187,2.848766E-03,.1192201,
,32,12.72617,33.29256,1497.773,25.12471,2.836614E-03,.1206511,
,32.5,12.69459,33.29307,1497.676,25.13128,2.830558E-03,.1220777,
,33,12.67871,33.29358,1497.631,25.13475,2.827314E-03,.123502,
,33.5,12.66971,33.29439,1497.61,25.13705,2.825273E-03,.1249249,
,34,12.66014,33.29593,1497.588,25.14012,2.82241E-03,.1263466,
,34.5,12.64721,33.29757,1497.555,25.14397,2.818918E-03,.1277668,
,35,12.63494,33.2984,1497.522,25.147,2.816171E-03,.1291854,
,35.5,12.62941,33.29857,1497.512,25.14815,2.815156E-03,.130603,
,36,12.61942,33.29846,1497.487,25.15002,2.813567E-03,.1320199,
,36.5,12.59534,33.29985,1497.415,25.1558,2.80819E-03,.1334352,
,37,12.54369,33.30364,1497.254,25.16872,2.795865E-03,.1348459,
,37.5,12.48011,33.30819,1497.052,25.18451,2.780958E-03,.1362499,
,38,12.43173,33.31249,1496.902,25.19712,2.769014E-03,.1376471,
,38.5,12.39635,33.31405,1496.792,25.20516,2.761434E-03,.1390394,
,39,12.35306,33.31607,1496.656,25.21502,2.752196E-03,.1404277,
,39.5,12.26725,33.32442,1496.382,25.23783,2.73053E-03,.1418071,
,40,12.19707,33.33064,1496.158,25.25603,2.713333E-03,.1431773,
,40.5,12.16045,33.33394,1496.046,25.26551,2.704416E-03,.1445413,
,41,12.14025,33.33558,1495.987,25.27062,2.69961E-03,.1459017,
,41.5,12.12543,33.33831,1495.948,25.27559,2.694931E-03,.1472598,
,42,12.11407,33.34003,1495.92,25.27906,2.691758E-03,.1486159,
,42.5,12.10693,33.34019,1495.904,25.28049,2.690505E-03,.1499709,
,43,12.09938,33.33983,1495.886,25.28167,2.689519E-03,.1513253,
,43.5,12.07864,33.34194,1495.826,25.28721,2.684393E-03,.1526782,
,44,12.0583,33.34443,1495.767,25.29302,2.678988E-03,.1540284,
,44.5,12.03717,33.34736,1495.707,25.29923,2.673196E-03,.1553757,
,45,11.99659,33.35029,1495.579,25.30915,2.663867E-03,.1567194,
,45.5,11.94906,33.35329,1495.428,25.32043,2.653183E-03,.1580582,
,46,11.92332,33.35436,1495.349,25.32607,2.647852E-03,.1593927,
,46.5,11.8809,33.3566,1495.215,25.33569,2.638881E-03,.1607242,
,47,11.8329,33.35788,1495.059,25.34567,2.629403E-03,.1620502,
,47.5,11.81359,33.36012,1495.004,25.35096,2.624462E-03,.163373,
,48,11.78533,33.36098,1494.916,25.3569,2.618906E-03,.164693,
,48.5,11.77072,33.36493,1494.879,25.36274,2.613446E-03,.1660102,
,49,11.75765,33.36919,1494.847,25.36852,2.608077E-03,.1673249,
,49.5,11.74432,33.37443,1494.816,25.37497,2.602094E-03,.1686366,
,50,11.73474,33.37702,1494.794,25.37878,2.598586E-03,.1699457,
,50.5,11.72717,33.37776,1494.777,25.38078,2.596722E-03,.1712537,
,51,11.71768,33.37798,1494.753,25.38274,2.594918E-03,.1725608,
,51.5,11.70856,33.37833,1494.73,25.38466,2.593203E-03,.1738669,
,52,11.70152,33.37888,1494.715,25.3864,2.591698E-03,.1751723,
,52.5,11.69316,33.37939,1494.695,25.38836,2.589985E-03,.1764768,
,53,11.67855,33.38013,1494.653,25.3916,2.586964E-03,.1777803,
,53.5,11.65627,33.38258,1494.588,25.39757,2.581382E-03,.1790815,
,54,11.63591,33.38657,1494.53,25.4044,2.574997E-03,.1803798,
,54.5,11.61268,33.39151,1494.464,25.41263,2.567288E-03,.1816747,
,55,11.56832,33.39665,1494.325,25.42474,2.555879E-03,.182964,
,55.5,11.53463,33.39987,1494.22,25.43342,2.547644E-03,.1842487,
,56,11.49101,33.40329,1494.081,25.44406,2.537631E-03,.1855293,
,56.5,11.38566,33.40913,1493.73,25.46779,2.515125E-03,.1868014,
,57,11.30255,33.41563,1493.457,25.48798,2.495867E-03,.1880629,
,57.5,11.25839,33.42016,1493.316,25.49945,2.485079E-03,.1893169,
,58,11.22411,33.42241,1493.208,25.50743,2.477622E-03,.1905664,
,58.5,11.19808,33.42506,1493.128,25.51411,2.471309E-03,.1918126,
,59,11.18632,33.42746,1493.098,25.51814,2.467538E-03,.1930559,
,59.5,11.18258,33.42989,1493.096,25.52074,2.465195E-03,.1942978,
,60,11.17842,33.43176,1493.092,25.523,2.463181E-03,.1955386,
,60.5,11.17778,33.43224,1493.099,25.52344,2.462839E-03,.1967788,
,61,11.17475,33.43233,1493.097,25.52414,2.462296E-03,.1980189,
,61.5,11.16481,33.43237,1493.07,25.52591,2.460697E-03,.1992584,
,62,11.13591,33.43177,1492.977,25.53054,2.456316E-03,.2004965,
,62.5,11.09582,33.43089,1492.843,25.53716,2.450122E-03,.2017318,
,63,11.07539,33.43091,1492.78,25.54078,2.446755E-03,.2029647,
,63.5,11.04783,33.43401,1492.695,25.5481,2.439944E-03,.2041952,
,64,11.0264,33.43872,1492.634,25.55557,2.43292E-03,.2054219,
,64.5,11.0131,33.44183,1492.599,25.56033,2.428457E-03,.206646,
,65,11.00623,33.44233,1492.584,25.56201,2.426932E-03,.2078685,
,65.5,11.00104,33.44285,1492.575,25.56331,2.425828E-03,.2090903,
,66,10.99043,33.44321,1492.546,25.56548,2.42386E-03,.2103114,
,66.5,10.98076,33.44387,1492.521,25.56773,2.421851E-03,.2115314,
,67,10.97362,33.44424,1492.505,25.5693,2.420479E-03,.2127506,
,67.5,10.96827,33.44394,1492.494,25.57003,2.419795E-03,.2139693,
,68,10.96215,33.44425,1492.481,25.57139,2.418682E-03,.2151875,
,68.5,10.95454,33.44439,1492.463,25.57278,2.417441E-03,.2164053,
,69,10.94525,33.445,1492.439,25.57485,2.415563E-03,.2176223,
,69.5,10.935,33.44548,1492.412,25.57703,2.413593E-03,.2188382,
,70,10.92869,33.44577,1492.398,25.57845,2.412328E-03,.2200532,
,70.5,10.9232,33.44648,1492.388,25.58002,2.410903E-03,.2212676,
,71,10.91574,33.44781,1492.372,25.58241,2.408726E-03,.222481,
,71.5,10.90279,33.45023,1492.338,25.58653,2.404928E-03,.223693,
,72,10.88508,33.45277,1492.286,25.59164,2.400167E-03,.2249027,
,72.5,10.86492,33.45536,1492.227,25.59723,2.394925E-03,.2261107,
,73,10.85476,33.45722,1492.202,25.60054,2.391933E-03,.2273158,
,73.5,10.83813,33.45901,1492.153,25.60487,2.387864E-03,.2285192,
,74,10.80927,33.46099,1492.062,25.61147,2.381604E-03,.2297201,
,74.5,10.75805,33.46366,1491.893,25.6225,2.371197E-03,.2309172,
,75,10.72945,33.46582,1491.802,25.62927,2.364829E-03,.2321091,
,75.5,10.70728,33.46741,1491.734,25.63444,2.359975E-03,.2332994,
,76,10.69383,33.4676,1491.695,25.63691,2.357693E-03,.2344873,
,76.5,10.68153,33.46789,1491.66,25.63929,2.355556E-03,.235674,
,77,10.67044,33.46877,1491.63,25.64191,2.353188E-03,.2368597,
,77.5,10.66181,33.47162,1491.611,25.6456,2.349749E-03,.2380438,
,78,10.65295,33.47485,1491.592,25.64965,2.345999E-03,.2392259,
,78.5,10.64397,33.47831,1491.573,25.65392,2.342065E-03,.2404068,
,79,10.64081,33.48169,1491.574,25.65713,2.339178E-03,.2415852,
,79.5,10.63865,33.48505,1491.579,25.66017,2.336469E-03,.2427631,
,80,10.63251,33.4871,1491.568,25.66278,2.333911E-03,.2439388,
,80.5,10.6265,33.48887,1491.557,25.6652,2.331646E-03,.2451138,
,81,10.61997,33.48991,1491.543,25.66719,2.329912E-03,.2462876,
,81.5,10.61082,33.48953,1491.518,25.66847,2.328783E-03,.2474608,
,82,10.60558,33.4889,1491.507,25.66889,2.32853E-03,.2486335,
,82.5,10.59579,33.48792,1491.48,25.66981,2.32776E-03,.2498059,
,83,10.58153,33.48682,1491.436,25.67139,2.326315E-03,.250978,
,83.5,10.56048,33.48632,1491.369,25.67473,2.323137E-03,.2521488,
,84,10.53488,33.4884,1491.289,25.6808,2.317441E-03,.2533167,
,84.5,10.5033,33.49274,1491.19,25.68965,2.309094E-03,.2544813,
,85,10.46628,33.49908,1491.074,25.70101,2.298374E-03,.2556429,
,85.5,10.42932,33.50912,1490.963,25.71517,2.285016E-03,.2567966,
,86,10.41241,33.52015,1490.924,25.72665,2.274218E-03,.2579449,
,86.5,10.40523,33.52577,1490.914,25.73234,2.26889E-03,.2590885,
,87,10.39941,33.53058,1490.907,25.73712,2.26445E-03,.2602299,
,87.5,10.3943,33.53512,1490.903,25.74153,2.26039E-03,.2613697,
,88,10.39186,33.5401,1490.908,25.74581,2.256411E-03,.2625068,
,88.5,10.38839,33.54517,1490.91,25.75037,2.25216E-03,.2636424,
,89,10.38368,33.54964,1490.907,25.75471,2.248131E-03,.2647757,
,89.5,10.38072,33.55236,1490.908,25.75729,2.245787E-03,.2659073,
,90,10.37561,33.55371,1490.9,25.75919,2.244053E-03,.267038,
,90.5,10.37236,33.55625,1490.9,25.76174,2.241618E-03,.2681676,
,91,10.35914,33.55999,1490.865,25.76691,2.236875E-03,.2692952,
,91.5,10.34357,33.56456,1490.823,25.77318,2.231039E-03,.2704201,
,92,10.32644,33.57111,1490.779,25.78125,2.223457E-03,.2715418,
,92.5,10.30318,33.57961,1490.714,25.79184,2.213466E-03,.2726596,
,93,10.26063,33.5871,1490.579,25.80493,2.201032E-03,.2737715,
,93.5,10.2515,33.59267,1490.562,25.81084,2.195547E-03,.2748784,
,94,10.2487,33.59292,1490.56,25.81152,2.194986E-03,.2759841,
,94.5,10.2443,33.59333,1490.553,25.81262,2.194011E-03,.2770893,
,95,10.23932,33.59446,1490.545,25.81434,2.192448E-03,.2781939,
,95.5,10.23264,33.59612,1490.531,25.81676,2.190226E-03,.2792976,
,96,10.22245,33.59814,1490.506,25.82013,2.187099E-03,.2804001,
,96.5,10.20405,33.60082,1490.451,25.82535,2.182208E-03,.2814999,
,97,10.18338,33.60373,1490.389,25.83113,2.176797E-03,.2825977,
,97.5,10.16147,33.6068,1490.323,25.83723,2.171079E-03,.2836931,
,98,10.15044,33.609,1490.294,25.84088,2.167703E-03,.2847857,
,98.5,10.14704,33.61059,1490.292,25.84268,2.166086E-03,.2858771,
,99,10.14501,33.6114,1490.294,25.84359,2.165392E-03,.2869679,
,99.5,10.1415,33.61229,1490.29,25.84485,2.164261E-03,.2880581,
,100,10.13635,33.6136,1490.282,25.84674,2.162462E-03,.2891478,
,100.5,10.12713,33.61628,1490.26,25.85041,2.159035E-03,.2902357,
,101,10.11132,33.62023,1490.217,25.8562,2.153639E-03,.2913217,
,101.5,10.08644,33.62592,1490.142,25.86488,2.145536E-03,.2924049,
,102,10.0442,33.63685,1490.012,25.88056,2.130656E-03,.2934808,
,102.5,9.989164,33.648,1489.836,25.89854,2.113632E-03,.2945497,
,103,9.93423,33.65822,1489.658,25.91572,2.097373E-03,.2956108,
,103.5,9.902267,33.6675,1489.563,25.92826,2.085465E-03,.2966649,
,104,9.882285,33.67228,1489.505,25.93543,2.078814E-03,.2977131,
,104.5,9.870011,33.6769,1489.474,25.94106,2.073529E-03,.2987589,
,105,9.864109,33.68085,1489.466,25.94507,2.069744E-03,.2998025,
,105.5,9.8621,33.6834,1489.47,25.9474,2.067609E-03,.3008446,
,106,9.858139,33.6855,1489.467,25.94971,2.065508E-03,.3018855,
,106.5,9.851536,33.68888,1489.455,25.95348,2.062101E-03,.3029248,
,107,9.844158,33.69263,1489.441,25.95763,2.058212E-03,.3039623,
,107.5,9.838413,33.6963,1489.433,25.96145,2.054635E-03,.3049983,
,108,9.836306,33.69965,1489.438,25.96443,2.05197E-03,.3060327,
,108.5,9.836105,33.70136,1489.448,25.96583,2.050718E-03,.3070659,
,109,9.8361,33.70238,1489.457,25.96659,2.050025E-03,.3080987,
,109.5,9.836312,33.70301,1489.467,25.96704,2.049678E-03,.3091312,
,110,9.836671,33.70365,1489.477,25.96754,2.04935E-03,.3101635,
,110.5,9.837073,33.70447,1489.488,25.96812,2.048882E-03,.3111956,
,111,9.837351,33.70491,1489.498,25.96838,2.048782E-03,.3122277,
,111.5,9.837969,33.70535,1489.509,25.96861,2.048681E-03,.3132596,
,112,9.838861,33.70588,1489.521,25.9689,2.048514E-03,.3142915,
,112.5,9.838538,33.70703,1489.53,25.96984,2.047676E-03,.3153231,
,113,9.837126,33.70891,1489.535,25.97151,2.046176E-03,.3163541,
,113.5,9.836394,33.71082,1489.543,25.97311,2.044818E-03,.3173845,
,114,9.83684,33.71247,1489.555,25.97435,2.043723E-03,.3184142,
,114.5,9.837065,33.71359,1489.565,25.97517,2.043012E-03,.3194434,
,115,9.83697,33.71433,1489.574,25.97575,2.042552E-03,.3204724,
,115.5,9.837018,33.71489,1489.583,25.9762,2.042241E-03,.3215012,
,116,9.836387,33.71505,1489.59,25.97643,2.042159E-03,.3225299,
,116.5,9.836434,33.7149,1489.598,25.97633,2.042255E-03,.3235586,
,117,9.837467,33.71494,1489.61,25.97623,2.042518E-03,.3245874,
,117.5,9.836637,33.71492,1489.615,25.97634,2.042464E-03,.3256162,
,118,9.835023,33.71505,1489.618,25.97669,2.042179E-03,.326645,
,118.5,9.830525,33.71484,1489.61,25.97729,2.041754E-03,.3276735,
,119,9.823053,33.71423,1489.59,25.97808,2.041152E-03,.3287018,
,119.5,9.813724,33.71383,1489.564,25.97936,2.040059E-03,.3297296,
,120,9.799652,33.71384,1489.521,25.9817,2.037899E-03,.3307565,
,120.5,9.778963,33.71441,1489.456,25.98554,2.034249E-03,.3317823,
,121,9.75783,33.72087,1489.395,25.99411,2.026242E-03,.3328047,
,121.5,9.744508,33.72911,1489.365,26.00276,2.018125E-03,.3338232,
,122,9.739554,33.73732,1489.366,26.00992,2.01132E-03,.3348389,
,122.5,9.754931,33.74628,1489.441,26.01436,2.007163E-03,.3358505,
,123,9.76293,33.7532,1489.486,26.01846,2.003392E-03,.3368608,
,123.5,9.762486,33.75766,1489.498,26.02205,2.000142E-03,.3378693,
,124,9.765527,33.76164,1489.523,26.02475,1.997683E-03,.3388763,
,124.5,9.765356,33.76309,1489.532,26.02587,1.996778E-03,.3398823,
,125,9.764815,33.76392,1489.539,26.02656,1.996217E-03,.3408881,
,125.5,9.764198,33.76432,1489.546,26.02695,1.995916E-03,.3418936,
,126,9.764369,33.764,1489.555,26.0267,1.996218E-03,.3428991,
,126.5,9.76262,33.76408,1489.557,26.02705,1.996009E-03,.3439046,
,127,9.758402,33.76436,1489.55,26.02796,1.995281E-03,.3449098,
,127.5,9.749409,33.76455,1489.526,26.02963,1.993771E-03,.3459146,
,128,9.742299,33.76476,1489.509,26.03093,1.992599E-03,.3469185,
,128.5,9.735847,33.76488,1489.494,26.03204,1.991603E-03,.3479222,
,129,9.729842,33.76427,1489.479,26.03259,1.991151E-03,.3489253,
,129.5,9.724614,33.76415,1489.469,26.03336,1.990492E-03,.3499282,
,130,9.7204,33.76465,1489.462,26.03445,1.989538E-03,.3509307,
,130.5,9.717084,33.76567,1489.46,26.03586,1.988286E-03,.3519327,
,131,9.720179,33.76723,1489.481,26.03657,1.987743E-03,.3529341,
,131.5,9.722936,33.76904,1489.502,26.03751,1.986961E-03,.3539352,
,132,9.724966,33.77117,1489.52,26.0388,1.985805E-03,.3549359,
,132.5,9.729569,33.77429,1489.549,26.04044,1.984339E-03,.3559358,
,133,9.736093,33.7776,1489.585,26.04194,1.983001E-03,.3569351,
,133.5,9.742249,33.78069,1489.619,26.04334,1.981794E-03,.3579337,
,134,9.747498,33.78357,1489.65,26.04471,1.98064E-03,.358932,
,134.5,9.747156,33.78571,1489.66,26.04646,1.979135E-03,.3599292,
,135,9.749562,33.7879,1489.679,26.04781,1.97797E-03,.3609259,
,135.5,9.748806,33.78942,1489.687,26.04913,1.976759E-03,.361922,
,136,9.743884,33.79036,1489.678,26.05065,1.975395E-03,.3629175,
,136.5,9.739322,33.79136,1489.671,26.05218,1.974147E-03,.3639124,
,137,9.736398,33.79216,1489.67,26.05335,1.973074E-03,.3649066,
,137.5,9.735526,33.79277,1489.676,26.05391,1.972608E-03,.3659005,
,138,9.734849,33.79307,1489.682,26.05432,1.972253E-03,.3668942,
,138.5,9.733881,33.79332,1489.687,26.05463,1.972183E-03,.3678877,
,139,9.732518,33.79395,1489.691,26.05534,1.971561E-03,.3688811,
,139.5,9.731077,33.79488,1489.695,26.05629,1.970751E-03,.3698741,
,140,9.729718,33.79578,1489.7,26.05721,1.969984E-03,.3708667,
,140.5,9.728137,33.79633,1489.703,26.05797,1.96943E-03,.3718591,
,141,9.723404,33.79618,1489.694,26.05859,1.968842E-03,.3728511,
,141.5,9.717696,33.79719,1489.683,26.06036,1.967269E-03,.3738425,
,142,9.713256,33.79777,1489.676,26.06156,1.966161E-03,.3748333,
,142.5,9.717003,33.79669,1489.696,26.06013,1.967589E-03,.375824,
,143,9.720243,33.79625,1489.716,26.05915,1.96864E-03,.3768156,
,143.5,9.720581,33.79708,1489.726,26.05973,1.968236E-03,.3778072,
,144,9.717309,33.79871,1489.725,26.06154,1.966611E-03,.3787981,
,144.5,9.71209,33.80075,1489.717,26.06401,1.964329E-03,.3797886,
,145,9.709353,33.80325,1489.718,26.06644,1.962092E-03,.3807774,
,145.5,9.709539,33.80633,1489.731,26.06883,1.959982E-03,.3817655,
,146,9.714414,33.80891,1489.76,26.07005,1.958991E-03,.3827527,
,146.5,9.719236,33.81067,1489.788,26.0706,1.958502E-03,.3837395,
,147,9.721476,33.81226,1489.806,26.07143,1.957801E-03,.384726,
,147.5,9.722048,33.81368,1489.818,26.07244,1.956999E-03,.3857121,
,148,9.722811,33.81499,1489.831,26.07339,1.956187E-03,.3866979,
,148.5,9.723828,33.81567,1489.844,26.07381,1.955873E-03,.3876833,
,149,9.724968,33.81602,1489.857,26.07385,1.955917E-03,.3886687,
,149.5,9.72591,33.8164,1489.869,26.07399,1.955901E-03,.3896541,
,150,9.726686,33.81683,1489.88,26.07424,1.955806E-03,.3906394,
,150.5,9.727381,33.81733,1489.892,26.07454,1.955588E-03,.3916247,
,151,9.726839,33.81778,1489.899,26.07499,1.955253E-03,.3926098,
,151.5,9.72447,33.81816,1489.899,26.07566,1.954743E-03,.3935948,
,152,9.722993,33.8185,1489.902,26.07618,1.954349E-03,.3945795,
,152.5,9.72211,33.81889,1489.908,26.0766,1.954021E-03,.395564,
,153,9.72173,33.81929,1489.915,26.07694,1.953797E-03,.3965484,
,153.5,9.721749,33.81951,1489.924,26.07713,1.953788E-03,.3975328,
,154,9.722624,33.81975,1489.936,26.07715,1.95384E-03,.3985171,
,154.5,9.723623,33.82,1489.948,26.07717,1.953902E-03,.3995015,
,155,9.724586,33.82024,1489.96,26.07724,1.953966E-03,.4004859,
,155.5,9.724326,33.82116,1489.968,26.078,1.953345E-03,.4014702,
,156,9.723083,33.82244,1489.974,26.07918,.0019523,.4024541,
,156.5,9.721034,33.82362,1489.976,26.08043,1.951175E-03,.4034374,
,157,9.720027,33.82462,1489.982,26.08138,1.950391E-03,.4044202,
,157.5,9.71945,33.82552,1489.989,26.08216,1.949772E-03,.4054028,
,158,9.718374,33.82565,1489.994,26.08242,1.949599E-03,.406385,
,158.5,9.717909,33.8259,1490.001,26.08278,1.949348E-03,.4073672,
,159,9.716559,33.82617,1490.004,26.08324,.001949,.4083492,
,159.5,9.71396,33.82641,1490.004,26.08377,1.948594E-03,.4093311,
,160,9.712786,33.82667,1490.008,26.08418,1.948308E-03,.4103128,
,160.5,9.712106,33.82672,1490.014,26.08437,1.948219E-03,.4112944,
,161,9.711047,33.82658,1490.018,26.08447,1.94821E-03,.4122759,
,161.5,9.71149,33.82679,1490.028,26.08447,1.948299E-03,.4132575,
,162,9.710845,33.82665,1490.034,26.08447,1.948387E-03,.4142392,
,162.5,9.711207,33.8265,1490.044,26.08431,1.948626E-03,.4152209,
,163,9.712007,33.82633,1490.055,26.08404,1.948981E-03,.4162027,
,163.5,9.711902,33.82597,1490.062,26.08376,1.94941E-03,.4171848,
,164,9.711405,33.82557,1490.068,26.08355,1.949612E-03,.418167,
,164.5,9.711441,33.82523,1490.076,26.08331,1.949922E-03,.4191493,
,165,9.711218,33.82481,1490.083,26.08301,1.95034E-03,.4201319,
,165.5,9.71087,33.82475,1490.09,26.08298,1.950502E-03,.4211146,
,166,9.708091,33.82491,1490.088,26.08359,1.949994E-03,.4220972,
,166.5,9.704895,33.8256,1490.086,26.08467,1.949012E-03,.4230794,
,167,9.702561,33.82654,1490.087,26.08581,1.948036E-03,.4240612,
,167.5,9.701653,33.82743,1490.093,26.08668,1.947324E-03,.4250425,
,168,9.700927,33.828,1490.099,26.08724,1.946895E-03,.4260235,
,168.5,9.700135,33.82843,1490.105,26.08769,1.946563E-03,.4270044,
,169,9.699972,33.82897,1490.114,26.08815,1.946229E-03,.4279851,
,169.5,9.69962,33.82973,1490.121,26.08878,1.945776E-03,.4289656,
,170,9.699026,33.8308,1490.129,26.08974,1.945023E-03,.4299457,
,170.5,9.698298,33.83228,1490.136,26.09098,1.943859E-03,.4309255,
,171,9.697416,33.83535,1490.145,26.09356,1.941514E-03,.4319043,
,171.5,9.691457,33.84017,1490.138,26.09832,1.937101E-03,.4328814,
,172,9.683408,33.84541,1490.123,26.10374,1.932039E-03,.4338561,
,172.5,9.675371,33.84932,1490.107,26.10806,1.927945E-03,.4348284,
,173,9.670755,33.85262,1490.103,26.11142,1.924813E-03,.435799,
,173.5,9.667685,33.85527,1490.103,26.11406,.0019224,.4367683,
,174,9.663564,33.85758,1490.099,26.11656,1.920132E-03,.4377364,
,174.5,9.659418,33.8607,1490.096,26.11961,1.917423E-03,.4387033,
,175,9.654622,33.86708,1490.095,26.12544,1.912003E-03,.4396681,
,175.5,9.641699,33.87263,1490.063,26.1319,1.905956E-03,.4406295,
,176,9.634007,33.87767,1490.05,26.1371,1.901091E-03,.4415884,
,176.5,9.629264,33.88228,1490.046,26.14147,1.897013E-03,.4425458,
,177,9.626118,33.88407,1490.045,26.14334,1.895304E-03,.4435011,
,177.5,9.625781,33.88516,1490.054,26.14423,1.894545E-03,.444456,
,178,9.625728,33.88593,1490.063,26.14485,1.89405E-03,.4454104,
,178.5,9.623032,33.88697,1490.063,26.14614,1.892915E-03,.4463645,
,179,9.618769,33.88837,1490.057,26.14799,1.891254E-03,.4473179,
,179.5,9.617024,33.88945,1490.06,26.14915,1.890224E-03,.4482706,
,180,9.611678,33.89084,1490.051,26.15109,1.888453E-03,.4492224,
,180.5,9.604233,33.89241,1490.034,26.1535,1.886238E-03,.4501735,
,181,9.592302,33.89437,1490.001,26.15696,1.883045E-03,.4511233,
,181.5,9.585998,33.89616,1489.989,26.15949,1.880736E-03,.4520714,
,182,9.580216,33.89736,1489.978,26.16136,1.879045E-03,.4530187,
,182.5,9.575315,33.89854,1489.97,26.16306,1.877521E-03,.4539651,
,183,9.571449,33.90016,1489.966,26.16495,1.875829E-03,.4549108,
,183.5,9.568686,33.90197,1489.966,26.16683,1.874114E-03,.4558556,
,184,9.566603,33.90334,1489.969,26.16825,1.872859E-03,.4567996,
,184.5,9.563745,33.90471,1489.968,26.16977,1.871564E-03,.4577429,
,185,9.5595,33.90607,1489.963,26.17149,1.870012E-03,.4586857,
,185.5,9.553527,33.90807,1489.952,26.17406,1.867638E-03,.4596271,
,186,9.544628,33.91135,1489.932,26.17813,1.863815E-03,.4605672,
,186.5,9.529984,33.91698,1489.893,26.18499,1.857311E-03,.461505,
,187,9.499365,33.92846,1489.804,26.19895,1.844053E-03,.4624379,
,187.5,9.45527,33.94182,1489.668,26.21657,1.827356E-03,.4633631,
,188,9.442243,33.95253,1489.642,26.22707,1.817526E-03,.4642808,
,188.5,9.431791,33.95689,1489.617,26.23226,1.812691E-03,.4651956,
,189,9.416209,33.96173,1489.574,26.23854,1.806725E-03,.4661068,
,189.5,9.399531,33.96685,1489.528,26.24524,1.80041E-03,.4670158,
,190,9.383201,33.97218,1489.483,26.25205,1.794038E-03,.4679219,
,190.5,9.375951,33.97661,1489.47,26.25671,1.789713E-03,.468825,
,191,9.369523,33.97899,1489.458,26.2596,1.787017E-03,.4697261,
,191.5,9.360204,33.98231,1489.436,26.26371,1.783178E-03,.4706256,
,192,9.350324,33.98603,1489.413,26.26824,1.77888E-03,.4715231,
,192.5,9.344839,33.9894,1489.406,26.27175,1.775768E-03,.4724188,
,193,9.340508,33.99011,1489.399,26.27306,1.774522E-03,.4733133,
,193.5,9.336356,33.99039,1489.392,26.2739,1.773748E-03,.4742073,
,194,9.333753,33.99086,1489.392,26.27471,1.773098E-03,.475101,
,194.5,9.329819,33.99149,1489.386,26.27585,1.772124E-03,.4759942,
,195,9.324524,33.99256,1489.377,26.27748,1.770686E-03,.4768869,
,195.5,9.318902,33.99336,1489.365,26.27903,1.769283E-03,.4777789,
,196,9.314032,33.99411,1489.357,26.28041,1.768085E-03,.4786702,
,196.5,9.311284,33.99451,1489.355,26.28125,1.767334E-03,.4795609,
,197,9.310746,33.99424,1489.361,26.28112,1.767588E-03,.4804516,
,197.5,9.310798,33.99412,1489.37,26.28102,1.767821E-03,.4813423,
,198,9.309146,33.99471,1489.373,26.28176,1.767129E-03,.482233,
,198.5,9.305763,33.99637,1489.37,26.28356,1.765522E-03,.4831232,
,199,9.302515,33.9981,1489.369,26.28544,1.763727E-03,.4840124,
,199.5,9.300413,33.99885,1489.37,26.28631,1.763112E-03,.484901,
,200,9.299422,33.99913,1489.376,26.2867,1.762853E-03,.4857895,
,200.5,9.297341,33.99954,1489.377,26.28739,1.762295E-03,.4866777,
,201,9.295588,34.00042,1489.38,26.28838,1.761375E-03,.4875655,
,201.5,9.294776,34.00093,1489.386,26.28888,1.761065E-03,.4884531,
,202,9.29576,34.00084,1489.397,26.28859,1.761387E-03,.4893406,
,202.5,9.297104,34.00089,1489.411,26.28845,1.761578E-03,.4902283,
,203,9.297747,34.00085,1489.421,26.28832,1.76181E-03,.4911161,
,203.5,9.302045,33.99789,1489.442,26.28536,1.764653E-03,.4920044,
