,0,21.90108,33.53086,1525.014,23.13086,4.730915E-03,0,
,.5,21.90108,33.53086,1525.014,23.13086,4.730915E-03,0,
,1,21.90108,33.53086,1525.014,23.13086,4.730915E-03,0,
,1.5,21.90108,33.53086,1525.014,23.13086,4.730915E-03,0,
,2,21.90108,33.53086,1525.014,23.13086,4.730915E-03,0,
,2.5,21.90108,33.53086,1525.014,23.13086,4.730915E-03,0,
,3,21.8879,33.53344,1524.99,23.13644,4.725784E-03,1.428461E-02,
,3.5,21.87084,33.53274,1524.953,23.14064,4.721917E-03,1.666228E-02,
,4,21.83519,33.52817,1524.862,23.14703,4.715942E-03,1.903578E-02,
,4.5,21.79787,33.52325,1524.766,23.15361,4.709778E-03,.0214089,
,5,21.70003,33.50994,1524.499,23.1704,4.693924E-03,.0237688,
,5.5,21.5889,33.49479,1524.196,23.18944,4.675943E-03,2.612579E-02,
,6,21.47778,33.47964,1523.892,23.20848,4.657962E-03,2.848279E-02,
,6.5,21.09917,33.47005,1522.86,23.30279,4.568049E-03,3.075452E-02,
,7,20.71225,33.46063,1521.807,23.39945,4.475901E-03,.0330236,
,7.5,20.32533,33.45122,1520.753,23.4961,4.383754E-03,3.529269E-02,
,8,19.94819,33.43618,1519.693,23.58293,4.301026E-03,3.745798E-02,
,8.5,19.57462,33.41909,1518.632,23.66616,4.221739E-03,3.958534E-02,
,9,19.20106,33.40199,1517.571,23.74939,4.142453E-03,.0417127,
,9.5,18.88645,33.3868,1516.671,23.81813,4.077013E-03,4.380004E-02,
,10,18.66464,33.3746,1516.025,23.86405,4.033369E-03,4.582439E-02,
,10.5,18.44283,33.36239,1515.379,23.90997,3.989726E-03,4.784874E-02,
,11,18.21849,33.3507,1514.725,23.95679,3.945227E-03,4.986665E-02,
,11.5,17.96445,33.34504,1513.978,24.01398,3.890749E-03,5.180954E-02,
,12,17.71042,33.33938,1513.23,24.07117,3.836271E-03,5.375243E-02,
,12.5,17.45639,33.33371,1512.483,24.12836,3.781793E-03,5.569531E-02,
,13,17.0808,33.32812,1511.349,24.21181,3.70234E-03,5.754407E-02,
,13.5,16.67202,33.32254,1510.109,24.30242,3.616068E-03,5.936713E-02,
,14,16.26324,33.31695,1508.87,24.39303,3.529795E-03,6.119019E-02,
,14.5,15.95699,33.31237,1507.94,24.46031,3.465779E-03,6.298116E-02,
,15,15.84661,33.30969,1507.602,24.48299,3.444285E-03,6.471084E-02,
,15.5,15.73623,33.30701,1507.264,24.50568,3.422791E-03,6.644052E-02,
,16,15.62586,33.30434,1506.926,24.52837,3.401298E-03,.0681702,
,16.5,15.54371,33.29167,1506.662,24.53681,3.393385E-03,6.987873E-02,
,17,15.46508,33.27777,1506.408,24.54347,3.387165E-03,7.158464E-02,
,17.5,15.38645,33.26386,1506.153,24.55013,3.380945E-03,7.329054E-02,
,18,15.27697,33.25957,1505.811,24.57077,3.361373E-03,.0749796,
,18.5,15.14925,33.26098,1505.417,24.59967,3.333906E-03,.0766587,
,19,15.02152,33.26239,1505.024,24.62857,3.306439E-03,.0783378,
,19.5,14.90207,33.26354,1504.654,24.6553,3.281081E-03,7.999715E-02,
,20,14.79138,33.26443,1504.31,24.67972,3.257955E-03,8.163561E-02,
,20.5,14.68069,33.26532,1503.965,24.70414,3.234829E-03,8.327407E-02,
,21,14.58016,33.26669,1503.654,24.72672,3.213446E-03,8.490504E-02,
,21.5,14.51328,33.26967,1503.451,24.7432,3.197843E-03,8.651116E-02,
,22,14.4464,33.27264,1503.247,24.75968,3.182239E-03,8.811729E-02,
,22.5,14.37952,33.27562,1503.044,24.77616,3.166635E-03,8.972342E-02,
,23,14.32416,33.27567,1502.873,24.78782,3.155679E-03,9.131169E-02,
,23.5,14.27138,33.27506,1502.71,24.7984,3.145764E-03,9.289595E-02,
,24,14.2186,33.27445,1502.547,24.80898,3.135848E-03,9.448023E-02,
,24.5,14.15585,33.27523,1502.353,24.82266,3.122947E-03,9.605493E-02,
,25,14.07963,33.27787,1502.116,24.84056,3.106005E-03,9.761671E-02,
,25.5,14.0034,33.28052,1501.88,24.85845,3.089064E-03,9.917848E-02,
,26,13.9289,33.28283,1501.648,24.87571,3.07272E-03,.1007371,
,26.5,13.8659,33.28293,1501.451,24.88875,3.060373E-03,.102275,
,27,13.8029,33.28302,1501.253,24.90178,3.048027E-03,.1038128,
,27.5,13.73991,33.28311,1501.055,24.91482,3.035681E-03,.1053506,
,28,13.70517,33.28312,1500.95,24.92192,3.029053E-03,.1068746,
,28.5,13.67237,33.28312,1500.85,24.92861,3.022816E-03,.1083976,
,29,13.63957,33.28312,1500.751,24.93531,3.016578E-03,.1099206,
,29.5,13.59459,33.28162,1500.609,24.94327,3.009137E-03,.1114346,
,30,13.54724,33.27983,1500.459,24.95148,3.001462E-03,.1129469,
,30.5,13.4999,33.27804,1500.309,24.95969,2.993788E-03,.1144591,
,31,13.43142,33.27964,1500.093,24.97472,2.979563E-03,.1159575,
,31.5,13.35623,33.28231,1499.856,24.99192,2.963258E-03,.1174514,
,32,13.28104,33.28499,1499.618,25.00913,2.946953E-03,.1189453,
,32.5,13.22642,33.28682,1499.447,25.02147,2.935301E-03,.1204243,
,33,13.17892,33.28835,1499.3,25.03212,2.92526E-03,.1218981,
,33.5,13.13142,33.28988,1499.152,25.04278,2.915219E-03,.1233719,
,34,13.10263,33.292,1499.067,25.05016,2.908296E-03,.1248376,
,34.5,13.08293,33.29441,1499.012,25.05595,2.902885E-03,.1262993,
,35,13.06323,33.29682,1498.958,25.06174,2.897474E-03,.127761,
,35.5,13.04456,33.29815,1498.905,25.06648,2.893074E-03,.1292195,
,36,13.02707,33.29826,1498.855,25.07004,2.889826E-03,.1306743,
,36.5,13.00959,33.29836,1498.805,25.0736,2.886579E-03,.1321291,
,37,12.99278,33.29851,1498.757,25.07702,2.883432E-03,.1335822,
,37.5,12.97708,33.29872,1498.714,25.08022,2.880449E-03,.1350323,
,38,12.96139,33.29892,1498.67,25.08343,2.877466E-03,.1364824,
,38.5,12.95034,33.29913,1498.641,25.08575,2.875345E-03,.1379311,
,39,12.94422,33.29932,1498.629,25.08713,2.874139E-03,.1393782,
,39.5,12.9381,33.29952,1498.617,25.0885,2.872934E-03,.1408253,
,40,12.92925,33.29968,1498.596,25.09039,2.871266E-03,.142271,
,40.5,12.91827,33.2998,1498.568,25.09268,2.869237E-03,.1437158,
,41,12.90729,33.29992,1498.54,25.09497,2.867208E-03,.1451605,
,41.5,12.88885,33.30096,1498.487,25.09939,2.863131E-03,.1466019,
,42,12.86692,33.30242,1498.424,25.1048,2.858094E-03,.1480416,
,42.5,12.84498,33.30388,1498.36,25.11022,2.853058E-03,.1494814,
,43,12.80678,33.3057,1498.242,25.11909,2.844691E-03,.1509123,
,43.5,12.76692,33.30756,1498.119,25.12831,2.835982E-03,.1523422,
,44,12.72659,33.30944,1497.994,25.13766,2.827162E-03,.1537718,
,44.5,12.66634,33.31289,1497.803,25.15208,2.813553E-03,.1551855,
,45,12.60608,33.31634,1497.612,25.1665,2.799943E-03,.1565992,
,45.5,12.54493,33.31965,1497.418,25.18096,2.786296E-03,.1580102,
,46,12.47813,33.32205,1497.203,25.19563,2.772408E-03,.159404,
,46.5,12.41133,33.32446,1496.988,25.2103,2.75852E-03,.1607978,
,47,12.3503,33.32759,1496.793,25.22442,2.745152E-03,.1621868,
,47.5,12.30659,33.33294,1496.659,25.23691,2.733347E-03,.1635617,
,48,12.26288,33.33828,1496.525,25.24939,2.721542E-03,.1649365,
,48.5,12.20915,33.34327,1496.356,25.26347,2.708212E-03,.1663056,
,49,12.12784,33.34726,1496.091,25.28198,2.690686E-03,.1676588,
,49.5,12.04654,33.35126,1495.826,25.30048,2.67316E-03,.1690121,
,50,11.98024,33.35546,1495.612,25.31627,2.658225E-03,.1703576,
,50.5,11.93805,33.35999,1495.481,25.32767,2.647453E-03,.1716909,
,51,11.89587,33.36452,1495.35,25.33908,2.63668E-03,.1730242,
,51.5,11.86047,33.36708,1495.24,25.34768,2.628638E-03,.1743491,
,52,11.82801,33.36879,1495.139,25.35506,2.621777E-03,.1756703,
,52.5,11.79556,33.3705,1495.037,25.36244,2.614917E-03,.1769916,
,53,11.76197,33.37201,1494.932,25.36983,2.607882E-03,.1783036,
,53.5,11.72833,33.3735,1494.826,25.37724,2.600839E-03,.1796151,
,54,11.69516,33.3751,1494.721,25.38462,2.593819E-03,.1809253,
,54.5,11.66514,33.37739,1494.629,25.39191,2.586955E-03,.182227,
,55,11.63512,33.37967,1494.536,25.39921,2.58009E-03,.1835286,
,55.5,11.59766,33.38182,1494.417,25.40777,2.572024E-03,.1848265,
,56,11.54302,33.38366,1494.238,25.41925,2.561179E-03,.1861159,
,56.5,11.48837,33.38549,1494.059,25.43074,2.550333E-03,.1874053,
,57,11.44874,33.38647,1493.931,25.43876,2.54281E-03,.1886881,
,57.5,11.41901,33.38689,1493.836,25.4445,2.537477E-03,.1899666,
,58,11.38927,33.38732,1493.742,25.45023,2.532143E-03,.191245,
,58.5,11.38008,33.38719,1493.718,25.45181,2.530728E-03,.1925194,
,59,11.37213,33.38703,1493.698,25.45313,2.529551E-03,.1937936,
,59.5,11.3647,33.3866,1493.68,25.45414,2.528662E-03,.1950673,
,60,11.35821,33.38567,1493.665,25.45461,2.528298E-03,.1963405,
,60.5,11.35172,33.38475,1493.649,25.45507,2.527934E-03,.1976136,
,61,11.34814,33.3849,1493.645,25.45583,2.527317E-03,.1988862,
,61.5,11.3457,33.38548,1493.646,25.45669,2.526604E-03,.2001586,
,62,11.34326,33.38605,1493.646,25.45756,2.52589E-03,.201431,
,62.5,11.33881,33.38654,1493.64,25.45878,2.524851E-03,.2027023,
,63,11.33417,33.38702,1493.632,25.46002,2.523782E-03,.2039734,
,63.5,11.32964,33.38766,1493.626,25.46136,2.522627E-03,.2052443,
,64,11.32572,33.38905,1493.622,25.46314,2.521058E-03,.2065137,
,64.5,11.3218,33.39045,1493.618,25.46492,2.519489E-03,.2077831,
,65,11.31514,33.39277,1493.606,25.46793,2.516753E-03,.2090505,
,65.5,11.30637,33.39581,1493.587,25.47189,2.51311E-03,.2103165,
,66,11.29759,33.39885,1493.569,25.47584,2.509466E-03,.2115825,
,66.5,11.27415,33.40058,1493.497,25.48142,2.504246E-03,.2128429,
,67,11.24981,33.40222,1493.422,25.48709,2.498931E-03,.214103,
,67.5,11.22181,33.40443,1493.336,25.49388,2.49256E-03,.2153601,
,68,11.18668,33.40777,1493.225,25.50282,2.484142E-03,.2166112,
,68.5,11.15155,33.4111,1493.115,25.51177,2.475724E-03,.2178623,
,69,11.10694,33.41409,1492.97,25.52206,2.465989E-03,.2191042,
,69.5,11.0591,33.41697,1492.814,25.53281,2.455804E-03,.2203429,
,70,11.01197,33.42005,1492.66,25.54359,2.445589E-03,.221581,
,70.5,10.98064,33.42761,1492.568,25.55507,2.434708E-03,.2228053,
,71,10.9493,33.43517,1492.475,25.56656,2.423827E-03,.2240296,
,71.5,10.91908,33.44193,1492.385,25.5772,2.413759E-03,.2252498,
,72,10.8912,33.447,1492.301,25.58608,2.405398E-03,.2264612,
,72.5,10.86332,33.45206,1492.217,25.59496,2.397038E-03,.2276726,
,73,10.8492,33.45745,1492.182,25.60165,2.390796E-03,.2288776,
,73.5,10.84067,33.46296,1492.167,25.60745,2.385416E-03,.23008,
,74,10.83227,33.46819,1492.152,25.613,2.380267E-03,.2312816,
,74.5,10.8247,33.47167,1492.138,25.61706,2.37653E-03,.2324781,
,75,10.81712,33.47516,1492.123,25.62112,2.372794E-03,.2336745,
,75.5,10.81289,33.47982,1492.122,25.62551,2.368722E-03,.2348684,
,76,10.81209,33.4857,1492.135,25.63024,2.364306E-03,.2360595,
,76.5,10.81129,33.49158,1492.148,25.63497,2.359891E-03,.2372507,
,77,10.81005,33.49704,1492.158,25.63943,2.355789E-03,.2384368,
,77.5,10.80879,33.50249,1492.169,25.64388,2.351698E-03,.2396227,
,78,10.80716,33.50705,1492.177,25.6477,2.348173E-03,.2408061,
,78.5,10.80527,33.51097,1492.183,25.65107,2.34506E-03,.2419877,
,79,10.80284,33.5144,1492.187,25.65416,2.342208E-03,.2431687,
,79.5,10.79806,33.51572,1492.18,25.65605,2.340494E-03,.2443473,
,80,10.79329,33.51702,1492.173,25.65793,2.33878E-03,.2455259,
,80.5,10.7894,33.51754,1492.168,25.65901,2.337837E-03,.2467037,
,81,10.78612,33.51751,1492.165,25.65954,2.33741E-03,.2478809,
,81.5,10.78252,33.51748,1492.16,25.66013,2.336937E-03,.2490581,
,82,10.77582,33.51732,1492.145,25.66119,2.336013E-03,.2502345,
,82.5,10.76912,33.51717,1492.129,25.66226,2.335088E-03,.2514109,
,83,10.76237,33.5172,1492.114,25.66346,2.334068E-03,.2525865,
,83.5,10.75561,33.51731,1492.098,25.66472,2.333004E-03,.2537616,
,84,10.74928,33.51729,1492.084,25.6658,2.332092E-03,.2549366,
,84.5,10.74422,33.51688,1492.074,25.66638,2.331619E-03,.2561108,
,85,10.73916,33.51647,1492.064,25.66697,2.331146E-03,.2572851,
,85.5,10.73747,33.51543,1492.065,25.66647,.0023317,.2584596,
,86,10.7369,33.51418,1492.07,25.66562,2.332593E-03,.2596341,
,86.5,10.73633,33.51281,1492.074,25.66467,2.33358E-03,.2608089,
,87,10.7358,33.51096,1492.078,25.66333,2.334975E-03,.261985,
,87.5,10.73527,33.50911,1492.083,25.66199,2.336371E-03,.263161,
,88,10.73431,33.50711,1492.085,25.66059,2.33783E-03,.2643382,
,88.5,10.73311,33.50504,1492.087,25.65915,2.339327E-03,.265516,
,89,10.7306,33.50295,1492.084,25.65794,2.340592E-03,.266694,
,89.5,10.7217,33.50077,1492.058,25.65784,2.340724E-03,.2678729,
,90,10.7128,33.4986,1492.032,25.65774,2.340856E-03,.2690518,
,90.5,10.70062,33.49662,1491.995,25.6583,2.340392E-03,.2702304,
,91,10.6873,33.49472,1491.953,25.6591,2.339718E-03,.2714089,
,91.5,10.67231,33.49292,1491.906,25.6603,2.338671E-03,.272587,
,92,10.65328,33.49134,1491.845,25.66243,2.336727E-03,.2737639,
,92.5,10.63426,33.48976,1491.784,25.66457,2.334782E-03,.2749408,
,93,10.61785,33.48951,1491.734,25.66723,2.332337E-03,.2761154,
,93.5,10.60195,33.48952,1491.686,25.66999,2.329793E-03,.2772896,
,94,10.57688,33.48972,1491.605,25.6745,2.325572E-03,.2784615,
,94.5,10.53576,33.49026,1491.468,25.68208,2.318417E-03,.2796296,
,95,10.49464,33.4908,1491.331,25.68965,2.311263E-03,.2807976,
,95.5,10.46945,33.49172,1491.251,25.69471,2.30653E-03,.2819595,
,96,10.44713,33.49271,1491.181,25.69932,2.302231E-03,.2831203,
,96.5,10.42758,33.49429,1491.121,25.70391,2.297956E-03,.2842793,
,97,10.41361,33.49702,1491.083,25.70845,2.29373E-03,.2854348,
,97.5,10.39964,33.49976,1491.045,25.71299,2.289504E-03,.2865903,
,98,10.38774,33.50501,1491.017,25.71915,2.283741E-03,.2877403,
,98.5,10.37605,33.51049,1490.99,25.72546,2.277833E-03,.2888897,
,99,10.36775,33.51651,1490.976,25.73157,2.272112E-03,.2900354,
,99.5,10.36242,33.52301,1490.973,25.73752,2.266552E-03,.2911779,
,100,10.35738,33.52926,1490.971,25.74323,2.261213E-03,.2923197,
,100.5,10.35468,33.53363,1490.975,25.74711,2.257621E-03,.2934566,
,101,10.35197,33.53799,1490.979,25.75098,2.254029E-03,.2945936,
,101.5,10.35017,33.54066,1490.984,25.75337,2.251851E-03,.2957283,
,102,10.34871,33.54264,1490.989,25.75517,2.250231E-03,.2968621,
,102.5,10.34753,33.54433,1490.995,25.75669,2.248877E-03,.2979953,
,103,10.34674,33.54559,1491.003,25.75781,2.247904E-03,.2991277,
,103.5,10.34583,33.54699,1491.009,25.75906,2.246814E-03,.3002598,
,104,10.34413,33.54932,1491.014,25.7612,2.244916E-03,.3013904,
,104.5,10.34243,33.55166,1491.02,25.76334,2.243018E-03,.3025211,
,105,10.33643,33.55558,1491.011,25.76741,2.239256E-03,.3036489,
,105.5,10.32886,33.56008,1490.998,25.77218,2.234806E-03,.3047757,
,106,10.3165,33.56544,1490.968,25.77847,2.22891E-03,.3058999,
,106.5,10.29439,33.57259,1490.906,25.78783,2.220056E-03,.307019,
,107,10.27314,33.57972,1490.847,25.79704,2.211363E-03,.3081376,
,107.5,10.2691,33.58643,1490.849,25.80298,2.205855E-03,.3092483,
,108,10.26506,33.59314,1490.851,25.80893,2.200347E-03,.3103591,
,108.5,10.25632,33.59919,1490.835,25.81515,2.194516E-03,.311465,
,109,10.24565,33.60497,1490.813,25.82147,2.188552E-03,.3125688,
,109.5,10.23167,33.61027,1490.777,25.82799,2.182416E-03,.3136702,
,110,10.2111,33.6146,1490.717,25.8349,2.175935E-03,.3147665,
,110.5,10.19054,33.61893,1490.657,25.84182,2.169453E-03,.3158628,
,111,10.17251,33.62568,1490.609,25.85011,2.161668E-03,.3169515,
,111.5,10.15496,33.63288,1490.563,25.85866,2.153643E-03,.3180389,
,112,10.13409,33.64138,1490.506,25.86881,2.144051E-03,.3191213,
,112.5,10.10883,33.65163,1490.437,25.88109,2.132381E-03,.320197,
,113,10.08351,33.66238,1490.367,25.89378,2.120347E-03,.3212707,
,113.5,10.05788,33.67613,1490.3,25.90889,2.106152E-03,.3223318,
,114,10.03224,33.68988,1490.233,25.924,2.091957E-03,.3233929,
,114.5,10.00704,33.70039,1490.163,25.93641,2.080179E-03,.3244407,
,115,9.981871,33.71062,1490.093,25.9486,2.068603E-03,.3254872,
,115.5,9.971127,33.71857,1490.072,25.95664,2.061064E-03,.3265274,
,116,9.967858,33.72534,1490.077,25.96252,2.055619E-03,.3275642,
,116.5,9.966539,33.73046,1490.087,25.96677,2.051712E-03,.3285998,
,117,9.969082,33.73232,1490.106,25.96777,2.050852E-03,.3296329,
,117.5,9.971767,33.73426,1490.127,25.96882,2.049946E-03,.3306659,
,118,9.981633,33.74088,1490.179,25.97233,2.046766E-03,.3316969,
,118.5,9.991498,33.74749,1490.23,25.97584,2.043586E-03,.3327278,
,119,9.984726,33.7542,1490.223,25.9822,2.03765E-03,.333754,
,119.5,9.975327,33.76093,1490.205,25.98901,2.031279E-03,.3347795,
,120,9.971376,33.76774,1490.208,25.995,2.025654E-03,.3358013,
,120.5,9.971547,33.77462,1490.225,26.00038,2.020595E-03,.3368202,
,121,9.971985,33.78029,1490.242,26.00474,2.016532E-03,.337838,
,121.5,9.973054,33.78311,1490.257,26.0067,2.014813E-03,.338853,
,122,9.973989,33.78583,1490.272,26.00861,2.013138E-03,.339868,
,122.5,9.972917,33.78707,1490.278,26.00979,2.012119E-03,.3408816,
,123,9.971845,33.78831,1490.284,26.01097,.0020111,.3418951,
,123.5,9.97486,33.79031,1490.306,26.01205,2.010176E-03,.3429077,
,124,9.97842,33.7924,1490.33,26.01311,2.009264E-03,.3439202,
,124.5,9.979397,33.79298,1490.342,26.01339,2.009126E-03,.3449324,
,125,9.979272,33.7929,1490.35,26.01334,2.009318E-03,.3459445,
,125.5,9.979382,33.79319,1490.359,26.01355,2.009222E-03,.3469566,
,126,9.979843,33.79402,1490.37,26.01415,2.008694E-03,.3479685,
,126.5,9.978912,33.79481,1490.375,26.01494,2.007997E-03,.3489802,
,127,9.970912,33.79535,1490.356,26.01668,2.006433E-03,.349991,
,127.5,9.962911,33.79589,1490.336,26.01842,2.00487E-03,.3510017,
,128,9.958978,33.7976,1490.332,26.02042,2.003074E-03,.3520108,
,128.5,9.955741,33.7995,1490.331,26.02246,2.001237E-03,.3530196,
,129,9.952981,33.80175,1490.332,26.02468,1.999227E-03,.354027,
,129.5,9.950427,33.80413,1490.334,26.02698,1.997141E-03,.3550337,
,130,9.946862,33.80721,1490.333,26.02996,1.99441E-03,.3560388,
,130.5,9.942376,33.81091,1490.33,26.03355,1.99109E-03,.3570424,
,131,9.937628,33.81425,1490.325,26.03693,1.987978E-03,.3580453,
,131.5,9.932088,33.81649,1490.316,26.03964,1.985495E-03,.3590456,
,132,9.926548,33.81874,1490.307,26.04236,1.983011E-03,.3600459,
,132.5,9.92852,33.82037,1490.325,26.04329,1.982224E-03,.3610445,
,133,9.930841,33.82198,1490.343,26.04414,1.981517E-03,.362043,
,133.5,9.929132,33.82278,1490.346,26.04504,1.98076E-03,.3630409,
,134,9.92641,33.82338,1490.346,26.04596,1.979991E-03,.3640386,
,134.5,9.923516,33.82477,1490.345,26.04753,.0019786,.3650355,
,135,9.920538,33.82656,1490.345,26.04943,1.976896E-03,.3660319,
,135.5,9.918444,33.82806,1490.347,26.05095,1.97555E-03,.3670275,
,136,9.917313,33.82924,1490.353,26.05206,1.974593E-03,.3680224,
,136.5,9.916471,33.8303,1490.359,26.05304,1.973762E-03,.3690171,
,137,9.916374,33.83107,1490.368,26.05367,1.97326E-03,.3700112,
,137.5,9.916037,33.83174,1490.376,26.05428,1.972785E-03,.3710053,
,138,9.914492,33.83197,1490.379,26.05474,1.972449E-03,.371999,
,138.5,9.91303,33.83225,1490.383,26.05521,1.972099E-03,.3729926,
,139,9.913588,33.83352,1490.395,26.05607,1.971385E-03,.3739858,
,139.5,9.914145,33.83479,1490.406,26.05693,1.970671E-03,.3749789,
,140,9.908331,33.83571,1490.395,26.05861,1.969121E-03,.3759708,
,140.5,9.901828,33.83658,1490.381,26.06038,1.96748E-03,.3769627,
,141,9.899319,33.83776,1490.381,26.06176,1.966296E-03,.3779535,
,141.5,9.898505,33.83907,1490.388,26.06297,1.965306E-03,.3789439,
,142,9.897648,33.84011,1490.395,26.06392,1.964523E-03,.3799338,
,142.5,9.896759,33.84097,1490.401,26.0647,1.963893E-03,.3809234,
,143,9.895299,33.84184,1490.405,26.06561,1.963131E-03,.3819125,
,143.5,9.893327,33.84274,1490.407,26.06664,1.96225E-03,.3829012,
,144,9.892119,33.84359,1490.412,26.06751,1.961528E-03,.3838897,
,144.5,9.892051,33.84435,1490.421,26.06812,1.961043E-03,.3848777,
,145,9.891926,33.84505,1490.43,26.06869,1.960586E-03,.3858657,
,145.5,9.89159,33.8455,1490.438,26.06911,1.960235E-03,.3868532,
,146,9.891179,33.846,1490.445,26.06958,1.959851E-03,.3878407,
,146.5,9.890428,33.8467,1490.452,26.07024,1.959327E-03,.3888279,
,147,9.889668,33.84729,1490.458,26.07083,1.958877E-03,.3898149,
,147.5,9.888858,33.84734,1490.463,26.071,1.958813E-03,.3908018,
,148,9.888122,33.8474,1490.469,26.07116,1.958766E-03,.3917886,
,148.5,9.889783,33.84726,1490.483,26.07075,1.959248E-03,.3927757,
,149,9.891444,33.84711,1490.497,26.07035,1.959729E-03,.3937628,
,149.5,9.892115,33.84666,1490.507,26.06992,1.960249E-03,.3947503,
,150,9.892683,33.84618,1490.517,26.06948,1.960772E-03,.3957379,
,150.5,9.89308,33.84697,1490.528,26.07001,1.960383E-03,.3967255,
,151,9.8932,33.84789,1490.537,26.07068,1.959866E-03,.3977131,
,151.5,9.889054,33.84955,1490.533,26.07267,1.958083E-03,.3986997,
,152,9.884881,33.85119,1490.528,26.07465,1.956311E-03,.3996861,
,152.5,9.880457,33.85267,1490.522,26.07653,1.95463E-03,.4006709,
,153,9.87609,33.85415,1490.516,26.0784,1.95296E-03,.4016556,
,153.5,9.874177,33.85535,1490.519,26.07972,1.951808E-03,.402639,
,154,9.872265,33.85656,1490.522,26.08105,1.950656E-03,.4036223,
,154.5,9.865917,33.85719,1490.508,26.0826,1.949235E-03,.4046044,
,155,9.85945,33.85787,1490.494,26.08421,1.947764E-03,.4055864,
,155.5,9.849677,33.85993,1490.47,26.08744,1.944747E-03,.4065662,
,156,9.839903,33.86199,1490.445,26.09067,1.941729E-03,.407546,
,156.5,9.832067,33.86304,1490.426,26.09275,.0019398,.4085232,
,157,9.824247,33.86408,1490.408,26.09481,1.937881E-03,.4095004,
,157.5,9.795998,33.8641,1490.314,26.09954,1.933447E-03,.4104746,
,158,9.762903,33.86388,1490.202,26.1049,1.928417E-03,.4114481,
,158.5,9.73506,33.86195,1490.107,26.10806,1.925471E-03,.412419,
,159,9.709361,33.85932,1490.019,26.11032,1.923376E-03,.4133888,
,159.5,9.695112,33.85806,1489.974,26.11167,1.922143E-03,.4143575,
,160,9.684329,33.8572,1489.942,26.11275,1.921171E-03,.4153259,
,160.5,9.669378,33.85878,1489.898,26.11647,1.917648E-03,.4162921,
,161,9.653659,33.86081,1489.852,26.12067,1.913656E-03,.417258,
,161.5,9.631999,33.86367,1489.785,26.12647,1.908236E-03,.4182196,
,162,9.609439,33.86665,1489.715,26.13253,1.902599E-03,.4191806,
,162.5,9.596456,33.8689,1489.678,26.13643,1.898908E-03,.4201379,
,163,9.585704,33.87098,1489.65,26.13984,1.895669E-03,.4210943,
,163.5,9.581609,33.87157,1489.644,26.14096,1.894688E-03,.4220492,
,164,9.578781,33.87187,1489.643,26.14166,1.894138E-03,.4230038,
,164.5,9.577943,33.87274,1489.649,26.14244,1.893504E-03,.4239578,
,165,9.57729,33.87366,1489.656,26.14323,1.892863E-03,.4249118,
,165.5,9.572789,33.87468,1489.649,26.14481,1.891424E-03,.4258648,
,166,9.567878,33.8757,1489.641,26.14647,1.889901E-03,.4268177,
,166.5,9.564247,33.87681,1489.637,26.14794,1.888678E-03,.4277695,
,167,9.560884,33.87792,1489.635,26.14935,1.887507E-03,.428721,
,167.5,9.559783,33.87884,1489.64,26.15025,1.886702E-03,.4296716,
,168,9.558457,33.87981,1489.645,26.15123,1.885833E-03,.4306221,
,168.5,9.556059,33.88104,1489.646,26.15259,1.884658E-03,.4315718,
,169,9.553535,33.88248,1489.647,26.15413,1.883301E-03,.4325212,
,169.5,9.550467,33.88488,1489.647,26.1565,1.881155E-03,.4334691,
,170,9.547191,33.88731,1489.646,26.15894,1.878939E-03,.4344169,
,170.5,9.541371,33.89029,1489.637,26.16221,1.875882E-03,.4353621,
,171,9.535551,33.89327,1489.627,26.16549,1.872825E-03,.4363073,
,171.5,9.528543,33.89719,1489.615,26.16971,1.868927E-03,.437249,
,172,9.52152,33.90111,1489.603,26.17395,1.865018E-03,.4381906,
,172.5,9.509893,33.90514,1489.573,26.17897,1.860246E-03,.439128,
,173,9.498369,33.90916,1489.545,26.18396,1.85551E-03,.4400651,
,173.5,9.488073,33.91293,1489.52,26.18862,1.851207E-03,.4409982,
,174,9.478559,33.91655,1489.498,26.19304,1.847127E-03,.4419306,
,174.5,9.472304,33.91952,1489.487,26.19641,1.843975E-03,.4428601,
,175,9.466817,33.92196,1489.478,26.19924,1.84137E-03,.4437889,
,175.5,9.462995,33.92325,1489.474,26.20085,1.839952E-03,.4447162,
,176,9.460611,33.92429,1489.475,26.20202,1.838942E-03,.4456433,
,176.5,9.460967,33.92487,1489.485,26.20238,1.838708E-03,.4465698,
,177,9.461032,33.92519,1489.494,26.20262,1.838574E-03,.4474963,
,177.5,9.460368,33.92493,1489.5,26.20255,1.838688E-03,.4484227,
,178,9.460176,33.92481,1489.507,26.20251,1.838802E-03,.4493492,
,178.5,9.460715,33.92492,1489.518,26.20251,1.838917E-03,.4502757,
,179,9.460624,33.92479,1489.526,26.20241,1.839135E-03,.4512024,
,179.5,9.459939,33.92443,1489.531,26.20221,1.83945E-03,.4521292,
,180,9.460515,33.92453,1489.541,26.2022,1.839575E-03,.4530561,
,180.5,9.461562,33.92479,1489.554,26.20226,1.83963E-03,.453983,
,181,9.461411,33.92536,1489.562,26.20272,1.83926E-03,.4549097,
,181.5,9.461113,33.92596,1489.57,26.20322,1.838837E-03,.4558365,
,182,9.461168,33.92716,1489.58,26.20413,1.838078E-03,.4567627,
,182.5,9.461248,33.92841,1489.59,26.20507,1.837296E-03,.4576889,
,183,9.460771,33.9296,1489.598,26.20612,1.836427E-03,.4586143,
,183.5,9.460266,33.9306,1489.606,26.20701,1.835689E-03,.4595396,
,184,9.459693,33.93101,1489.613,26.20741,1.835361E-03,.4604645,
,184.5,9.459523,33.93127,1489.621,26.20764,1.835227E-03,.4613893,
,185,9.459888,33.93136,1489.63,26.20764,1.835348E-03,.4623141,
,185.5,9.459623,33.93192,1489.639,26.20812,1.83497E-03,.4632387,
,186,9.459021,33.93274,1489.646,26.20886,1.834324E-03,.4641633,
,186.5,9.456766,33.93399,1489.647,26.21018,1.833182E-03,.4650871,
,187,9.454188,33.93533,1489.648,26.21161,1.831942E-03,.4660108,
,187.5,9.452588,33.93716,1489.652,26.21332,1.830436E-03,.4669332,
,188,9.450978,33.93898,1489.657,26.21503,1.828925E-03,.4678555,
,188.5,9.44803,33.94025,1489.656,26.21656,1.827588E-03,.4687765,
,189,9.445154,33.94165,1489.656,26.21816,1.826176E-03,.4696972,
,189.5,9.442551,33.94347,1489.657,26.22,1.824486E-03,.4706168,
,190,9.438464,33.94653,1489.654,26.22305,1.821683E-03,.4715353,
,190.5,9.432341,33.95128,1489.646,26.22773,1.817354E-03,.4724521,
,191,9.420821,33.95657,1489.618,26.23373,1.811751E-03,.4733661,
,191.5,9.404329,33.96235,1489.573,26.24093,1.804975E-03,.4742775,
,192,9.393063,33.96795,1489.547,26.24718,1.799073E-03,.4751856,
,192.5,9.385454,33.97343,1489.535,26.25275,1.793783E-03,.4760912,
,193,9.380847,33.97651,1489.53,26.25589,1.79093E-03,.4769945,
,193.5,9.377371,33.97868,1489.528,26.25812,1.788995E-03,.4778967,
,194,9.373742,33.97968,1489.524,26.25944,1.787763E-03,.4787978,
,194.5,9.370339,33.98051,1489.521,26.26059,1.786673E-03,.4796986,
,195,9.369287,33.98149,1489.527,26.26155,1.785874E-03,.4805985,
,195.5,9.367834,33.98244,1489.531,26.26257,1.785024E-03,.4814984,
,196,9.364736,33.98331,1489.529,26.26381,1.783965E-03,.4823975,
,196.5,9.361628,33.98444,1489.527,26.26523,1.782712E-03,.4832962,
,197,9.358497,33.98613,1489.526,26.26704,1.781048E-03,.4841941,
,197.5,9.354609,33.98809,1489.523,26.26918,1.779108E-03,.485091,
,198,9.349979,33.99031,1489.517,26.27164,1.776897E-03,.4859871,
,198.5,9.344143,33.99253,1489.506,26.27432,1.774436E-03,.4868817,
,199,9.337704,33.99474,1489.494,26.27711,1.77185E-03,.4877756,
,199.5,9.333834,33.99618,1489.49,26.27883,1.770325E-03,.4886679,
,200,9.330503,33.99746,1489.487,26.28032,1.769023E-03,.48956,
,200.5,9.327332,33.99809,1489.485,26.28137,1.768087E-03,.490451,
,201,9.324125,33.99868,1489.482,26.28239,1.767174E-03,.491342,
,201.5,9.319827,33.99911,1489.475,26.28339,1.766344E-03,.4922322,
,202,9.316103,33.99962,1489.47,26.28437,1.765519E-03,.4931222,
,202.5,9.314579,34.0004,1489.474,26.28528,1.764713E-03,.4940116,
,203,9.31277,34.00134,1489.477,26.28633,1.763781E-03,.4949007,
,203.5,9.310637,34.00248,1489.479,26.28752,1.762706E-03,.4957893,
,204,9.306349,34.00421,1489.474,26.28959,1.760846E-03,.4966768,
,204.5,9.301273,34.00617,1489.466,26.29198,.0017587,.497564,
,205,9.293888,34.00836,1489.45,26.29489,1.756002E-03,.4984492,
,205.5,9.286059,34.0106,1489.432,26.2979,1.753199E-03,.499334,
,206,9.282296,34.01246,1489.429,26.29997,1.751293E-03,.5002167,
,206.5,9.279159,34.01395,1489.427,26.30164,1.749785E-03,.5010991,
,207,9.277608,34.01438,1489.43,26.30217,1.749403E-03,.5019808,
,207.5,9.276277,34.015,1489.435,26.30285,1.748876E-03,.5028622,
,208,9.27529,34.01589,1489.44,26.30377,1.748119E-03,.5037434,
,208.5,9.272946,34.01747,1489.442,26.30542,1.746642E-03,.5046238,
,209,9.269423,34.01965,1489.44,26.30771,1.744539E-03,.5055038,
,209.5,9.263777,34.02165,1489.43,26.31017,1.742267E-03,.506382,
,210,9.258882,34.02364,1489.423,26.3125,1.740117E-03,.5072598,
,210.5,9.257467,34.02563,1489.428,26.31429,1.73848E-03,.5081362,
,211,9.254118,34.02686,1489.426,26.31577,1.737139E-03,.509012,
,211.5,9.248844,34.02731,1489.416,26.31693,1.736094E-03,.5098872,
,212,9.245995,34.02832,1489.415,26.31821,1.734979E-03,.5107617,
,212.5,9.244103,34.02956,1489.417,26.31954,1.733835E-03,.511636,
,213,9.236716,34.03281,1489.403,26.32328,1.730363E-03,.5125085,
,213.5,9.226399,34.0366,1489.378,26.3279,1.726044E-03,.5133795,
,214,9.209764,34.04116,1489.331,26.33415,1.720183E-03,.5142475,
,214.5,9.195548,34.04644,1489.293,26.34057,1.714156E-03,.515113,
,215,9.183954,34.0525,1489.266,26.34719,1.70795E-03,.5159757,
,215.5,9.168128,34.0585,1489.224,26.3544,1.701177E-03,.5168341,
,216,9.150846,34.06449,1489.176,26.36182,1.694209E-03,.517691,
,216.5,9.131155,34.07016,1489.119,26.36946,1.686953E-03,.5185418,
,217,9.116725,34.07503,1489.08,26.3756,1.681158E-03,.519391,
,217.5,9.111186,34.07856,1489.072,26.37917,1.67783E-03,.5202374,
,218,9.10621,34.08101,1489.065,26.38188,1.675317E-03,.5210825,
,218.5,9.101742,34.08247,1489.059,26.38382,1.673538E-03,.5219265,
,219,9.096405,34.08418,1489.05,26.38595,1.671626E-03,.5227692,
,219.5,9.090888,34.08593,1489.04,26.38812,1.669687E-03,.5236115,
,220,9.079303,34.08887,1489.009,26.39234,1.66569E-03,.5244513,
,220.5,9.067217,34.09189,1488.976,26.39668,1.661579E-03,.5252903,
,221,9.053221,34.09515,1488.937,26.40142,1.657146E-03,.5261262,
,221.5,9.042341,34.09833,1488.909,26.40562,1.653233E-03,.5269606,
,222,9.03496,34.10141,1488.894,26.40921,1.649903E-03,.5277933,
,222.5,9.029243,34.10287,1488.883,26.41133,1.648021E-03,.5286241,
,223,9.022188,34.10469,1488.868,26.41391,1.645686E-03,.5294541,
,223.5,9.011471,34.10756,1488.84,26.4178,1.642052E-03,.5302823,
,224,8.997635,34.1102,1488.8,26.42204,1.638069E-03,.531109,
,224.5,8.979576,34.11252,1488.745,26.42673,1.633615E-03,.5319335,
,225,8.968567,34.11494,1488.715,26.43038,1.63015E-03,.532756,
,225.5,8.96172,34.11737,1488.701,26.43339,1.627301E-03,.5335773,
,226,8.956056,34.11818,1488.69,26.43492,1.625978E-03,.5343969,
,226.5,8.950796,34.11914,1488.68,26.43651,1.624577E-03,.5352162,
,227,8.94628,34.12035,1488.673,26.43821,1.623033E-03,.5360346,
,227.5,8.943584,34.12132,1488.672,26.43939,1.622035E-03,.5368524,
,228,8.94149,34.12218,1488.674,26.44036,1.621237E-03,.5376698,
,228.5,8.93998,34.12257,1488.677,26.44089,1.620799E-03,.5384868,
,229,8.938679,34.12285,1488.681,26.44129,1.620477E-03,.5393036,
,229.5,8.937594,34.12301,1488.686,26.44157,1.620276E-03,.5401203,
,230,8.936954,34.12316,1488.692,26.44181,1.620108E-03,.5409369,
,230.5,8.936385,34.12324,1488.698,26.442,1.620005E-03,.5417535,
,231,8.934898,34.12276,1488.7,26.44185,1.620286E-03,.5425701,
,231.5,8.934444,34.12244,1488.707,26.44166,1.620589E-03,.5433868,
,232,8.934957,34.12227,1488.717,26.44146,1.620912E-03,.5442036,
,232.5,8.934679,34.122,1488.723,26.44129,1.621144E-03,.5450207,
,233,8.934247,34.12176,1488.73,26.44118,1.621312E-03,.5458378,
,233.5,8.934394,34.12199,1488.739,26.44133,1.621236E-03,.5466549,
,234,8.934338,34.12225,1488.747,26.44154,1.621098E-03,.547472,
,234.5,8.934028,34.12254,1488.755,26.44183,1.620883E-03,.5482891,
,235,8.933353,34.12292,1488.761,26.44217,1.620613E-03,.5491059,
,235.5,8.932632,34.12326,1488.767,26.4425,1.620374E-03,.5499228,
,236,8.932379,34.12314,1488.774,26.4425,1.620508E-03,.5507395,
,236.5,8.932508,34.1228,1488.783,26.44226,1.620871E-03,.5515564,
,237,8.933052,34.12225,1488.792,26.44175,1.621482E-03,.5523735,
,237.5,8.933007,34.12213,1488.8,26.44165,1.62171E-03,.5531908,
,238,8.93247,34.12225,1488.807,26.44181,1.621676E-03,.5540081,
,238.5,8.929375,34.12333,1488.805,26.44314,1.620408E-03,.5548251,
,239,8.925021,34.12441,1488.799,26.44467,1.61899E-03,.5556414,
,239.5,8.91967,34.12548,1488.788,26.44636,1.617452E-03,.5564572,
,240,8.917471,34.126,1488.789,26.44715,1.616776E-03,.5572723,
,240.5,8.914733,34.12643,1488.788,26.44792,1.616156E-03,.5580871,
,241,8.91144,34.12682,1488.784,26.4487,1.615562E-03,.5589016,
,241.5,8.907171,34.12756,1488.778,26.44995,1.614446E-03,.5597154,
,242,8.903478,34.1283,1488.773,26.45112,1.613396E-03,.5605291,
,242.5,8.901091,34.12903,1488.774,26.4521,1.612535E-03,.5613421,
,243,8.898779,34.12976,1488.774,26.45304,1.611756E-03,.5621546,
,243.5,8.896311,34.13044,1488.774,26.45397,1.610996E-03,.5629669,
,244,8.892537,34.13082,1488.769,26.45488,1.61013E-03,.5637786,
,244.5,8.889855,34.13145,1488.768,26.4558,1.609327E-03,.56459,
,245,8.88822,34.13232,1488.772,26.45674,1.608582E-03,.5654011,
,245.5,8.885997,34.1327,1488.772,26.45742,1.608004E-03,.5662117,
,246,8.883576,34.13315,1488.772,26.45818,1.607347E-03,.567022,
,246.5,8.880765,34.13383,1488.771,26.45916,1.606473E-03,.5678319,
,247,8.877321,34.13459,1488.767,26.46027,1.605524E-03,.5686415,
,247.5,8.873376,34.13538,1488.762,26.46148,1.604515E-03,.5694506,
,248,8.868597,34.13602,1488.753,26.46274,1.603387E-03,.5702589,
,248.5,8.864622,34.13663,1488.748,26.46385,1.602392E-03,.571067,
,249,8.864112,34.13721,1488.755,26.46437,1.601962E-03,.5718746,
,249.5,8.862697,34.13755,1488.758,26.46488,1.60158E-03,.572682,
,250,8.860561,34.13771,1488.759,26.46537,1.601236E-03,.5734892,
,250.5,8.858494,34.13784,1488.76,26.46576,1.600938E-03,.5742962,
,251,8.856773,34.13794,1488.762,26.46608,1.600718E-03,.5751032,
,251.5,8.856455,34.13796,1488.769,26.46616,1.600782E-03,.5759102,
,252,8.855755,34.13813,1488.775,26.46641,1.600636E-03,.576717,
,252.5,8.85478,34.13842,1488.78,26.4668,1.600338E-03,.5775238,
,253,8.852011,34.13924,1488.779,26.46789,1.59937E-03,.5783301,
,253.5,8.848694,34.14008,1488.776,26.46907,1.598323E-03,.5791361,
,254,8.844691,34.14091,1488.771,26.47034,1.597183E-03,.5799416,
,254.5,8.842052,34.1413,1488.77,26.47104,1.596594E-03,.5807465,
,255,8.840202,34.14152,1488.771,26.4715,1.596223E-03,.5815512,
,255.5,8.839484,34.14155,1488.777,26.47167,1.596134E-03,.5823558,
,256,8.839294,34.14155,1488.784,26.47168,1.59619E-03,.5831605,
,256.5,8.83896,34.14162,1488.792,26.47178,1.59618E-03,.5839651,
,257,8.838292,34.14185,1488.798,26.47209,1.596031E-03,.5847696,
,257.5,8.83688,34.14201,1488.801,26.47243,1.595789E-03,.585574,
,258,8.835188,34.14214,1488.803,26.47278,1.595514E-03,.5863784,
,258.5,8.834485,34.14233,1488.809,26.47301,1.595434E-03,.5871827,
,259,8.833715,34.1426,1488.815,26.47334,1.595228E-03,.5879869,
,259.5,8.832848,34.14301,1488.82,26.47383,1.594837E-03,.588791,
,260,8.82876,34.14336,1488.814,26.47474,1.594038E-03,.5895945,
,260.5,8.82403,34.14385,1488.805,26.47588,1.593001E-03,.5903978,
,261,8.818831,34.14458,1488.795,26.4773,1.591651E-03,.5912006,
,261.5,8.813302,34.14486,1488.783,26.47832,1.590736E-03,.5920026,
,262,8.807971,34.14508,1488.772,26.47925,1.589928E-03,.5928044,
,262.5,8.804313,34.14546,1488.767,26.48012,1.589233E-03,.5936056,
,263,8.800963,34.14558,1488.764,26.48077,1.588717E-03,.5944067,
,263.5,8.797982,34.14541,1488.761,26.48116,1.588415E-03,.5952075,
,264,8.796269,34.1455,1488.763,26.4815,1.588158E-03,.5960081,
,264.5,8.793559,34.14561,1488.761,26.48204,1.587723E-03,.5968086,
,265,8.789545,34.14574,1488.755,26.4828,1.587077E-03,.5976089,
,265.5,8.786668,34.146,1488.752,26.48343,1.586545E-03,.5984088,
,266,8.784448,34.14631,1488.753,26.48399,1.586085E-03,.5992084,
,266.5,8.782938,34.14668,1488.756,26.48447,1.585702E-03,.6000079,
,267,8.776094,34.14718,1488.74,26.48601,1.584311E-03,.6008067,
,267.5,8.769781,34.14771,1488.725,26.48744,1.583028E-03,.6016051,
,268,8.764641,34.14828,1488.715,26.48863,1.581976E-03,.602403,
,268.5,8.759936,34.14861,1488.706,26.4896,1.58113E-03,.6032002,
,269,8.751308,34.14914,1488.683,26.49136,1.579494E-03,.6039968,
,269.5,8.736273,34.14997,1488.637,26.49439,1.576613E-03,.6047922,
,270,8.710469,34.15134,1488.551,26.49958,1.571696E-03,.6055859,
,270.5,8.690206,34.1529,1488.486,26.50393,1.567577E-03,.6063769,
,271,8.674905,34.15421,1488.439,26.50731,1.56437E-03,.6071664,
,271.5,8.664446,34.1552,1488.409,26.50969,1.562101E-03,.6079547,
,272,8.653214,34.15581,1488.376,26.51191,1.560131E-03,.6087414,
,272.5,8.643461,34.15638,1488.349,26.51386,1.558368E-03,.6095276,
,273,8.637225,34.15694,1488.335,26.51529,1.557018E-03,.6103129,
,273.5,8.633904,34.15754,1488.332,26.51625,1.556152E-03,.6110976,
,274,8.631738,34.15803,1488.332,26.51697,1.55555E-03,.611882,
,274.5,8.630144,34.15826,1488.335,26.51739,1.555225E-03,.6126661,
,275,8.62871,34.1585,1488.338,26.51779,1.55491E-03,.6134501,
,275.5,8.62715,34.15866,1488.341,26.51817,1.554623E-03,.6142339,
,276,8.625227,34.15868,1488.342,26.51848,1.554391E-03,.6150176,
,276.5,8.624481,34.1586,1488.348,26.51855,1.554442E-03,.6158013,
,277,8.62391,34.15849,1488.354,26.51858,1.554541E-03,.6165849,
,277.5,8.622435,34.15833,1488.356,26.51875,1.554456E-03,.6173686,
,278,8.619308,34.15816,1488.353,26.51908,1.554215E-03,.6181521,
,278.5,8.61531,34.15807,1488.346,26.51956,1.553826E-03,.6189356,
,279,8.610607,34.15835,1488.337,26.52048,1.553024E-03,.6197187,
,279.5,8.599967,34.15863,1488.306,26.52234,1.551281E-03,.620501,
,280,8.587884,34.15877,1488.269,26.52432,1.549422E-03,.6212828,
,280.5,8.578992,34.15844,1488.244,26.52544,1.548429E-03,.6220637,
,281,8.570889,34.15941,1488.224,26.52749,1.546619E-03,.6228437,
,281.5,8.560434,34.16054,1488.194,26.53,1.544305E-03,.6236229,
,282,8.542324,34.1613,1488.136,26.53338,1.540954E-03,.6244006,
,282.5,8.5369,34.16222,1488.125,26.53494,1.539536E-03,.6251771,
,283,8.537151,34.16294,1488.135,26.53546,1.539173E-03,.6259532,
,283.5,8.537476,34.16269,1488.144,26.5352,1.539502E-03,.6267293,
,284,8.527254,34.16297,1488.115,26.53699,1.537813E-03,.6275048,
,284.5,8.516977,34.16349,1488.085,26.53899,1.535982E-03,.6282797,
,285,8.509155,34.16419,1488.065,26.54077,1.534452E-03,.6290539,
,285.5,8.501548,34.16398,1488.045,26.54178,1.533493E-03,.6298271,
,286,8.496526,34.16379,1488.034,26.54237,1.532963E-03,.6306001,
,286.5,8.493741,34.16364,1488.032,26.54263,1.532785E-03,.6313729,
,287,8.491354,34.16365,1488.031,26.54306,1.532453E-03,.6321456,
,287.5,8.489305,34.16373,1488.032,26.54344,1.532173E-03,.6329181,
,288,8.487241,34.16367,1488.032,26.5437,1.53198E-03,.6336905,
,288.5,8.484565,34.16308,1488.03,26.5437,1.531973E-03,.6344629,
,289,8.47821,34.16257,1488.014,26.54428,1.53149E-03,.6352351,
,289.5,8.466596,34.16223,1487.978,26.54577,1.530114E-03,.6360068,
,290,8.446768,34.16218,1487.912,26.54872,1.527315E-03,.6367776,
,290.5,8.419456,34.16323,1487.82,26.55377,1.522462E-03,.6375462,
,291,8.397943,34.16469,1487.749,26.5582,1.518265E-03,.6383128,
,291.5,8.386375,34.16629,1487.716,26.56119,1.515495E-03,.6390777,
