,0,21.15862,33.44722,1522.974,23.27075,4.59797E-03,0,
,.5,21.15862,33.44722,1522.974,23.27075,4.59797E-03,0,
,1,21.15862,33.44722,1522.974,23.27075,4.59797E-03,0,
,1.5,21.15862,33.44722,1522.974,23.27075,4.59797E-03,0,
,2,21.15862,33.44722,1522.974,23.27075,4.59797E-03,0,
,2.5,21.15862,33.44722,1522.974,23.27075,4.59797E-03,0,
,3,21.15862,33.44722,1522.974,23.27075,4.59797E-03,0,
,3.5,21.15862,33.44722,1522.974,23.27075,4.59797E-03,0,
,4,21.15862,33.44722,1522.974,23.27075,4.59797E-03,0,
,4.5,21.10432,33.4338,1522.813,23.27524,4.593727E-03,2.082628E-02,
,5,21.02375,33.4169,1522.584,23.28415,4.585419E-03,2.313629E-02,
,5.5,20.85906,33.38121,1522.107,23.30132,4.569117E-03,2.544053E-02,
,6,20.3648,33.34802,1520.724,23.40741,4.467871E-03,2.771484E-02,
,6.5,19.74259,33.3218,1518.967,23.54925,4.332595E-03,2.991377E-02,
,7,19.16215,33.29838,1517.317,23.6809,4.207086E-03,3.207352E-02,
,7.5,18.75048,33.27884,1516.123,23.76946,4.12277E-03,3.416314E-02,
,8,18.34104,33.24987,1514.915,23.84917,4.046862E-03,.0362247,
,8.5,17.93448,33.20876,1513.689,23.91748,3.981799E-03,3.825007E-02,
,9,17.46614,33.18391,1512.279,24.01077,3.892926E-03,4.022184E-02,
,9.5,16.98864,33.16841,1510.84,24.11204,3.79644E-03,4.216002E-02,
,10,16.51449,33.16979,1509.408,24.22294,3.690768E-03,4.403532E-02,
,10.5,16.15922,33.17318,1508.337,24.30752,3.610242E-03,4.588443E-02,
,11,16.00009,33.17988,1507.861,24.34866,3.571201E-03,4.769035E-02,
,11.5,15.89332,33.18518,1507.546,24.37683,3.544494E-03,4.948485E-02,
,12,15.8471,33.18887,1507.415,24.39,3.532056E-03,5.126614E-02,
,12.5,15.80503,33.19371,1507.298,24.40314,3.519641E-03,5.304049E-02,
,13,15.76571,33.19933,1507.191,24.41627,3.507243E-03,5.481022E-02,
,13.5,15.73052,33.20748,1507.099,24.43042,3.49392E-03,5.657079E-02,
,14,15.69664,33.21644,1507.012,24.44489,3.480304E-03,5.832845E-02,
,14.5,15.65514,33.21711,1506.891,24.45465,3.471166E-03,6.007629E-02,
,15,15.6129,33.21698,1506.768,24.46395,3.46246E-03,6.182317E-02,
,15.5,15.5259,33.22146,1506.509,24.48666,3.440882E-03,6.355596E-02,
,16,15.43266,33.22658,1506.231,24.51124,3.417508E-03,6.528677E-02,
,16.5,15.25905,33.22584,1505.691,24.5487,3.381982E-03,.0669913,
,17,15.07716,33.22449,1505.124,24.58749,3.345204E-03,6.869271E-02,
,17.5,14.96701,33.22906,1504.787,24.61476,3.319273E-03,7.036439E-02,
,18,14.85801,33.23257,1504.453,24.64095,3.29438E-03,7.203393E-02,
,18.5,14.75881,33.22704,1504.138,24.65797,3.278286E-03,7.368536E-02,
,19,14.64932,33.22272,1503.791,24.67806,3.259258E-03,7.533285E-02,
,19.5,14.48884,33.22443,1503.286,24.71343,3.225694E-03,7.696084E-02,
,20,14.32174,33.22704,1502.758,24.75071,3.190283E-03,7.857756E-02,
,20.5,14.14069,33.23157,1502.185,24.79205,3.150971E-03,8.017048E-02,
,21,13.97086,33.23688,1501.647,24.83149,3.113493E-03,8.175121E-02,
,21.5,13.82174,33.24362,1501.177,24.86743,3.079397E-03,8.330948E-02,
,22,13.70846,33.25043,1500.822,24.89594,3.052334E-03,.0848531,
,22.5,13.6209,33.25729,1500.551,24.91912,3.03032E-03,8.638621E-02,
,23,13.52851,33.26052,1500.258,24.94036,3.010207E-03,8.790462E-02,
,23.5,13.43476,33.26274,1499.96,24.96105,2.990626E-03,8.941893E-02,
,24,13.35102,33.26688,1499.696,24.9811,2.971664E-03,9.091619E-02,
,24.5,13.25888,33.2702,1499.403,25.00215,2.951737E-03,9.240902E-02,
,25,13.13687,33.2706,1499.005,25.02673,2.928399E-03,9.388703E-02,
,25.5,13.02694,33.27113,1498.648,25.04896,2.907303E-03,9.535737E-02,
,26,12.93412,33.27185,1498.347,25.06785,2.889379E-03,9.681681E-02,
,26.5,12.8222,33.2724,1497.98,25.09027,2.868101E-03,9.826472E-02,
,27,12.69999,33.27285,1497.578,25.11459,2.845018E-03,9.970641E-02,
,27.5,12.59772,33.27352,1497.242,25.13488,2.825846E-03,.1011315,
,28,12.52214,33.27444,1496.997,25.15022,2.811365E-03,.1025517,
,28.5,12.48456,33.2757,1496.879,25.15851,2.803534E-03,.1039655,
,29,12.44839,33.27677,1496.766,25.16628,2.796295E-03,.1053741,
,29.5,12.41254,33.2778,1496.654,25.17392,2.78919E-03,.1067814,
,30,12.37147,33.27991,1496.525,25.18339,2.780237E-03,.1081814,
,30.5,12.32983,33.28213,1496.395,25.19307,2.771082E-03,.1095806,
,31,12.29298,33.2857,1496.282,25.20288,2.761804E-03,.1109725,
,31.5,12.25957,33.28933,1496.181,25.2121,2.753123E-03,.1123617,
,32,12.23435,33.29248,1496.107,25.21937,2.746366E-03,.1137464,
,32.5,12.21202,33.2945,1496.042,25.22516,2.74093E-03,.1151272,
,33,12.18779,33.29547,1495.969,25.23051,2.735943E-03,.116506,
,33.5,12.16042,33.29506,1495.883,25.23539,2.731435E-03,.1178826,
,34,12.12027,33.29725,1495.757,25.24471,2.722688E-03,.1192543,
,34.5,12.07195,33.29974,1495.603,25.2558,2.712256E-03,.1206238,
,35,11.97407,33.30018,1495.276,25.27447,2.694485E-03,.1219826,
,35.5,11.90452,33.30126,1495.047,25.28832,2.681357E-03,.1233374,
,36,11.87842,33.3033,1494.968,25.29477,2.675347E-03,.124686,
,36.5,11.85678,33.3026,1494.901,25.29826,2.672154E-03,.1260324,
,37,11.83834,33.30083,1494.844,25.30034,2.670302E-03,.1273775,
,37.5,11.82666,33.30093,1494.812,25.3026,2.668226E-03,.1287213,
,38,11.81075,33.3005,1494.765,25.30524,2.665811E-03,.130064,
,38.5,11.79215,33.29973,1494.708,25.30814,2.66318E-03,.1314059,
,39,11.73181,33.30289,1494.512,25.32172,2.650338E-03,.1327419,
,39.5,11.65317,33.30724,1494.254,25.33962,2.633346E-03,.1340722,
,40,11.5527,33.31301,1493.921,25.36266,2.611456E-03,.1353935,
,40.5,11.4501,33.31929,1493.581,25.38626,2.589207E-03,.1367004,
,41,11.36799,33.32389,1493.309,25.40476,2.571691E-03,.1380011,
,41.5,11.31221,33.3263,1493.126,25.4167,2.56026E-03,.1392937,
,42,11.27718,33.32901,1493.015,25.42516,2.552314E-03,.1405805,
,42.5,11.24228,33.33212,1492.905,25.4339,2.544104E-03,.1418638,
,43,11.19498,33.33597,1492.753,25.4454,2.533152E-03,.1431426,
,43.5,11.15093,33.34243,1492.615,25.45836,2.520982E-03,.1444141,
,44,11.12248,33.34889,1492.531,25.46853,2.511425E-03,.1456811,
,44.5,11.10894,33.3548,1492.499,25.47558,2.50481E-03,.1469444,
,45,11.10592,33.35927,1492.502,25.47956,2.501172E-03,.1482047,
,45.5,11.10434,33.3628,1492.509,25.4826,2.498371E-03,.1494633,
,46,11.10357,33.36598,1492.519,25.48522,2.495972E-03,.1507208,
,46.5,11.10358,33.36915,1492.531,25.48768,2.493813E-03,.1519771,
,47,11.10496,33.37162,1492.547,25.48935,2.492215E-03,.1532324,
,47.5,11.10633,33.37331,1492.562,25.49039,2.49137E-03,.154487,
,48,11.10634,33.37468,1492.572,25.49144,2.490479E-03,.1557412,
,48.5,11.1052,33.37575,1492.578,25.49249,2.489575E-03,.1569951,
,49,11.10361,33.37652,1492.581,25.49344,2.488821E-03,.1582485,
,49.5,11.099,33.37777,1492.575,25.49524,2.487191E-03,.1595011,
,50,11.09324,33.37966,1492.565,25.49774,2.484892E-03,.1607529,
,50.5,11.08693,33.38249,1492.555,25.50105,2.481814E-03,.1620034,
,51,11.07977,33.38568,1492.542,25.50481,2.478392E-03,.1632517,
,51.5,11.07245,33.38896,1492.528,25.50866,2.474903E-03,.1644994,
,52,11.06307,33.39351,1492.509,25.51386,2.470012E-03,.1657434,
,52.5,11.05304,33.39817,1492.488,25.51927,2.464932E-03,.1669869,
,53,11.03281,33.4031,1492.431,25.52671,2.457984E-03,.1682252,
,53.5,11.00654,33.40969,1492.355,25.53653,2.448748E-03,.1694606,
,54,10.96939,33.41931,1492.244,25.55064,2.435394E-03,.1706904,
,54.5,10.9162,33.42802,1492.076,25.56686,2.420051E-03,.1719119,
,55,10.85944,33.43627,1491.894,25.58331,2.40448E-03,.1731286,
,55.5,10.83547,33.44392,1491.827,25.59348,2.394869E-03,.1743359,
,56,10.81517,33.44975,1491.771,25.60159,2.387228E-03,.1755403,
,56.5,10.79882,33.45362,1491.726,25.60747,2.381704E-03,.1767415,
,57,10.78458,33.45644,1491.687,25.61224,2.377277E-03,.177939,
,57.5,10.77102,33.45909,1491.651,25.61676,2.373094E-03,.1791359,
,58,10.76918,33.46144,1491.656,25.61887,2.371139E-03,.18033,
,58.5,10.76729,33.46333,1491.66,25.62064,2.369529E-03,.1815239,
,59,10.76529,33.46375,1491.661,25.62133,2.369012E-03,.1827169,
,59.5,10.7622,33.46421,1491.659,25.62224,2.36827E-03,.1839096,
,60,10.75849,33.46468,1491.655,25.62329,2.367397E-03,.185102,
,60.5,10.75334,33.46539,1491.646,25.62475,2.36612E-03,.1862936,
,61,10.748,33.46612,1491.636,25.62626,2.364792E-03,.187485,
,61.5,10.73773,33.46697,1491.609,25.62869,2.362601E-03,.1886749,
,62,10.72616,33.46809,1491.578,25.63156,2.359987E-03,.1898642,
,62.5,10.70752,33.471,1491.524,25.63711,2.354771E-03,.1910509,
,63,10.66887,33.47448,1491.399,25.64657,2.345852E-03,.1922341,
,63.5,10.61609,33.4783,1491.225,25.65876,2.334332E-03,.1934135,
,64,10.59007,33.48114,1491.144,25.66555,2.327873E-03,.1945872,
,64.5,10.57652,33.48201,1491.105,25.66855,2.325134E-03,.1957588,
,65,10.56507,33.48257,1491.074,25.67097,2.322959E-03,.1969291,
,65.5,10.5515,33.48353,1491.035,25.6741,2.320044E-03,.1980982,
,66,10.5308,33.48585,1490.973,25.67951,2.314978E-03,.1992649,
,66.5,10.51069,33.48862,1490.913,25.68516,2.309705E-03,.2004295,
,67,10.49556,33.49153,1490.871,25.69006,2.305215E-03,.2015919,
,67.5,10.48346,33.4937,1490.838,25.69378,2.301673E-03,.2027516,
,68,10.47694,33.49565,1490.826,25.69644,2.299235E-03,.20391,
,68.5,10.47324,33.49752,1490.823,25.69857,2.297334E-03,.2050676,
,69,10.46405,33.49994,1490.802,25.70202,2.294121E-03,.2062233,
,69.5,10.45621,33.50196,1490.785,25.70497,2.291417E-03,.207378,
,70,10.45014,33.50349,1490.773,25.70725,2.289385E-03,.2085316,
,70.5,10.44473,33.50428,1490.763,25.70876,2.288022E-03,.2096841,
,71,10.4401,33.50502,1490.756,25.71012,2.286814E-03,.210836,
,71.5,10.43697,33.5059,1490.754,25.71137,2.285745E-03,.2119874,
,72,10.43359,33.50689,1490.751,25.71273,2.284541E-03,.2131381,
,72.5,10.43002,33.50795,1490.748,25.71417,2.283233E-03,.2142884,
,73,10.42717,33.50917,1490.748,25.71556,2.282039E-03,.2154378,
,73.5,10.42355,33.51012,1490.744,25.71688,2.28089E-03,.2165868,
,74,10.41762,33.5103,1490.732,25.71808,2.279809E-03,.2177351,
,74.5,10.40848,33.50998,1490.707,25.71944,2.278615E-03,.2188829,
,75,10.39666,33.50925,1490.672,25.72092,2.277329E-03,.2200302,
,75.5,10.38884,33.50808,1490.651,25.72139,2.276963E-03,.221177,
,76,10.38234,33.50681,1490.635,25.72153,2.276891E-03,.2223237,
,76.5,10.37691,33.50553,1490.622,25.72145,2.277043E-03,.2234704,
,77,10.37539,33.50531,1490.625,25.72151,2.277122E-03,.2246171,
,77.5,10.37306,33.50546,1490.625,25.722,2.276767E-03,.2257638,
,78,10.36819,33.50596,1490.616,25.72322,2.275683E-03,.2269101,
,78.5,10.36333,33.50695,1490.609,25.72486,2.274266E-03,.2280557,
,79,10.35963,33.50795,1490.605,25.72629,2.273028E-03,.2292008,
,79.5,10.35685,33.50872,1490.604,25.72736,2.272086E-03,.2303453,
,80,10.35333,33.50897,1490.6,25.7282,2.271362E-03,.2314894,
,80.5,10.35244,33.50943,1490.606,25.72867,2.271022E-03,.2326332,
,81,10.35201,33.50989,1490.613,25.72907,2.270777E-03,.2337769,
,81.5,10.34908,33.50995,1490.611,25.72964,2.270363E-03,.2349203,
,82,10.34594,33.51025,1490.609,25.73044,2.269699E-03,.2360635,
,82.5,10.34246,33.51092,1490.605,25.73159,2.268658E-03,.2372063,
,83,10.33594,33.51146,1490.591,25.7331,2.26734E-03,.2383484,
,83.5,10.32846,33.51195,1490.573,25.73471,2.265941E-03,.2394902,
,84,10.3245,33.51252,1490.568,25.73583,2.264931E-03,.240631,
,84.5,10.32161,33.51365,1490.567,25.73722,2.263705E-03,.2417713,
,85,10.32001,33.51546,1490.572,25.73893,2.262216E-03,.2429111,
,85.5,10.31272,33.51899,1490.558,25.74293,2.258437E-03,.2440491,
,86,10.30619,33.52331,1490.549,25.74743,2.254247E-03,.2451855,
,86.5,10.30273,33.52819,1490.551,25.75185,2.250257E-03,.2463201,
,87,10.29869,33.53215,1490.549,25.75557,2.24681E-03,.2474522,
,87.5,10.29295,33.53577,1490.541,25.75931,2.243316E-03,.2485831,
,88,10.28303,33.53884,1490.518,25.76341,2.239484E-03,.2497119,
,88.5,10.27207,33.54151,1490.49,25.7674,2.235717E-03,.2508385,
,89,10.26077,33.54401,1490.461,25.7713,2.232009E-03,.2519642,
,89.5,10.2513,33.54638,1490.438,25.77482,2.228878E-03,.2530871,
,90,10.24282,33.5482,1490.418,25.7777,2.226277E-03,.2542091,
,90.5,10.23536,33.54946,1490.402,25.77993,2.224226E-03,.2553301,
,91,10.23221,33.55057,1490.4,25.78134,2.22304E-03,.2564499,
,91.5,10.22882,33.55129,1490.397,25.78245,2.222054E-03,.2575693,
,92,10.22616,33.55178,1490.396,25.78323,2.221328E-03,.2586882,
,92.5,10.22634,33.55251,1490.406,25.78376,2.22093E-03,.2598069,
,93,10.22602,33.55297,1490.414,25.78422,2.220658E-03,.2609254,
,93.5,10.22572,33.55365,1490.422,25.78481,2.220178E-03,.2620437,
,94,10.22521,33.55426,1490.429,25.78537,2.219727E-03,.2631618,
,94.5,10.22404,33.55451,1490.433,25.78574,2.219507E-03,.2642797,
,95,10.22363,33.55466,1490.44,25.78593,2.219409E-03,.2653975,
,95.5,10.22376,33.55472,1490.449,25.78601,2.219399E-03,.2665153,
,96,10.22179,33.55459,1490.45,25.78625,2.219312E-03,.2676331,
,96.5,10.21987,33.55473,1490.452,25.7867,2.218993E-03,.2687508,
,97,10.218,33.55517,1490.454,25.78737,2.218423E-03,.2698683,
,97.5,10.21429,33.55591,1490.45,25.78856,2.217445E-03,.2709853,
,98,10.21029,33.55681,1490.445,25.78994,2.216242E-03,.2721018,
,98.5,10.20627,33.55777,1490.44,25.79138,2.214943E-03,.2732178,
,99,10.20363,33.55844,1490.44,25.79235,2.214099E-03,.2743331,
,99.5,10.20147,33.55927,1490.441,25.79338,2.21319E-03,.275448,
,100,10.19895,33.56008,1490.441,25.79444,2.212256E-03,.2765625,
,100.5,10.19463,33.56066,1490.435,25.79556,2.211313E-03,.2776765,
,101,10.19116,33.56149,1490.432,25.79679,2.210246E-03,.27879,
,101.5,10.18841,33.56253,1490.431,25.7981,2.209091E-03,.279903,
,102,10.18436,33.56312,1490.426,25.7992,2.208244E-03,.2810155,
,102.5,10.18353,33.56367,1490.432,25.79976,2.207706E-03,.2821275,
,103,10.18194,33.564,1490.435,25.80034,2.207258E-03,.2832393,
,103.5,10.1803,33.56448,1490.438,25.80106,2.206702E-03,.284351,
,104,10.1795,33.56577,1490.445,25.8022,2.205698E-03,.2854622,
,104.5,10.17448,33.56726,1490.437,25.8042,2.203862E-03,.2865725,
,105,10.16761,33.56896,1490.423,25.8067,2.201594E-03,.287682,
,105.5,10.15896,33.57091,1490.402,25.80973,2.198868E-03,.2887905,
,106,10.14694,33.57301,1490.37,25.81334,2.195441E-03,.2898969,
,106.5,10.13101,33.57545,1490.324,25.81791,2.191195E-03,.2910014,
,107,10.11445,33.57811,1490.276,25.82279,2.186675E-03,.2921041,
,107.5,10.10207,33.58084,1490.243,25.82702,2.182645E-03,.2932045,
,108,10.09497,33.5831,1490.229,25.83002,2.179909E-03,.2943031,
,108.5,10.08998,33.58508,1490.222,25.83243,2.177744E-03,.2954008,
,109,10.08674,33.58657,1490.22,25.83415,2.176182E-03,.2964973,
,109.5,10.08454,33.58726,1490.221,25.83505,2.175388E-03,.2975932,
,110,10.08303,33.58774,1490.225,25.83568,2.174881E-03,.2986888,
,110.5,10.08263,33.58815,1490.232,25.83607,2.174649E-03,.2997842,
,111,10.08107,33.58837,1490.235,25.83648,2.174346E-03,.3008794,
,111.5,10.07939,33.58874,1490.238,25.83704,2.173904E-03,.3019745,
,112,10.07861,33.58967,1490.244,25.83794,2.173173E-03,.3030693,
,112.5,10.07658,33.59024,1490.246,25.83871,2.172556E-03,.3041638,
,113,10.07333,33.59046,1490.243,25.83936,2.172051E-03,.305258,
,113.5,10.07269,33.59079,1490.249,25.83973,2.171818E-03,.306352,
,114,10.07357,33.59118,1490.261,25.83994,2.171742E-03,.307446,
,114.5,10.07295,33.59134,1490.267,25.84015,2.171609E-03,.3085398,
,115,10.07206,33.59144,1490.273,25.84035,2.171475E-03,.3096336,
,115.5,10.07057,33.59138,1490.276,25.84057,2.171397E-03,.3107274,
,116,10.07061,33.59109,1490.284,25.84032,2.171735E-03,.3118213,
,116.5,10.07289,33.59044,1490.299,25.83938,2.172685E-03,.3129154,
,117,10.07443,33.58956,1490.312,25.83846,2.173673E-03,.3140102,
,117.5,10.07584,33.58865,1490.324,25.83753,2.174667E-03,.3151051,
,118,10.07576,33.58811,1490.332,25.83713,2.175146E-03,.3162008,
,118.5,10.07567,33.58758,1490.339,25.83673,2.17562E-03,.3172965,
,119,10.07651,33.58733,1490.35,25.8364,2.17604E-03,.3183925,
,119.5,10.07753,33.58714,1490.362,25.83609,2.176451E-03,.3194886,
,120,10.07728,33.58715,1490.369,25.83613,2.17648E-03,.320585,
,120.5,10.07665,33.58734,1490.375,25.83639,.0021763,.3216812,
,121,10.07552,33.58784,1490.38,25.83702,2.175764E-03,.3227773,
,121.5,10.075,33.58815,1490.387,25.83737,2.175588E-03,.3238733,
,122,10.07465,33.58841,1490.394,25.83764,2.175514E-03,.3249691,
,122.5,10.07459,33.58868,1490.403,25.83784,2.175384E-03,.3260649,
,123,10.07441,33.58893,1490.411,25.83803,2.175256E-03,.3271607,
,123.5,10.07256,33.58878,1490.412,25.83823,2.175181E-03,.3282564,
,124,10.0712,33.58873,1490.416,25.83842,2.175105E-03,.3293521,
,124.5,10.07115,33.58896,1490.424,25.83857,2.17502E-03,.3304477,
,125,10.06983,33.58921,1490.428,25.83903,2.17473E-03,.3315433,
,125.5,10.0681,33.58961,1490.43,25.83968,2.174239E-03,.3326386,
,126,10.06654,33.59019,1490.434,25.84042,2.173605E-03,.3337337,
,126.5,10.06603,33.59074,1490.441,25.8409,2.173285E-03,.3348285,
,127,10.06539,33.59156,1490.448,25.84162,2.172714E-03,.3359231,
,127.5,10.06446,33.5928,1490.454,25.84273,2.171725E-03,.3370174,
,128,10.06103,33.5944,1490.452,25.84453,2.170077E-03,.3381107,
,128.5,10.05671,33.59652,1490.448,25.84692,2.167873E-03,.3392034,
,129,10.05114,33.59994,1490.44,25.85059,2.164454E-03,.3402945,
,129.5,10.04117,33.60279,1490.416,25.8545,2.160854E-03,.3413837,
,130,10.02961,33.60536,1490.385,25.85842,2.157264E-03,.3424718,
,130.5,10.02729,33.60777,1490.388,25.86068,2.15518E-03,.3435577,
,131,10.02498,33.60937,1490.39,25.86232,2.153722E-03,.3446431,
,131.5,10.02265,33.61014,1490.391,25.86333,2.152897E-03,.3457279,
,132,10.01856,33.61135,1490.386,25.86497,2.151407E-03,.3468118,
,132.5,10.01338,33.61266,1490.377,25.86685,2.149677E-03,.3478953,
,133,10.00401,33.61423,1490.354,25.86962,2.147112E-03,.3489774,
,133.5,9.995435,33.61612,1490.333,25.87253,2.144416E-03,.3500583,
,134,9.987458,33.61827,1490.316,25.87557,2.141595E-03,.3511382,
,134.5,9.978367,33.62158,1490.295,25.87967,2.13776E-03,.3522155,
,135,9.968843,33.62496,1490.273,25.88391,2.133822E-03,.3532915,
,135.5,9.958627,33.62844,1490.249,25.88837,2.129718E-03,.3543654,
,136,9.953084,33.63098,1490.24,25.8913,2.127022E-03,.3554376,
,136.5,9.949676,33.6331,1490.239,25.89352,2.12497E-03,.3565089,
,137,9.951001,33.63343,1490.253,25.89355,2.12506E-03,.3575794,
,137.5,9.951741,33.63374,1490.264,25.89367,2.12507E-03,.3586499,
,138,9.950388,33.63407,1490.268,25.89417,2.124723E-03,.3597203,
,138.5,9.948086,33.63487,1490.269,25.89516,2.123873E-03,.3607904,
,139,9.944917,33.6361,1490.267,25.89661,2.122565E-03,.3618602,
,139.5,9.942846,33.63733,1490.269,25.89794,2.121367E-03,.362929,
,140,9.940961,33.63839,1490.272,25.8991,2.120359E-03,.3639975,
,140.5,9.939237,33.6391,1490.275,25.89996,2.119694E-03,.3650655,
,141,9.937856,33.63969,1490.279,25.90065,2.119117E-03,.3661332,
,141.5,9.936676,33.64026,1490.284,25.9013,.0021186,.3672006,
,142,9.935681,33.64081,1490.289,25.90194,2.118141E-03,.3682678,
,142.5,9.934392,33.64131,1490.293,25.90257,2.117607E-03,.3693347,
,143,9.933078,33.6417,1490.297,25.9031,2.117169E-03,.3704014,
,143.5,9.931757,33.64192,1490.301,25.90347,2.116881E-03,.3714679,
,144,9.930404,33.64201,1490.305,25.90375,2.116739E-03,.3725343,
,144.5,9.929347,33.6421,1490.309,25.904,2.116627E-03,.3736007,
,145,9.929081,33.64234,1490.317,25.90426,2.116455E-03,.3746669,
,145.5,9.927327,33.64296,1490.32,25.90502,2.115807E-03,.3757329,
,146,9.925399,33.6438,1490.322,25.90597,2.114996E-03,.3767986,
,146.5,9.923602,33.64488,1490.325,25.90709,2.114068E-03,.3778639,
,147,9.920848,33.64642,1490.325,25.90875,2.112624E-03,.3789284,
,147.5,9.917252,33.64826,1490.323,25.9108,2.110795E-03,.3799924,
,148,9.910856,33.65097,1490.311,25.91393,2.107805E-03,.3810549,
,148.5,9.901521,33.65495,1490.291,25.91861,2.103444E-03,.3821154,
,149,9.890107,33.65977,1490.264,25.92433,2.098157E-03,.3831744,
,149.5,9.873652,33.66519,1490.219,25.93128,2.091629E-03,.3842291,
,150,9.861472,33.67033,1490.19,25.93732,2.085974E-03,.3852815,
,150.5,9.852897,33.67509,1490.173,25.94246,2.081165E-03,.3863316,
,151,9.846983,33.67818,1490.163,25.94588,2.077983E-03,.3873791,
,151.5,9.840916,33.68151,1490.154,25.94952,2.074598E-03,.3884249,
,152,9.834562,33.685,1490.143,25.95333,2.071056E-03,.3894697,
,152.5,9.823545,33.68881,1490.117,25.95813,2.066559E-03,.3905114,
,153,9.812359,33.69343,1490.09,25.96356,2.061469E-03,.3915514,
,153.5,9.800527,33.69919,1490.063,25.96999,2.05546E-03,.3925888,
,154,9.784533,33.70699,1490.022,25.97881,2.047234E-03,.3936217,
,154.5,9.76637,33.71631,1489.976,25.98912,.0020375,.3946504,
,155,9.751517,33.7262,1489.943,25.9993,2.027864E-03,.3956751,
,155.5,9.749972,33.7353,1489.957,26.00665,2.020959E-03,.3966951,
,156,9.74985,33.74095,1489.971,26.01112,2.016839E-03,.3977119,
,156.5,9.74991,33.74559,1489.986,26.01476,2.013503E-03,.3987276,
,157,9.74934,33.74949,1489.996,26.01783,2.010669E-03,.3997413,
,157.5,9.745062,33.75237,1489.993,26.02078,2.008024E-03,.4007536,
,158,9.74346,33.75461,1489.998,26.02282,2.006206E-03,.4017648,
,158.5,9.744639,33.75636,1490.013,26.02403,2.005134E-03,.4027754,
,159,9.744012,33.75589,1490.018,26.02369,2.005515E-03,.4037858,
,159.5,9.745662,33.75567,1490.032,26.02325,2.006005E-03,.4047963,
,160,9.748278,33.7557,1490.05,26.0229,2.006419E-03,.4058071,
,160.5,9.748051,33.75606,1490.058,26.02328,2.00614E-03,.4068179,
,161,9.746465,33.75753,1490.062,26.02464,2.004913E-03,.4078282,
,161.5,9.745455,33.75985,1490.07,26.02659,2.003192E-03,.4088379,
,162,9.745492,33.76321,1490.082,26.02919,2.000928E-03,.4098467,
,162.5,9.742512,33.76758,1490.085,26.03312,1.997303E-03,.4108535,
,163,9.738655,33.77246,1490.085,26.03758,1.993147E-03,.4118589,
,163.5,9.734373,33.77794,1490.085,26.04252,1.988534E-03,.4128623,
,164,9.728953,33.78196,1490.078,26.04654,1.984792E-03,.413863,
,164.5,9.723393,33.78539,1490.071,26.05014,1.981442E-03,.4148621,
,165,9.717645,33.78845,1490.062,26.05351,1.978312E-03,.41586,
,165.5,9.707889,33.79277,1490.04,26.05852,1.973632E-03,.416855,
,166,9.69827,33.79777,1490.019,26.06404,1.968472E-03,.4178482,
,166.5,9.690749,33.80323,1490.007,26.06955,1.963325E-03,.4188389,
,167,9.690027,33.80786,1490.019,26.07324,1.959906E-03,.4198274,
,167.5,9.68982,33.811,1490.03,26.07578,1.957635E-03,.4208141,
,168,9.685225,33.81346,1490.025,26.07846,1.955205E-03,.4217998,
,168.5,9.674829,33.81522,1489.997,26.0815,1.952398E-03,.4227845,
,169,9.670943,33.81733,1489.994,26.08378,1.950303E-03,.4237675,
,169.5,9.665478,33.82037,1489.986,26.08709,1.947282E-03,.4247493,
,170,9.657213,33.82435,1489.969,26.09161,1.943126E-03,.4257298,
,170.5,9.636082,33.83051,1489.908,26.09991,1.935165E-03,.4267063,
,171,9.6173,33.83664,1489.856,26.10779,1.927714E-03,.4276792,
,171.5,9.599863,33.84282,1489.808,26.11548,1.920493E-03,.4286489,
,172,9.583015,33.84918,1489.763,26.12318,1.91326E-03,.4296149,
,172.5,9.546707,33.85806,1489.65,26.13608,1.900977E-03,.4305745,
,173,9.505438,33.86766,1489.519,26.15037,1.887378E-03,.43153,
,173.5,9.464365,33.87755,1489.39,26.16483,1.87374E-03,.4324778,
,174,9.449294,33.88501,1489.353,26.1731,1.865969E-03,.4334196,
,174.5,9.439478,33.88993,1489.331,26.17855,1.860844E-03,.4343588,
,175,9.429748,33.89191,1489.306,26.18171,1.857832E-03,.4352959,
,175.5,9.424172,33.89457,1489.297,26.18469,1.855155E-03,.4362311,
,176,9.419316,33.89682,1489.291,26.18728,1.852813E-03,.4371653,
,176.5,9.414933,33.89866,1489.285,26.18949,1.850782E-03,.4380986,
,177,9.412559,33.90026,1489.287,26.19111,1.849312E-03,.4390306,
,177.5,9.410817,33.90181,1489.291,26.19256,1.848015E-03,.4399621,
,178,9.409233,33.9033,1489.295,26.19393,1.846792E-03,.440893,
,178.5,9.406149,33.90472,1489.294,26.1956,1.845299E-03,.4418233,
,179,9.403813,33.90633,1489.295,26.1972,1.843927E-03,.4427526,
,179.5,9.400646,33.90781,1489.294,26.1989,1.842432E-03,.4436813,
,180,9.397171,33.90919,1489.291,26.20061,1.840885E-03,.4446094,
,180.5,9.397127,33.91082,1489.301,26.20184,1.839806E-03,.4455367,
,181,9.396402,33.91184,1489.308,26.20272,1.839047E-03,.4464635,
,181.5,9.396126,33.91265,1489.317,26.20341,1.838461E-03,.44739,
,182,9.396421,33.91335,1489.327,26.20398,1.837991E-03,.4483163,
,182.5,9.396381,33.91367,1489.335,26.20418,1.837982E-03,.4492425,
,183,9.396503,33.91397,1489.344,26.20439,1.837816E-03,.4501686,
,183.5,9.396369,33.91421,1489.353,26.20458,1.837682E-03,.4510946,
,184,9.395961,33.91463,1489.36,26.20497,1.837403E-03,.4520205,
,184.5,9.395252,33.91577,1489.367,26.20605,1.836532E-03,.4529462,
,185,9.392366,33.91696,1489.366,26.20745,1.835287E-03,.4538712,
,185.5,9.38998,33.91793,1489.367,26.20856,1.834312E-03,.4547958,
,186,9.38964,33.91835,1489.374,26.20889,1.834102E-03,.45572,
,186.5,9.390661,33.91776,1489.386,26.20828,1.834838E-03,.4566445,
,187,9.390134,33.91751,1489.392,26.20819,1.835012E-03,.4575691,
,187.5,9.388214,33.91781,1489.393,26.20875,1.834557E-03,.4584936,
,188,9.383178,33.91958,1489.385,26.21096,1.832554E-03,.4594176,
,188.5,9.376598,33.92148,1489.372,26.21355,1.830185E-03,.4603404,
,189,9.373301,33.923,1489.37,26.21519,1.828713E-03,.4612622,
,189.5,9.371164,33.92408,1489.372,26.21634,1.827698E-03,.4621834,
,190,9.36943,33.92502,1489.375,26.21737,.0018268,.4631042,
,190.5,9.367228,33.92652,1489.377,26.21889,1.82545E-03,.4640245,
,191,9.364066,33.92794,1489.375,26.22064,1.823882E-03,.4649439,
,191.5,9.361686,33.92934,1489.377,26.22211,1.82258E-03,.4658626,
,192,9.360197,33.93041,1489.381,26.22316,1.821676E-03,.4667808,
,192.5,9.359248,33.93143,1489.387,26.22411,1.820863E-03,.4676985,
,193,9.35775,33.93244,1489.391,26.22514,1.819956E-03,.4686159,
,193.5,9.354006,33.9333,1489.387,26.22639,1.818849E-03,.4695328,
,194,9.35254,33.93448,1489.391,26.22756,1.817827E-03,.470449,
,194.5,9.350455,33.93537,1489.393,26.22861,1.81692E-03,.4713648,
,195,9.347945,33.93599,1489.393,26.22951,1.816166E-03,.4722802,
,195.5,9.346147,33.93649,1489.395,26.23017,1.815629E-03,.4731953,
,196,9.344794,33.9369,1489.399,26.23071,1.815205E-03,.4741101,
,196.5,9.341807,33.93769,1489.397,26.23183,1.814221E-03,.4750246,
,197,9.339114,33.93832,1489.397,26.23278,1.813402E-03,.4759386,
,197.5,9.337718,33.93898,1489.401,26.23346,1.812848E-03,.4768522,
,198,9.336148,33.93944,1489.404,26.23403,1.812425E-03,.4777657,
,198.5,9.333196,33.93968,1489.401,26.23476,1.81189E-03,.4786789,
,199,9.330877,33.94069,1489.403,26.23593,1.810772E-03,.4795917,
,199.5,9.326163,33.94228,1489.396,26.23794,1.808943E-03,.4805036,
,200,9.31988,33.94422,1489.383,26.24045,1.806587E-03,.4814146,
,200.5,9.315558,33.94633,1489.378,26.24282,1.804397E-03,.4823244,
,201,9.311676,33.9481,1489.375,26.24486,1.802584E-03,.4832332,
,201.5,9.307289,33.94944,1489.368,26.24661,1.80107E-03,.4841414,
,202,9.305542,33.95079,1489.372,26.24791,1.799915E-03,.4850486,
,202.5,9.304054,33.95219,1489.376,26.24923,1.79869E-03,.4859554,
,203,9.300187,33.95333,1489.372,26.25076,1.797361E-03,.4868614,
,203.5,9.296666,33.95446,1489.369,26.25222,1.796065E-03,.4877669,
,204,9.294672,33.95546,1489.371,26.25335,1.795057E-03,.4886717,
,204.5,9.292196,33.9559,1489.371,26.25414,1.794483E-03,.4895762,
,205,9.291531,33.95648,1489.377,26.25463,.0017941,.4904805,
,205.5,9.291269,33.95616,1489.384,26.25441,1.794303E-03,.4913847,
,206,9.291361,33.95642,1489.393,26.25459,1.794219E-03,.4922889,
,206.5,9.288655,33.95698,1489.392,26.25544,1.793577E-03,.4931929,
,207,9.285577,33.95797,1489.39,26.25677,1.79246E-03,.4940964,
,207.5,9.283833,33.95863,1489.393,26.25757,1.791742E-03,.4949996,
,208,9.283956,33.95895,1489.402,26.25781,1.79156E-03,.4959025,
,208.5,9.283485,33.95903,1489.409,26.25799,1.791492E-03,.4968053,
,209,9.282699,33.95914,1489.415,26.25816,1.79142E-03,.4977081,
,209.5,9.284245,33.95987,1489.429,26.25844,1.791231E-03,.4986109,
,210,9.282043,33.96006,1489.43,26.25897,1.790816E-03,.4995135,
,210.5,9.281326,33.96051,1489.436,26.25944,1.790473E-03,.5004159,
,211,9.280838,33.96025,1489.442,26.25932,1.790701E-03,.5013183,
,211.5,9.28019,33.96104,1489.449,26.26007,1.790089E-03,.5022206,
,212,9.274821,33.9624,1489.439,26.26202,1.788257E-03,.5031222,
,212.5,9.271322,33.96382,1489.437,26.26372,1.786712E-03,.504023,
,213,9.270291,33.96473,1489.442,26.26458,.001786,.5049233,
,213.5,9.2693,33.96498,1489.447,26.2649,1.785794E-03,.5058233,
,214,9.268993,33.96518,1489.455,26.26512,1.785732E-03,.5067233,
,214.5,9.269722,33.96553,1489.466,26.26532,1.78567E-03,.5076232,
,215,9.269641,33.9656,1489.474,26.26538,1.785814E-03,.5085231,
,215.5,9.270447,33.96553,1489.485,26.26515,1.786082E-03,.5094232,
,216,9.269463,33.96583,1489.49,26.26549,1.785791E-03,.5103232,
,216.5,9.263947,33.96692,1489.48,26.26722,1.784267E-03,.5112228,
,217,9.258778,33.96867,1489.471,26.2695,1.782129E-03,.5121215,
,217.5,9.250757,33.97167,1489.454,26.27314,1.778755E-03,.5130188,
,218,9.235174,33.97769,1489.412,26.28035,1.771945E-03,.5139135,
,218.5,9.214719,33.98298,1489.352,26.28773,1.765019E-03,.5148047,
,219,9.209604,33.98602,1489.345,26.29097,1.761982E-03,.5156936,
,219.5,9.208691,33.98456,1489.348,26.28993,1.763074E-03,.5165819,
,220,9.20059,33.98584,1489.328,26.29235,1.760883E-03,.5174699,
,220.5,9.190811,33.98975,1489.306,26.29688,1.75658E-03,.5183561,
,221,9.18539,33.99218,1489.297,26.29967,1.753982E-03,.5192407,
,221.5,9.183193,33.99451,1489.3,26.30183,1.752054E-03,.5201242,
,222,9.174685,33.99784,1489.281,26.30583,1.748316E-03,.5210064,
,222.5,9.167768,34.00254,1489.27,26.31063,1.743856E-03,.5218865,
,223,9.157547,34.00603,1489.245,26.31499,1.739834E-03,.5227643,
,223.5,9.148787,34.00984,1489.226,26.31934,1.735806E-03,.52364,
,224,9.138451,34.01274,1489.199,26.32331,1.732069E-03,.5245138,
,224.5,9.130563,34.01495,1489.181,26.32629,1.72929E-03,.5253861,
,225,9.126123,34.01662,1489.175,26.32829,1.727453E-03,.5262572,
,225.5,9.120949,34.01807,1489.167,26.3303,1.725559E-03,.5271274,
,226,9.111941,34.02045,1489.145,26.33351,1.722605E-03,.5279964,
,226.5,9.098002,34.02446,1489.106,26.33897,1.717429E-03,.5288633,
,227,9.082053,34.02851,1489.061,26.3447,1.712103E-03,.5297275,
,227.5,9.0682,34.03302,1489.024,26.35036,1.706745E-03,.530589,
,228,9.053301,34.03814,1488.983,26.3568,1.700734E-03,.5314475,
,228.5,9.04115,34.04231,1488.952,26.36203,1.695776E-03,.5323034,
,229,9.03004,34.04631,1488.924,26.36689,1.691198E-03,.5331571,
,229.5,9.018754,34.05005,1488.896,26.3716,1.686807E-03,.5340083,
,230,9.015079,34.05214,1488.893,26.37378,1.684811E-03,.5348579,
,230.5,9.01466,34.05173,1488.899,26.37352,1.685173E-03,.5357072,
,231,9.017749,34.05072,1488.918,26.37231,1.686455E-03,.5365567,
,231.5,9.017353,34.05028,1488.924,26.37201,1.68685E-03,.5374069,
,232,9.015907,34.05134,1488.928,26.37305,1.685894E-03,.5382568,
,232.5,9.016748,34.05176,1488.94,26.37329,1.685735E-03,.5391065,
,233,9.016831,34.05198,1488.949,26.3735,1.685629E-03,.5399561,
,233.5,9.01525,34.05331,1488.953,26.37465,1.68466E-03,.5408055,
