,0,20.34777,33.46848,1520.721,23.50385,4.374065E-03,0,
,.5,20.34777,33.46848,1520.721,23.50385,4.374065E-03,0,
,1,20.34539,33.46962,1520.724,23.50536,4.372729E-03,4.402589E-03,
,1.5,20.34396,33.47036,1520.729,23.50633,4.371979E-03,6.603248E-03,
,2,20.34365,33.46902,1520.735,23.50538,4.373028E-03,8.803925E-03,
,2.5,20.32154,33.46213,1520.675,23.50594,4.37266E-03,1.100511E-02,
,3,20.2131,33.4582,1520.38,23.53153,4.34842E-03,1.320089E-02,
,3.5,20.07184,33.45523,1519.993,23.5663,4.315426E-03,1.538129E-02,
,4,19.92419,33.44375,1519.578,23.59607,4.287133E-03,1.754639E-02,
,4.5,19.66514,33.44075,1518.858,23.66097,4.225361E-03,1.968712E-02,
,5,19.40731,33.43618,1518.136,23.72384,4.165535E-03,2.179984E-02,
,5.5,19.25371,33.41862,1517.689,23.74973,4.140936E-03,2.388977E-02,
,6,19.11754,33.40778,1517.298,23.77602,4.116056E-03,2.596676E-02,
,6.5,18.9676,33.40123,1516.871,23.80898,4.084685E-03,2.803263E-02,
,7,18.73166,33.39824,1516.199,23.86586,4.030579E-03,3.007051E-02,
,7.5,18.44454,33.38325,1515.361,23.92597,3.973395E-03,3.208937E-02,
,8,18.08036,33.38658,1514.311,24.01799,3.88576E-03,3.406107E-02,
,8.5,17.66654,33.38461,1513.096,24.11661,3.791813E-03,.0359873,
,9,17.28066,33.3791,1511.953,24.20508,3.707566E-03,3.788394E-02,
,9.5,17.06587,33.36731,1511.304,24.24683,3.667962E-03,3.973958E-02,
,10,16.80921,33.34803,1510.516,24.29219,3.624812E-03,4.157593E-02,
,10.5,16.51333,33.34846,1509.624,24.36104,3.559351E-03,4.338038E-02,
,11,16.22417,33.35265,1508.752,24.43059,3.493114E-03,4.515571E-02,
,11.5,16.03711,33.36177,1508.195,24.48025,3.445942E-03,4.690422E-02,
,12,15.90828,33.35766,1507.8,24.50608,3.421514E-03,4.863328E-02,
,12.5,15.61071,33.35607,1506.88,24.57142,3.359356E-03,5.034297E-02,
,13,15.23516,33.36458,1505.718,24.66071,3.274407E-03,5.200875E-02,
,13.5,15.02473,33.37522,1505.074,24.71491,3.222799E-03,5.364661E-02,
,14,14.94503,33.37377,1504.828,24.73106,3.207637E-03,5.526558E-02,
,14.5,14.84707,33.38183,1504.534,24.75842,3.181568E-03,5.687388E-02,
,15,14.69117,33.37828,1504.04,24.78919,3.152377E-03,5.846778E-02,
,15.5,14.47506,33.34639,1503.317,24.81041,3.132282E-03,6.004972E-02,
,16,14.05805,33.32644,1501.953,24.88252,3.063652E-03,6.160818E-02,
,16.5,13.7267,33.31539,1500.866,24.94247,3.006659E-03,6.313531E-02,
,17,13.55826,33.30629,1500.311,24.96966,2.980862E-03,.0646429,
,17.5,13.50374,33.3042,1500.137,24.9792,2.971933E-03,6.614143E-02,
,18,13.46627,33.3113,1500.03,24.9922,2.959639E-03,6.763471E-02,
,18.5,13.41054,33.31664,1499.86,25.00763,2.945083E-03,6.912039E-02,
,19,13.33574,33.3194,1499.624,25.02487,2.928796E-03,7.059904E-02,
,19.5,13.28181,33.31641,1499.45,25.03338,2.920813E-03,7.207099E-02,
,20,13.23956,33.31311,1499.314,25.03928,2.915333E-03,7.354001E-02,
,20.5,13.18067,33.30898,1499.122,25.04778,2.907268E-03,7.500575E-02,
,21,13.0929,33.30407,1498.832,25.0614,2.894437E-03,7.646581E-02,
,21.5,13.02871,33.30215,1498.624,25.07269,2.883753E-03,7.792018E-02,
,22,12.9705,33.30207,1498.438,25.08419,2.872916E-03,7.936899E-02,
,22.5,12.9227,33.30353,1498.288,25.09475,2.863015E-03,8.081261E-02,
,23,12.87494,33.30554,1498.139,25.10566,2.852694E-03,8.225226E-02,
,23.5,12.82377,33.30975,1497.98,25.1189,.0028402,8.368525E-02,
,24,12.77453,33.31324,1497.827,25.13128,2.828528E-03,8.511211E-02,
,24.5,12.73696,33.31222,1497.708,25.13788,2.822383E-03,8.653425E-02,
,25,12.68064,33.31348,1497.528,25.1498,2.811167E-03,8.795159E-02,
,25.5,12.60439,33.31643,1497.283,25.16688,2.794998E-03,8.936349E-02,
,26,12.51438,33.31936,1496.99,25.18657,2.776342E-03,9.076668E-02,
,26.5,12.45304,33.32283,1496.795,25.20109,2.76254E-03,9.216059E-02,
,27,12.40415,33.32463,1496.64,25.21191,2.752342E-03,9.354904E-02,
,27.5,12.38093,33.3288,1496.574,25.21951,2.745194E-03,9.493296E-02,
,28,12.3633,33.33246,1496.527,25.22576,2.739479E-03,9.631377E-02,
,28.5,12.35757,33.33534,1496.519,25.22905,2.736445E-03,9.769198E-02,
,29,12.35358,33.33664,1496.516,25.23081,2.734815E-03,.0990692,
,29.5,12.34837,33.33746,1496.507,25.23242,2.733466E-03,.1004457,
,30,12.34421,33.33798,1496.502,25.23366,2.732375E-03,.1018216,
,30.5,12.34162,33.33833,1496.502,25.23447,2.731671E-03,.1031971,
,31,12.33902,33.33863,1496.502,25.23522,2.731122E-03,.1045723,
,31.5,12.33396,33.33943,1496.494,25.23677,2.729737E-03,.105947,
,32,12.32788,33.33986,1496.482,25.23826,2.728482E-03,.107321,
,32.5,12.32134,33.34107,1496.47,25.24043,2.726531E-03,.1086942,
,33,12.30767,33.34253,1496.433,25.24414,2.723093E-03,.1100659,
,33.5,12.2918,33.34404,1496.389,25.24833,2.71918E-03,.1114359,
,34,12.27725,33.34565,1496.35,25.25237,2.715404E-03,.1128043,
,34.5,12.26163,33.34687,1496.307,25.25632,2.711799E-03,.1141703,
,35,12.24836,33.34831,1496.271,25.25994,2.708543E-03,.1155349,
,35.5,12.23686,33.34946,1496.242,25.26303,2.705693E-03,.1168978,
,36,12.22519,33.35062,1496.212,25.26623,2.702693E-03,.1182595,
,36.5,12.20428,33.35256,1496.151,25.27171,2.697567E-03,.1196192,
,37,12.18065,33.35389,1496.081,25.2772,2.692553E-03,.120976,
,37.5,12.14773,33.35528,1495.978,25.28453,2.685661E-03,.1223299,
,38,12.11027,33.3596,1495.863,25.29496,2.67576E-03,.1236797,
,38.5,12.08429,33.36427,1495.789,25.30345,2.667823E-03,.1250249,
,39,12.07688,33.36742,1495.775,25.30728,2.664336E-03,.1263672,
,39.5,12.0727,33.36714,1495.769,25.30796,2.663899E-03,.1277085,
,40,12.06583,33.36586,1495.752,25.30822,2.663548E-03,.1290497,
,40.5,12.05545,33.36527,1495.724,25.30973,2.662207E-03,.1303904,
,41,12.04356,33.3657,1495.693,25.31229,2.659988E-03,.1317303,
,41.5,12.02666,33.36753,1495.645,25.31687,2.655738E-03,.1330683,
,42,12.01147,33.36977,1495.604,25.32144,2.651467E-03,.1344045,
,42.5,12.00378,33.37173,1495.588,25.32447,2.648775E-03,.1357387,
,43,11.99224,33.37251,1495.558,25.32723,2.646261E-03,.1370716,
,43.5,11.97264,33.37254,1495.499,25.33094,2.642823E-03,.1384034,
,44,11.92657,33.37083,1495.347,25.33825,2.635877E-03,.1397328,
,44.5,11.80606,33.37803,1494.95,25.3663,2.609251E-03,.1410535,
,45,11.76787,33.38336,1494.833,25.37754,2.598666E-03,.1423638,
,45.5,11.73414,33.3904,1494.733,25.38925,2.587622E-03,.1436701,
,46,11.72186,33.396,1494.706,25.39591,2.581354E-03,.1449709,
,46.5,11.71006,33.40165,1494.68,25.40248,2.575272E-03,.1462695,
,47,11.70599,33.40617,1494.68,25.40675,2.571244E-03,.147565,
,47.5,11.70626,33.40798,1494.691,25.40809,2.570072E-03,.1488594,
,48,11.70126,33.40979,1494.684,25.41042,2.568036E-03,.150153,
,48.5,11.68808,33.41129,1494.649,25.41406,2.564553E-03,.1514452,
,49,11.67193,33.41214,1494.602,25.41771,2.561228E-03,.1527357,
,49.5,11.66181,33.41431,1494.578,25.4212,2.557971E-03,.1540245,
,50,11.64462,33.41817,1494.532,25.42739,2.552235E-03,.1553109,
,50.5,11.63463,33.42048,1494.508,25.43102,2.548927E-03,.156595,
,51,11.62917,33.41993,1494.497,25.43168,2.548475E-03,.1578783,
,51.5,11.61584,33.4206,1494.46,25.43463,2.54574E-03,.1591608,
,52,11.59924,33.42366,1494.415,25.44008,2.540549E-03,.1604415,
,52.5,11.57901,33.42649,1494.356,25.44602,2.535061E-03,.1617194,
,53,11.57836,33.42687,1494.363,25.44633,2.534827E-03,.1629956,
,53.5,11.56712,33.42762,1494.333,25.44902,2.53243E-03,.1642714,
,54,11.55357,33.42875,1494.296,25.45237,2.529364E-03,.1655457,
,54.5,11.53902,33.43096,1494.256,25.4568,2.525183E-03,.1668184,
,55,11.51427,33.43322,1494.181,25.46306,2.519335E-03,.1680886,
,55.5,11.487,33.43767,1494.1,25.47159,2.511326E-03,.1693554,
,56,11.40886,33.44728,1493.849,25.49334,2.490763E-03,.1706151,
,56.5,11.33236,33.4522,1493.596,25.51102,2.473953E-03,.1718646,
,57,11.24943,33.45715,1493.321,25.52992,2.455972E-03,.1731058,
,57.5,11.18698,33.46315,1493.119,25.54585,2.440917E-03,.1743388,
,58,11.10858,33.47075,1492.861,25.56585,2.421927E-03,.1755634,
,58.5,11.06704,33.4766,1492.731,25.57783,2.410664E-03,.1767798,
,59,11.03625,33.47998,1492.635,25.58595,2.402941E-03,.177992,
,59.5,10.9779,33.48314,1492.443,25.59884,2.390771E-03,.1791986,
,60,10.92026,33.48619,1492.252,25.61141,2.378819E-03,.1803995,
,60.5,10.88366,33.49078,1492.137,25.62141,2.369442E-03,.1815952,
,61,10.84908,33.49767,1492.031,25.63293,2.358589E-03,.1827858,
,61.5,10.82482,33.5055,1491.964,25.64333,2.348754E-03,.1839707,
,62,10.81853,33.50953,1491.954,25.6476,2.344734E-03,.1851524,
,62.5,10.80674,33.5122,1491.924,25.65179,2.340899E-03,.186332,
,63,10.79643,33.5148,1491.899,25.65557,2.337371E-03,.1875101,
,63.5,10.7866,33.51525,1491.873,25.65769,2.335494E-03,.1886866,
,64,10.77692,33.51542,1491.848,25.65959,2.333759E-03,.1898622,
,64.5,10.77237,33.51524,1491.84,25.66014,.0023334,.1910373,
,65,10.76868,33.5157,1491.836,25.66126,2.332387E-03,.1922121,
,65.5,10.76801,33.51635,1491.842,25.66184,2.331988E-03,.1933865,
,66,10.76777,33.51629,1491.85,25.66187,2.33207E-03,.1945609,
,66.5,10.76786,33.51547,1491.857,25.66122,2.332801E-03,.1957354,
,67,10.76833,33.5136,1491.865,25.65968,2.334399E-03,.1969105,
,67.5,10.76759,33.51207,1491.869,25.65857,2.335515E-03,.1980864,
,68,10.765,33.51224,1491.868,25.65915,2.335017E-03,.1992624,
,68.5,10.76243,33.51316,1491.869,25.66029,2.334113E-03,.200438,
,69,10.75967,33.5143,1491.868,25.66169,2.332826E-03,.2016131,
,69.5,10.7574,33.51565,1491.87,25.66312,2.33157E-03,.2027876,
,70,10.75067,33.5178,1491.857,25.66596,2.329006E-03,.203961,
,70.5,10.74468,33.51968,1491.847,25.66857,2.326602E-03,.2051332,
,71,10.73928,33.51947,1491.836,25.66931,2.325988E-03,.2063047,
,71.5,10.73687,33.51944,1491.835,25.66971,2.325722E-03,.207476,
,72,10.73523,33.52186,1491.841,25.67197,2.32369E-03,.2086468,
,72.5,10.72927,33.5232,1491.83,25.67398,2.321885E-03,.2098165,
,73,10.72175,33.52147,1491.809,25.67394,2.321926E-03,.2109856,
,73.5,10.71745,33.51851,1491.799,25.67239,2.323584E-03,.2121553,
,74,10.7176,33.5149,1491.803,25.66951,2.326356E-03,.2133262,
,74.5,10.71605,33.51486,1491.806,25.66979,2.326252E-03,.2144978,
,75,10.70955,33.51787,1491.795,25.67322,2.323028E-03,.2156685,
,75.5,10.7088,33.52287,1491.807,25.67731,2.319347E-03,.2168373,
,76,10.70779,33.5226,1491.811,25.67725,2.319502E-03,.2180054,
,76.5,10.70763,33.52186,1491.818,25.67676,2.320084E-03,.2191736,
,77,10.70714,33.52126,1491.824,25.67631,2.320548E-03,.2203421,
,77.5,10.70631,33.51915,1491.826,25.67487,2.32208E-03,.2215113,
,78,10.70533,33.51981,1491.832,25.67555,2.32149E-03,.2226806,
,78.5,10.70281,33.52059,1491.833,25.67659,2.320663E-03,.2238496,
,79,10.69413,33.52266,1491.813,25.67971,2.317689E-03,.2250177,
,79.5,10.69045,33.52561,1491.811,25.68262,2.315071E-03,.2261841,
,80,10.69105,33.52357,1491.819,25.68099,2.316758E-03,.2273503,
,80.5,10.69125,33.52229,1491.827,25.67989,2.317927E-03,.2285174,
,81,10.68543,33.52097,1491.813,25.67991,2.317938E-03,.2296847,
,81.5,10.66825,33.52221,1491.762,25.68391,2.314227E-03,.2308512,
,82,10.64881,33.52687,1491.707,25.69086,2.307728E-03,.2320153,
,82.5,10.62757,33.53008,1491.643,25.69714,2.301865E-03,.2331752,
,83,10.62088,33.53154,1491.63,25.69947,2.299645E-03,.2343338,
,83.5,10.6172,33.53288,1491.627,25.70105,2.298247E-03,.2354916,
,84,10.61862,33.53344,1491.641,25.70133,2.298093E-03,.2366489,
,84.5,10.61945,33.53157,1491.65,25.6997,2.299812E-03,.2378068,
,85,10.61836,33.53122,1491.654,25.6996,2.299986E-03,.2389651,
,85.5,10.61463,33.53219,1491.65,25.70101,2.298782E-03,.2401231,
,86,10.61094,33.53482,1491.648,25.70377,2.296193E-03,.2412801,
