,0,20.88389,33.48308,1522.217,23.37219,4.500015E-03,0,
,.5,20.88389,33.48308,1522.217,23.37219,4.500015E-03,0,
,1,20.88389,33.48308,1522.217,23.37219,4.500015E-03,0,
,1.5,20.88675,33.48339,1522.228,23.37159,4.500636E-03,6.794674E-03,
,2,20.88463,33.48616,1522.234,23.37425,4.49824E-03,9.05917E-03,
,2.5,20.88538,33.48689,1522.245,23.37465,4.498083E-03,1.132311E-02,
,3,20.88429,33.48757,1522.251,23.37547,4.497488E-03,1.358689E-02,
,3.5,20.88335,33.48766,1522.257,23.3758,4.497325E-03,1.585045E-02,
,4,20.88138,33.48636,1522.259,23.37529,4.497884E-03,1.811413E-02,
,4.5,20.87452,33.48577,1522.248,23.37671,4.496749E-03,2.037765E-02,
,5,20.86258,33.4847,1522.223,23.37908,4.494611E-03,2.264042E-02,
,5.5,20.84498,33.48217,1522.181,23.38184,4.492198E-03,2.490191E-02,
,6,20.80524,33.47966,1522.078,23.39063,4.483975E-03,2.716079E-02,
,6.5,20.72622,33.4749,1521.866,23.40817,4.467394E-03,2.941296E-02,
,7,20.63174,33.46875,1521.609,23.42871,4.447966E-03,3.165646E-02,
,7.5,20.50662,33.45868,1521.264,23.45428,4.423708E-03,3.388976E-02,
,8,20.32185,33.44348,1520.747,23.49157,4.388251E-03,3.610785E-02,
,8.5,20.07215,33.43196,1520.051,23.54838,4.334118E-03,3.830247E-02,
,9,19.86561,33.42488,1519.477,23.59694,4.287923E-03,.0404723,
,9.5,19.77429,33.42211,1519.228,23.61857,4.267488E-03,4.262489E-02,
,10,19.72526,33.42137,1519.098,23.63072,4.25608E-03,.0447705,
,10.5,19.66558,33.42146,1518.939,23.64621,4.24145E-03,4.690951E-02,
,11,19.57518,33.42034,1518.692,23.66865,4.220177E-03,4.903926E-02,
,11.5,19.43836,33.41404,1518.308,23.699,4.191344E-03,5.115687E-02,
,12,19.28503,33.40958,1517.877,23.73482,4.157336E-03,5.325728E-02,
,12.5,19.15039,33.40455,1517.497,23.76523,4.128431E-03,5.534241E-02,
,13,19.01194,33.39985,1517.105,23.79669,4.098602E-03,5.741369E-02,
,13.5,18.85657,33.38794,1516.656,23.82674,4.070025E-03,5.946899E-02,
,14,18.71743,33.3795,1516.255,23.85518,4.042979E-03,6.151005E-02,
,14.5,18.57475,33.37648,1515.848,23.88842,4.011425E-03,6.353536E-02,
,15,18.41094,33.37416,1515.379,23.92728,3.974563E-03,6.554797E-02,
,15.5,18.21366,33.3484,1514.784,23.95625,3.946998E-03,6.754126E-02,
,16,17.97046,33.34291,1514.074,24.01151,3.894469E-03,6.951421E-02,
,16.5,17.48263,33.33735,1512.634,24.12501,3.786254E-03,7.145039E-02,
,17,17.27872,33.31565,1512.009,24.15701,3.75585E-03,7.334638E-02,
,17.5,17.13,33.31719,1511.574,24.19336,3.721313E-03,7.522722E-02,
,18,17.05656,33.3194,1511.364,24.21236,3.70334E-03,7.709588E-02,
,18.5,16.99868,33.31875,1511.197,24.22549,3.691009E-03,7.895698E-02,
,19,16.9557,33.31751,1511.074,24.23462,3.682445E-03,8.081245E-02,
,19.5,16.91071,33.31575,1510.945,24.24385,3.673794E-03,8.266426E-02,
,20,16.83563,33.31416,1510.724,24.26013,3.65827E-03,8.451005E-02,
,20.5,16.76708,33.31161,1510.522,24.2741,3.645149E-03,8.634812E-02,
,21,16.71101,33.3079,1510.356,24.2843,3.635539E-03,.0881806,
,21.5,16.6333,33.30417,1510.124,24.29947,3.621263E-03,9.000686E-02,
,22,16.5445,33.30006,1509.857,24.31682,3.604852E-03,9.182567E-02,
,22.5,16.4399,33.29587,1509.541,24.3377,3.585062E-03,9.363586E-02,
,23,16.28057,33.29102,1509.055,24.37046,3.55385E-03,9.543164E-02,
,23.5,16.12138,33.2878,1508.57,24.40417,3.521773E-03,9.721035E-02,
,24,15.9672,33.28524,1508.099,24.4371,3.490504E-03,9.897701E-02,
,24.5,15.81895,33.2828,1507.645,24.46862,3.460631E-03,.100729,
,25,15.62601,33.27969,1507.048,24.50927,3.421907E-03,.1024608,
,25.5,15.45011,33.28196,1506.508,24.54991,3.383301E-03,.1041724,
,26,15.31752,33.28229,1506.1,24.57945,3.355268E-03,.1058696,
,26.5,15.26845,33.28544,1505.957,24.59261,3.34297E-03,.1075547,
,27,15.21716,33.28667,1505.805,24.60479,3.331491E-03,.1092344,
,27.5,15.16658,33.28685,1505.654,24.61601,3.320893E-03,.1109097,
,28,15.12224,33.28695,1505.522,24.62575,3.311788E-03,.1125796,
,28.5,15.07167,33.28775,1505.371,24.63739,3.300691E-03,.1142437,
,29,14.96178,33.28716,1505.03,24.6608,3.278489E-03,.1159004,
,29.5,14.83494,33.29009,1504.638,24.6903,3.250514E-03,.1175443,
,30,14.76361,33.28978,1504.418,24.70535,3.236271E-03,.1191768,
,30.5,14.71834,33.29294,1504.286,24.71755,3.224739E-03,.1208025,
,31,14.64874,33.29579,1504.074,24.73461,3.20862E-03,.1224214,
,31.5,14.5637,33.29803,1503.813,24.75442,3.189897E-03,.124033,
,32,14.49567,33.3005,1503.605,24.77075,3.174429E-03,.1256357,
,32.5,14.42747,33.3046,1503.399,24.78835,3.157754E-03,.1272292,
,33,14.31169,33.30649,1503.036,24.81416,3.133269E-03,.1288119,
,33.5,14.18429,33.30955,1502.635,24.84325,3.105693E-03,.1303836,
,34,14.05142,33.30568,1502.208,24.86789,3.082254E-03,.1319416,
,34.5,13.9724,33.30376,1501.956,24.88284,3.068103E-03,.133489,
,35,13.89968,33.30053,1501.723,24.89541,3.056218E-03,.1350304,
,35.5,13.83828,33.29676,1501.527,24.90516,3.047015E-03,.1365671,
,36,13.78422,33.29291,1501.354,24.91326,3.039388E-03,.1380997,
,36.5,13.67816,33.28857,1501.009,24.93159,3.022017E-03,.1396253,
,37,13.53295,33.28716,1500.537,24.96004,2.994983E-03,.1411394,
,37.5,13.34562,33.28878,1499.928,24.99905,2.95789E-03,.1426381,
,38,13.11572,33.29536,1499.181,25.05017,2.909181E-03,.1441165,
,38.5,12.95489,33.29919,1498.656,25.08506,2.876176E-03,.1455735,
,39,12.90499,33.30359,1498.503,25.09827,2.863608E-03,.1470183,
,39.5,12.86994,33.30154,1498.391,25.10349,2.858769E-03,.1484588,
,40,12.8402,33.3026,1498.301,25.11016,2.852537E-03,.1498965,
,40.5,12.80223,33.30554,1498.185,25.11989,.0028434,.1513305,
,41,12.73784,33.31048,1497.983,25.13627,2.827856E-03,.1527583,
,41.5,12.67169,33.31459,1497.774,25.15238,2.812603E-03,.1541782,
,42,12.623,33.3159,1497.619,25.16292,2.802673E-03,.1555916,
,42.5,12.58503,33.31611,1497.5,25.1704,2.795644E-03,.1570008,
,43,12.5562,33.31621,1497.411,25.17602,2.790385E-03,.1584073,
,43.5,12.54031,33.31602,1497.365,25.17897,2.787706E-03,.1598116,
,44,12.53074,33.31709,1497.342,25.18161,2.785234E-03,.1612148,
,44.5,12.51292,33.31914,1497.293,25.18672,2.780595E-03,.162616,
,45,12.49035,33.32238,1497.229,25.19351,2.774205E-03,.1640137,
,45.5,12.44551,33.32552,1497.089,25.20457,2.763764E-03,.1654078,
,46,12.39525,33.32793,1496.929,25.2161,2.752885E-03,.166797,
,46.5,12.36593,33.32804,1496.838,25.2218,2.747528E-03,.1681819,
,47,12.32686,33.32817,1496.714,25.22944,2.740369E-03,.1695639,
,47.5,12.25808,33.33736,1496.499,25.24967,2.721226E-03,.1709389,
,48,12.20289,33.34445,1496.328,25.26561,2.706056E-03,.1723036,
,48.5,12.16616,33.35073,1496.218,25.27743,2.694906E-03,.1736638,
,49,12.1478,33.35478,1496.169,25.28406,2.688757E-03,.1750195,
,49.5,12.13649,33.35477,1496.138,25.28624,2.686784E-03,.1763729,
,50,12.12902,33.35523,1496.122,25.28807,2.68515E-03,.1777253,
,50.5,12.12201,33.35585,1496.107,25.28986,2.683537E-03,.1790769,
,51,12.10693,33.35649,1496.064,25.29313,2.680515E-03,.1804275,
,51.5,12.0841,33.35784,1495.996,25.29857,2.675444E-03,.1817759,
,52,12.05651,33.35966,1495.912,25.30515,2.669275E-03,.1831212,
,52.5,12.03885,33.36119,1495.862,25.30965,2.665132E-03,.1844639,
,53,12.02251,33.36258,1495.816,25.31382,2.661258E-03,.1858052,
,53.5,12.0049,33.36402,1495.766,25.31828,2.657054E-03,.1871443,
,54,11.98825,33.36687,1495.72,25.32355,2.65221E-03,.1884809,
,54.5,11.97409,33.37088,1495.685,25.32935,2.646809E-03,.189815,
,55,11.96801,33.37418,1495.676,25.33306,2.643377E-03,.1911469,
,55.5,11.96549,33.37541,1495.677,25.3345,2.642077E-03,.1924775,
,56,11.96343,33.37596,1495.679,25.33527,2.641501E-03,.1938078,
,56.5,11.95726,33.3761,1495.667,25.33652,2.640471E-03,.1951376,
,57,11.93977,33.37621,1495.615,25.33991,2.637288E-03,.1964663,
,57.5,11.91592,33.37634,1495.541,25.3445,2.632944E-03,.1977931,
,58,11.89057,33.37654,1495.463,25.3494,2.628359E-03,.199118,
,58.5,11.86889,33.3778,1495.398,25.35439,2.623694E-03,.2004403,
,59,11.85445,33.37933,1495.359,25.35832,2.620059E-03,.2017605,
,59.5,11.84337,33.3815,1495.331,25.36202,2.616754E-03,.2030791,
,60,11.83494,33.38186,1495.311,25.3639,2.615102E-03,.2043963,
,60.5,11.82477,33.38145,1495.284,25.36547,2.613628E-03,.2057127,
,61,11.81454,33.38211,1495.258,25.36789,2.611447E-03,.2070282,
,61.5,11.80116,33.38403,1495.222,25.37192,2.607767E-03,.2083424,
,62,11.77587,33.38599,1495.146,25.37814,2.601936E-03,.2096536,
,62.5,11.7496,33.38919,1495.067,25.38549,2.595032E-03,.2109622,
,63,11.71545,33.39346,1494.963,25.39514,2.58591E-03,.212267,
,63.5,11.65144,33.39867,1494.756,25.41105,2.570847E-03,.2135658,
,64,11.59812,33.40001,1494.582,25.42191,2.56055E-03,.2148577,
,64.5,11.56078,33.40265,1494.464,25.43078,2.552141E-03,.2161448,
,65,11.50867,33.40696,1494.296,25.44369,2.539984E-03,.2174267,
,65.5,11.46893,33.41216,1494.173,25.45509,2.529253E-03,.218703,
,66,11.43019,33.41632,1494.052,25.46539,2.519535E-03,.2199745,
,66.5,11.38991,33.41977,1493.924,25.47538,2.510021E-03,.2212407,
,67,11.35568,33.42334,1493.817,25.48441,2.50153E-03,.2225026,
,67.5,11.30263,33.43076,1493.65,25.49966,2.487157E-03,.223759,
,68,11.25622,33.43922,1493.506,25.51477,2.472838E-03,.2250073,
,68.5,11.23233,33.44199,1493.434,25.52124,2.466748E-03,.2262509,
,69,11.20382,33.44004,1493.341,25.52477,2.46339E-03,.2274923,
,69.5,11.13978,33.43941,1493.124,25.53583,2.452977E-03,.2287299,
,70,11.08141,33.43838,1492.926,25.5455,2.443826E-03,.2299628,
,70.5,11.05447,33.4386,1492.84,25.5505,2.439125E-03,.2311922,
,71,11.0326,33.43986,1492.773,25.55542,2.434517E-03,.2324191,
,71.5,11.01226,33.4424,1492.713,25.56101,2.429347E-03,.2336441,
,72,10.98861,33.44512,1492.642,25.56729,2.423389E-03,.2348661,
,72.5,10.95617,33.44851,1492.54,25.57574,2.41546E-03,.2360844,
,73,10.92817,33.45176,1492.454,25.58316,2.408502E-03,.237299,
,73.5,10.90488,33.4561,1492.385,25.59071,2.401391E-03,.23851,
,74,10.88851,33.46022,1492.341,25.59685,2.395706E-03,.2397179,
,74.5,10.87157,33.46515,1492.295,25.60364,2.389279E-03,.2409226,
,75,10.84762,33.46957,1492.224,25.61134,2.382064E-03,.2421242,
,75.5,10.81355,33.47347,1492.117,25.62045,2.373478E-03,.2433217,
,76,10.77606,33.47448,1491.994,25.62783,2.366461E-03,.2445151,
,76.5,10.73585,33.4757,1491.862,25.63578,2.358978E-03,.2457049,
,77,10.69575,33.47759,1491.73,25.64428,2.350927E-03,.2468904,
,77.5,10.67577,33.48052,1491.672,25.65007,2.345498E-03,.2480733,
,78,10.68207,33.48453,1491.707,25.65208,2.343719E-03,.2492541,
,78.5,10.68406,33.48559,1491.724,25.65262,2.343301E-03,.2504343,
,79,10.67237,33.48254,1491.687,25.65229,2.343733E-03,.2516145,
,79.5,10.65282,33.47852,1491.621,25.65251,2.343548E-03,.2527947,
,80,10.62601,33.47332,1491.528,25.65312,2.343063E-03,.2539749,
,80.5,10.61897,33.46995,1491.507,25.65174,2.34446E-03,.2551553,
,81,10.61619,33.46822,1491.503,25.65092,2.34526E-03,.2563362,
,81.5,10.61378,33.46743,1491.502,25.65071,2.345588E-03,.2575174,
,82,10.6107,33.4664,1491.498,25.65044,2.346007E-03,.2586988,
,82.5,10.60614,33.46389,1491.487,25.64921,2.347272E-03,.2598806,
,83,10.59912,33.46229,1491.469,25.64929,2.347308E-03,.2610627,
,83.5,10.58817,33.46128,1491.437,25.65041,2.346361E-03,.2622446,
,84,10.58716,33.46151,1491.442,25.6507,2.346184E-03,.2634262,
,84.5,10.57915,33.46174,1491.422,25.65228,2.344792E-03,.2646074,
,85,10.57536,33.46247,1491.418,25.65356,2.343633E-03,.265788,
,85.5,10.57392,33.46275,1491.421,25.654,2.343243E-03,.2669682,
,86,10.57264,33.46279,1491.425,25.65429,2.343109E-03,.2681482,
,86.5,10.57026,33.46276,1491.425,25.65468,2.342874E-03,.2693282,
,87,10.56674,33.46262,1491.421,25.6551,2.342515E-03,.2705081,
,87.5,10.56226,33.46239,1491.412,25.65574,2.341963E-03,.2716877,
,88,10.55939,33.46185,1491.41,25.65583,2.341973E-03,.2728671,
,88.5,10.55821,33.46142,1491.414,25.65569,2.342264E-03,.2740467,
,89,10.55601,33.46185,1491.415,25.65646,2.341637E-03,.2752262,
,89.5,10.55308,33.46298,1491.414,25.6578,2.340433E-03,.2764052,
,90,10.55243,33.46447,1491.422,25.65909,2.339332E-03,.2775837,
,90.5,10.54984,33.4655,1491.422,25.66029,2.338411E-03,.2787616,
,91,10.54914,33.46616,1491.429,25.66095,2.337797E-03,.2799392,
,91.5,10.54972,33.46607,1491.439,25.66083,2.337999E-03,.2811166,
,92,10.55,33.46571,1491.448,25.66055,2.338421E-03,.2822943,
,92.5,10.54992,33.46549,1491.455,25.66034,2.338696E-03,.283472,
,93,10.54915,33.46504,1491.46,25.66006,2.339024E-03,.28465,
,93.5,10.55073,33.46466,1491.474,25.65955,2.339622E-03,.2858281,
,94,10.5504,33.46423,1491.481,25.65923,2.340042E-03,.2870066,
,94.5,10.55199,33.46565,1491.496,25.66006,2.339378E-03,.288185,
,95,10.5533,33.46976,1491.514,25.66303,2.336632E-03,.2893625,
,95.5,10.55746,33.47357,1491.542,25.6653,2.334637E-03,.2905387,
,96,10.56343,33.47684,1491.575,25.66682,2.333316E-03,.2917142,
,96.5,10.56997,33.47971,1491.61,25.66789,2.332377E-03,.2928892,
,97,10.5707,33.48303,1491.625,25.67034,2.330151E-03,.2940634,
,97.5,10.56681,33.48742,1491.625,25.67441,2.326378E-03,.295236,
,98,10.57655,33.49548,1491.678,25.67908,2.322015E-03,.2964065,
,98.5,10.58761,33.50301,1491.734,25.68301,2.318449E-03,.297575,
,99,10.59778,33.50865,1491.786,25.68557,2.316155E-03,.2987421,
,99.5,10.60643,33.51329,1491.83,25.68768,2.314276E-03,.2999083,
,100,10.60756,33.51764,1491.848,25.69093,2.311344E-03,.3010732,
,100.5,10.60227,33.51879,1491.839,25.69277,2.30969E-03,.3022369,
,101,10.59162,33.5187,1491.809,25.69455,2.30803E-03,.3033998,
,101.5,10.53875,33.5237,1491.635,25.70758,2.29562E-03,.3045601,
,102,10.45457,33.52875,1491.35,25.72612,2.277989E-03,.3057111,
,102.5,10.37974,33.53156,1491.095,25.74122,2.263732E-03,.306855,
,103,10.29879,33.5453,1490.831,25.76584,2.240255E-03,.307989,
,103.5,10.26324,33.55776,1490.727,25.78163,2.225257E-03,.3091134,
,104,10.23554,33.56721,1490.647,25.79368,2.213813E-03,.3102316,
,104.5,10.18381,33.58022,1490.486,25.81266,2.195884E-03,.3113414,
,105,10.16234,33.58668,1490.425,25.82137,2.187657E-03,.312445,
,105.5,10.15473,33.58942,1490.41,25.82483,2.184467E-03,.3135461,
,106,10.14287,33.59185,1490.378,25.82878,2.180769E-03,.3146455,
,106.5,10.13046,33.59705,1490.348,25.83493,2.17501E-03,.3157426,
,107,10.11815,33.60542,1490.323,25.8435,2.167017E-03,.3168364,
,107.5,10.12263,33.61303,1490.356,25.84874,2.162151E-03,.3179266,
,108,10.11872,33.62164,1490.361,25.85607,2.155293E-03,.3190138,
,108.5,10.10913,33.63295,1490.349,25.86656,2.145352E-03,.3200969,
,109,10.10057,33.64693,1490.343,25.87891,2.133765E-03,.3211743,
,109.5,10.07346,33.65963,1490.269,25.89336,2.120098E-03,.3222454,
,110,10.03718,33.67311,1490.164,25.91003,2.104267E-03,.32331,
,110.5,10.01209,33.6809,1490.091,25.9203,2.094647E-03,.3243673,
,111,9.998928,33.68215,1490.053,25.92357,2.091617E-03,.3254215,
,111.5,9.990638,33.68303,1490.033,25.92567,2.089658E-03,.3264745,
,112,9.983908,33.68477,1490.019,25.92813,2.087474E-03,.3275266,
,112.5,9.979456,33.68682,1490.014,25.93045,2.085409E-03,.3285775,
,113,9.977142,33.68881,1490.016,25.93242,2.083577E-03,.3296275,
,113.5,9.974878,33.69024,1490.018,25.93391,2.08229E-03,.3306767,
,114,9.972572,33.69141,1490.019,25.93518,2.081131E-03,.3317253,
,114.5,9.968403,33.69302,1490.015,25.9371,2.079366E-03,.332773,
,115,9.96347,33.69521,1490.008,25.93966,2.077044E-03,.3338199,
,115.5,9.95842,33.69834,1490.002,25.943,2.073999E-03,.3348655,
,116,9.953549,33.70187,1489.997,25.94653,2.070777E-03,.3359094,
,116.5,9.94628,33.70566,1489.984,25.95082,2.066705E-03,.3369514,
,117,9.936872,33.71021,1489.963,25.95581,2.06207E-03,.3379912,
,117.5,9.933527,33.71772,1489.969,25.96231,2.055933E-03,.3390283,
,118,9.938566,33.72631,1490.006,25.9682,2.050498E-03,.3400627,
,118.5,9.942914,33.73343,1490.038,25.97297,2.046198E-03,.3410943,
,119,9.94478,33.7356,1490.056,25.97435,2.044959E-03,.3421245,
,119.5,9.946595,33.73796,1490.074,25.9759,2.043561E-03,.3431543,
,120,9.947443,33.74119,1490.089,25.9783,2.041392E-03,.3441832,
,120.5,9.949468,33.7439,1490.108,25.9801,2.039816E-03,.345211,
,121,9.953879,33.74503,1490.133,25.98022,2.039838E-03,.3462386,
,121.5,9.953126,33.74794,1490.143,25.9826,2.037625E-03,.3472656,
,122,9.955015,33.75047,1490.161,25.98426,2.036221E-03,.3482916,
,122.5,9.957049,33.75192,1490.178,25.98509,2.035448E-03,.3493171,
,123,9.96119,33.75312,1490.203,25.98532,2.035423E-03,.3503424,
,123.5,9.965628,33.75457,1490.229,25.98563,2.035153E-03,.3513676,
,124,9.967537,33.7552,1490.245,25.98582,2.035057E-03,.3523928,
,124.5,9.969501,33.75525,1490.26,25.98559,2.035411E-03,.353418,
,125,9.970659,33.75507,1490.273,25.98518,2.035919E-03,.3544434,
,125.5,9.971654,33.75615,1490.286,25.98586,2.035384E-03,.3554688,
,126,9.971718,33.7582,1490.297,25.98748,2.033948E-03,.3564937,
,126.5,9.973382,33.76061,1490.314,25.98902,2.032585E-03,.357518,
,127,9.974804,33.76296,1490.33,25.9907,2.031103E-03,.3585415,
,127.5,9.978678,33.76369,1490.353,25.9906,2.031313E-03,.3595648,
,128,9.980598,33.76405,1490.369,25.99054,2.031462E-03,.3605881,
,128.5,9.981893,33.76394,1490.382,25.9902,2.031852E-03,.3616115,
,129,9.985254,33.76416,1490.403,25.98982,2.032357E-03,.3626352,
,129.5,9.987823,33.76491,1490.421,25.98999,2.032348E-03,.363659,
,130,9.987261,33.76603,1490.429,25.99095,2.031484E-03,.3646826,
,130.5,9.988298,33.76781,1490.443,25.99222,2.030457E-03,.3657057,
,131,9.986609,33.76917,1490.447,25.99349,2.029288E-03,.3667282,
,131.5,9.985926,33.77059,1490.454,25.9948,2.028144E-03,.3677502,
,132,9.986249,33.77351,1490.467,25.99695,2.026277E-03,.3687713,
,132.5,9.981076,33.77711,1490.461,26.0007,2.022763E-03,.3697911,
,133,9.979133,33.78287,1490.47,26.00552,2.018261E-03,.3708091,
,133.5,9.979066,33.78856,1490.485,26.00998,2.014146E-03,.3718247,
,134,9.983604,33.79351,1490.515,26.01309,2.011292E-03,.3728386,
,134.5,9.990831,33.79839,1490.556,26.01565,2.009001E-03,.3738512,
,135,9.997676,33.80392,1490.595,26.01879,2.00617E-03,.3748626,
,135.5,10.00015,33.81035,1490.62,26.02341,2.001857E-03,.3758722,
,136,10.00054,33.81538,1490.636,26.02727,1.998283E-03,.3768796,
,136.5,10.0012,33.81892,1490.651,26.02991,1.995932E-03,.3778857,
,137,9.999293,33.82149,1490.656,26.03226,1.993781E-03,.3788907,
,137.5,9.99998,33.82409,1490.67,26.03413,1.99205E-03,.3798947,
,138,10.00087,33.82516,1490.682,26.03489,1.991494E-03,.3808981,
,138.5,10.00091,33.82598,1490.692,26.03542,1.990991E-03,.3819013,
,139,9.996096,33.82585,1490.683,26.03609,1.990554E-03,.3829041,
,139.5,9.983037,33.8253,1490.643,26.0379,1.988846E-03,.3839065,
,140,9.974783,33.82535,1490.622,26.03936,1.987576E-03,.3849081,
,140.5,9.966351,33.82653,1490.601,26.0417,1.985451E-03,.3859088,
,141,9.96147,33.82792,1490.594,26.04365,1.983713E-03,.3869085,
,141.5,9.958338,33.82888,1490.592,26.04494,1.982596E-03,.3879076,
,142,9.957412,33.82944,1490.597,26.04554,1.982093E-03,.3889062,
,142.5,9.957581,33.82978,1490.607,26.04574,1.982012E-03,.3899047,
,143,9.954595,33.83055,1490.605,26.04688,1.981056E-03,.3909031,
,143.5,9.949643,33.83276,1490.598,26.04947,.0019786,.3919005,
,144,9.942785,33.83443,1490.584,26.05184,1.976457E-03,.3928968,
,144.5,9.942155,33.83676,1490.593,26.05377,1.974634E-03,.393892,
,145,9.937722,33.83774,1490.586,26.05525,1.973419E-03,.3948865,
,145.5,9.933142,33.83846,1490.579,26.05665,1.972179E-03,.3958803,
,146,9.928391,33.83825,1490.57,26.05725,1.971701E-03,.3968738,
,146.5,9.922279,33.83741,1490.555,26.0576,1.971414E-03,.3978671,
,147,9.913539,33.83719,1490.532,26.05893,1.970216E-03,.3988599,
,147.5,9.90381,33.83804,1490.506,26.06126,1.968122E-03,.399852,
,148,9.895449,33.83931,1490.485,26.06357,1.966044E-03,.400843,
,148.5,9.890758,33.84044,1490.478,26.06523,1.964568E-03,.4018331,
,149,9.888955,33.8415,1490.481,26.0664,1.963481E-03,.4028226,
,149.5,9.885831,33.84313,1490.48,26.06819,1.961848E-03,.4038114,
,150,9.879387,33.84554,1490.468,26.0712,1.959097E-03,.404799,
,150.5,9.872349,33.84816,1490.454,26.07442,1.956153E-03,.4057854,
,151,9.869585,33.84986,1490.455,26.07622,1.954549E-03,.4067704,
,151.5,9.868546,33.85053,1490.46,26.07692,1.953991E-03,.407755,
,152,9.868073,33.85159,1490.468,26.0778,1.953252E-03,.4087392,
,152.5,9.868665,33.8531,1490.48,26.0789,1.952315E-03,.4097231,
,153,9.873794,33.85434,1490.508,26.07899,1.952344E-03,.4107067,
,153.5,9.883438,33.85552,1490.553,26.07829,1.953157E-03,.4116905,
,154,9.891875,33.85683,1490.593,26.07789,1.953688E-03,.4126746,
,154.5,9.896926,33.859,1490.623,26.07874,1.952975E-03,.4136587,
,155,9.899097,33.861,1490.641,26.07995,1.951916E-03,.4146425,
,155.5,9.897672,33.86317,1490.647,26.08194,1.950122E-03,.4156253,
,156,9.895322,33.86518,1490.649,26.08382,1.948433E-03,.4166074,
,156.5,9.892695,33.86623,1490.649,26.08504,1.947382E-03,.4175887,
,157,9.890244,33.86699,1490.65,26.0861,1.946481E-03,.4185697,
,157.5,9.884807,33.86737,1490.639,26.08738,1.945384E-03,.4195501,
,158,9.875938,33.87003,1490.618,26.09092,1.942034E-03,.4205295,
,158.5,9.857404,33.87254,1490.563,26.09594,1.937383E-03,.4215068,
,159,9.846945,33.87508,1490.536,26.09967,1.93384E-03,.4224819,
,159.5,9.836036,33.87583,1490.506,26.10204,1.931662E-03,.4234555,
,160,9.823849,33.87658,1490.471,26.10471,1.929229E-03,.4244282,
,160.5,9.814278,33.87708,1490.446,26.10678,1.927286E-03,.4253998,
,161,9.808645,33.87806,1490.435,26.10844,1.925826E-03,.4263704,
,161.5,9.796252,33.87943,1490.4,26.11153,1.922879E-03,.4273399,
,162,9.78019,33.87932,1490.35,26.11418,1.920443E-03,.428308,
,162.5,9.746541,33.87733,1490.234,26.11819,1.916764E-03,.4292746,
,163,9.681068,33.88106,1490.009,26.13192,1.903601E-03,.4302369,
,163.5,9.610885,33.8856,1489.768,26.14707,1.889039E-03,.4311929,
,164,9.593341,33.88911,1489.717,26.15271,1.88379E-03,.4321429,
,164.5,9.58475,33.88882,1489.693,26.15395,1.882612E-03,.4330918,
,165,9.570395,33.89102,1489.652,26.15803,1.878869E-03,.4340393,
,165.5,9.550455,33.89375,1489.591,26.16346,1.873771E-03,.4349846,
,166,9.53511,33.89692,1489.547,26.16843,1.868999E-03,.4359276,
,166.5,9.525161,33.89996,1489.523,26.17241,1.865351E-03,.4368683,
,167,9.519751,33.90134,1489.513,26.17437,1.863614E-03,.4378076,
,167.5,9.515115,33.9037,1489.508,26.17695,1.861275E-03,.438746,
,168,9.500749,33.9081,1489.469,26.18278,1.855787E-03,.4396824,
,168.5,9.488534,33.91325,1489.439,26.18885,1.850079E-03,.440616,
,169,9.483114,33.91701,1489.432,26.19268,1.846537E-03,.4415473,
,169.5,9.479901,33.91887,1489.431,26.1946,1.844803E-03,.4424773,
,170,9.478678,33.91956,1489.436,26.19534,1.844171E-03,.4434067,
,170.5,9.479322,33.9194,1489.446,26.19516,1.844528E-03,.444336,
,171,9.478689,33.91832,1489.451,26.1944,.0018453,.4452656,
,171.5,9.479543,33.91767,1489.461,26.19372,1.845984E-03,.4461955,
,172,9.479757,33.91772,1489.47,26.19374,1.846058E-03,.4471256,
,172.5,9.477526,33.918,1489.471,26.19435,1.845566E-03,.4480557,
,173,9.477144,33.91884,1489.479,26.19508,1.844979E-03,.4489854,
,173.5,9.477647,33.91922,1489.49,26.19518,1.845073E-03,.4499151,
,174,9.475397,33.91985,1489.49,26.19604,1.844266E-03,.4508445,
,174.5,9.472482,33.92188,1489.491,26.19817,1.842299E-03,.4517732,
,175,9.467546,33.92419,1489.484,26.20083,1.839883E-03,.4527009,
,175.5,9.45931,33.92612,1489.464,26.20361,1.837396E-03,.4536274,
,176,9.45397,33.92888,1489.456,26.20671,1.834463E-03,.4545524,
,176.5,9.450172,33.93126,1489.454,26.2092,1.832166E-03,.4554762,
,177,9.446215,33.9335,1489.45,26.21156,1.83002E-03,.4563987,
,177.5,9.442305,33.93539,1489.447,26.21365,1.828118E-03,.4573204,
,178,9.43961,33.93651,1489.447,26.21502,1.826904E-03,.4582413,
,178.5,9.43947,33.9375,1489.456,26.21582,1.826243E-03,.4591617,
,179,9.437804,33.93822,1489.459,26.21659,1.825606E-03,.4600817,
,179.5,9.43702,33.93944,1489.466,26.21765,1.824708E-03,.4610013,
,180,9.435228,33.94038,1489.469,26.21872,1.823845E-03,.4619205,
,180.5,9.433231,33.94169,1489.471,26.22009,1.822669E-03,.4628392,
,181,9.430482,33.94378,1489.472,26.22217,1.820769E-03,.4637572,
,181.5,9.42385,33.94745,1489.46,26.22612,1.817012E-03,.4646738,
,182,9.413847,33.9527,1489.439,26.23181,1.81178E-03,.4655878,
,182.5,9.403174,33.95912,1489.416,26.23862,1.805369E-03,.4664993,
,183,9.393677,33.96383,1489.395,26.24384,1.800495E-03,.4674076,
,183.5,9.385984,33.96751,1489.38,26.24797,1.796613E-03,.4683138,
,184,9.378499,33.97076,1489.365,26.25175,1.793091E-03,.4692183,
,184.5,9.370141,33.97368,1489.346,26.25537,1.789809E-03,.4701211,
,185,9.364237,33.97718,1489.337,26.25915,1.786217E-03,.4710221,
,185.5,9.357081,33.98032,1489.323,26.26267,1.782966E-03,.4719214,
,186,9.353043,33.98274,1489.32,26.26524,1.780621E-03,.4728191,
,186.5,9.350635,33.98436,1489.321,26.26689,1.779147E-03,.473716,
,187,9.348854,33.98546,1489.324,26.26803,1.778176E-03,.4746123,
,187.5,9.34703,33.98637,1489.327,26.26911,1.777312E-03,.4755082,
,188,9.344378,33.98814,1489.328,26.27083,1.775684E-03,.4764033,
,188.5,9.337864,33.9905,1489.315,26.27377,1.772983E-03,.4772974,
,189,9.33159,33.99311,1489.303,26.27688,1.770113E-03,.4781899,
,189.5,9.325138,33.99623,1489.292,26.28038,1.766871E-03,.4790811,
,190,9.315882,34.00051,1489.272,26.28522,1.762356E-03,.4799705,
,190.5,9.300833,34.00574,1489.231,26.29172,1.756223E-03,.4808569,
,191,9.292278,34.00927,1489.213,26.29582,1.752435E-03,.4817409,
,191.5,9.289633,34.01188,1489.214,26.2983,1.750155E-03,.4826234,
,192,9.283449,34.01294,1489.201,26.30014,1.748415E-03,.483505,
,192.5,9.281613,34.01503,1489.205,26.30198,1.746763E-03,.4843856,
,193,9.277325,34.01645,1489.2,26.30387,1.745158E-03,.4852654,
,193.5,9.273111,34.0175,1489.194,26.3054,1.743808E-03,.4861444,
,194,9.270113,34.01866,1489.193,26.3068,1.742522E-03,.4870228,
,194.5,9.268076,34.02015,1489.195,26.30831,1.741114E-03,.4879006,
,195,9.260998,34.02175,1489.18,26.31064,.0017391,.4887776,
,195.5,9.256234,34.02337,1489.172,26.31264,1.737194E-03,.4896533,
,196,9.252104,34.02465,1489.167,26.31431,1.735668E-03,.4905283,
,196.5,9.248128,34.02585,1489.162,26.31593,1.734227E-03,.4914026,
,197,9.243529,34.02744,1489.156,26.31797,1.732383E-03,.4922761,
,197.5,9.238162,34.02963,1489.147,26.32058,1.730004E-03,.4931485,
,198,9.233994,34.03162,1489.142,26.32272,1.72806E-03,.4940199,
,198.5,9.229028,34.03327,1489.134,26.3248,1.726163E-03,.4948901,
,199,9.224307,34.03595,1489.129,26.32766,1.723539E-03,.4957592,
,199.5,9.216718,34.03923,1489.113,26.33144,1.720048E-03,.496627,
,200,9.205397,34.04222,1489.083,26.33558,1.716216E-03,.4974929,
,200.5,9.204865,34.04525,1489.094,26.33805,1.713981E-03,.4983572,
,201,9.20042,34.04581,1489.086,26.3392,1.71298E-03,.4992208,
,201.5,9.199079,34.04644,1489.09,26.33997,1.712255E-03,.5000838,
,202,9.198643,34.04649,1489.097,26.34005,1.712291E-03,.5009467,
,202.5,9.197147,34.04734,1489.101,26.34098,1.711506E-03,.5018094,
,203,9.193389,34.04816,1489.096,26.3422,1.710346E-03,.5026717,
,203.5,9.192114,34.04901,1489.101,26.34311,1.709623E-03,.5035334,
,204,9.191088,34.0496,1489.106,26.34374,1.70915E-03,.5043948,
,204.5,9.190286,34.05006,1489.112,26.34419,1.708818E-03,.5052561,
,205,9.189658,34.0504,1489.119,26.34454,1.708605E-03,.5061172,
,205.5,9.189889,34.05069,1489.128,26.34478,1.708433E-03,.5069782,
,206,9.188407,34.05082,1489.131,26.34507,1.708252E-03,.5078392,
,206.5,9.188873,34.05061,1489.141,26.34479,1.708618E-03,.5087001,
,207,9.189997,34.05008,1489.153,26.34425,1.709215E-03,.5095614,
,207.5,9.190003,34.04947,1489.16,26.34377,1.709817E-03,.5104228,
,208,9.189442,34.04889,1489.166,26.34339,1.710284E-03,.5112846,
,208.5,9.189479,34.04902,1489.174,26.34355,1.71013E-03,.5121465,
,209,9.187746,34.04901,1489.176,26.34373,1.710046E-03,.5130084,
,209.5,9.189213,34.04905,1489.19,26.34355,1.710322E-03,.5138702,
,210,9.18926,34.04878,1489.198,26.34335,1.710605E-03,.5147322,
,210.5,9.187881,34.04892,1489.202,26.34365,1.710407E-03,.5155942,
,211,9.186139,34.04971,1489.204,26.34453,1.709674E-03,.516456,
,211.5,9.183728,34.05069,1489.205,26.34574,1.708632E-03,.5173174,
,212,9.179819,34.05201,1489.201,26.34745,1.707118E-03,.5181781,
,212.5,9.174584,34.05468,1489.193,26.35036,1.704426E-03,.5190377,
,213,9.167071,34.05908,1489.179,26.355,1.700055E-03,.5198956,
,213.5,9.156742,34.0646,1489.156,26.36101,1.694451E-03,.5207511,
,214,9.145478,34.06932,1489.129,26.36651,1.689315E-03,.5216039,
,214.5,9.139238,34.07231,1489.118,26.36976,1.686237E-03,.5224543,
,215,9.134866,34.07441,1489.113,26.37207,1.684134E-03,.5233036,
,215.5,9.131699,34.07585,1489.111,26.37371,1.68273E-03,.5241521,
,216,9.128198,34.07727,1489.108,26.37539,1.681237E-03,.5249999,
,216.5,9.126173,34.0783,1489.11,26.37653,1.680254E-03,.5258469,
,217,9.12499,34.07838,1489.114,26.37683,1.679974E-03,.5266936,
,217.5,9.125426,34.07843,1489.124,26.37683,1.680068E-03,.5275404,
,218,9.123851,34.07873,1489.127,26.37735,1.679669E-03,.528387,
,218.5,9.121922,34.07983,1489.13,26.37849,1.678682E-03,.5292332,
,219,9.117518,34.08084,1489.123,26.37999,1.677427E-03,.5300789,
,219.5,9.113685,34.08157,1489.118,26.38116,1.676401E-03,.5309241,
,220,9.11193,34.08181,1489.12,26.38161,1.675998E-03,.5317689,
,220.5,9.111667,34.08128,1489.127,26.38123,1.67646E-03,.5326137,
,221,9.112205,34.0808,1489.137,26.38074,1.677019E-03,.5334588,
,221.5,9.112434,34.08078,1489.146,26.38074,1.677114E-03,.534304,
,222,9.110582,34.0815,1489.148,26.38156,1.676444E-03,.535149,
,222.5,9.10883,34.08243,1489.151,26.38258,1.675579E-03,.5359938,
,223,9.107869,34.08339,1489.157,26.38344,1.674853E-03,.536838,
,223.5,9.105771,34.08427,1489.159,26.38452,1.673915E-03,.5376818,
,224,9.103375,34.08519,1489.159,26.38564,1.672934E-03,.5385253,
,224.5,9.10111,34.08614,1489.161,26.3867,1.672018E-03,.5393683,
,225,9.098617,34.08692,1489.161,26.38768,1.671194E-03,.5402108,
,225.5,9.095717,34.08729,1489.159,26.38844,1.670569E-03,.5410529,
,226,9.095246,34.08718,1489.165,26.38855,1.670461E-03,.5418949,
,226.5,9.095209,34.08708,1489.173,26.38847,1.670646E-03,.5427368,
,227,9.092601,34.08826,1489.173,26.38973,1.669554E-03,.5435786,
,227.5,9.087892,34.08998,1489.166,26.39182,1.667568E-03,.5444195,
,228,9.083325,34.09192,1489.16,26.39417,1.665534E-03,.5452594,
,228.5,9.075122,34.09279,1489.139,26.39611,1.663716E-03,.5460984,
,229,9.070776,34.09398,1489.133,26.39773,1.662242E-03,.5469365,
,229.5,9.067553,34.09505,1489.131,26.39909,1.661048E-03,.547774,
,230,9.064359,34.09552,1489.128,26.39995,1.660345E-03,.548611,
,230.5,9.064066,34.09574,1489.135,26.40015,1.660262E-03,.5494478,
,231,9.062423,34.09634,1489.138,26.4009,1.659664E-03,.5502845,
,231.5,9.056806,34.09789,1489.128,26.40299,1.657734E-03,.5511205,
,232,9.05411,34.09809,1489.127,26.40359,1.657155E-03,.5519559,
,232.5,9.056067,34.09829,1489.142,26.40338,1.657518E-03,.5527912,
,233,9.052645,34.09836,1489.138,26.40397,1.657094E-03,.5536265,
,233.5,9.051959,34.09982,1489.146,26.40527,1.65589E-03,.5544614,
,234,9.049719,34.09982,1489.146,26.40561,1.655647E-03,.555296,
,234.5,9.049245,34.10027,1489.153,26.40608,1.655305E-03,.5561304,
,235,9.047585,34.10099,1489.156,26.40691,1.654625E-03,.5569645,
,235.5,9.04413,34.10284,1489.154,26.40895,1.652716E-03,.557798,
,236,9.038819,34.10583,1489.146,26.41216,1.649738E-03,.5586302,
,236.5,9.033233,34.10817,1489.137,26.41483,1.647305E-03,.5594611,
,237,9.031029,34.10958,1489.139,26.41622,1.646088E-03,.5602912,
,237.5,9.030855,34.10997,1489.147,26.41655,1.64588E-03,.5611208,
,238,9.028438,34.10951,1489.146,26.41663,1.645914E-03,.5619504,
,238.5,9.027703,34.10872,1489.15,26.41615,1.646438E-03,.5627801,
,239,9.028097,34.10774,1489.159,26.41523,1.647342E-03,.5636102,
,239.5,9.025817,34.10814,1489.159,26.41591,1.646803E-03,.5644403,
,240,9.021905,34.1092,1489.154,26.41742,1.645475E-03,.5652701,
,240.5,9.020988,34.1102,1489.16,26.41836,1.644679E-03,.5660993,
,241,9.020473,34.11038,1489.167,26.41859,1.644575E-03,.5669283,
,241.5,9.018466,34.11077,1489.168,26.41921,1.644079E-03,.5677571,
,242,9.013672,34.11108,1489.159,26.42019,1.643245E-03,.5685856,
,242.5,9.011433,34.11113,1489.159,26.42065,1.642808E-03,.5694138,
,243,9.009557,34.11078,1489.16,26.42066,1.642906E-03,.5702419,
,243.5,9.008517,34.11076,1489.165,26.42077,1.642898E-03,.57107,
,244,9.007867,34.11101,1489.171,26.42107,1.642704E-03,.571898,
,244.5,9.006154,34.11125,1489.173,26.42153,1.642374E-03,.572726,
,245,9.005012,34.11136,1489.178,26.42182,1.642126E-03,.5735537,
,245.5,9.003061,34.11155,1489.179,26.42229,1.641732E-03,.5743813,
,246,8.999204,34.11192,1489.173,26.42322,1.640933E-03,.5752086,
,246.5,8.993471,34.11249,1489.161,26.42458,1.639714E-03,.5760356,
,247,8.988522,34.11333,1489.152,26.42602,1.638543E-03,.5768617,
,247.5,8.986617,34.11403,1489.155,26.42683,1.637884E-03,.5776874,
,248,8.985932,34.11401,1489.16,26.42691,1.637831E-03,.578513,
,248.5,8.985998,34.11407,1489.169,26.42698,1.637851E-03,.5793386,
,249,8.984849,34.11451,1489.173,26.42751,1.637357E-03,.5801641,
,249.5,8.983203,34.11558,1489.177,26.42858,1.636456E-03,.5809892,
,250,8.981742,34.11609,1489.181,26.42926,1.635909E-03,.5818139,
,250.5,8.980529,34.11652,1489.185,26.42981,1.63547E-03,.5826384,
,251,8.97874,34.11706,1489.187,26.43049,1.634902E-03,.5834627,
,251.5,8.976524,34.11792,1489.188,26.43146,1.634119E-03,.5842866,
,252,8.973879,34.11922,1489.188,26.43282,1.632976E-03,.58511,
,252.5,8.968979,34.12075,1489.181,26.43481,1.631084E-03,.5859326,
,253,8.959905,34.12374,1489.159,26.43865,1.627481E-03,.5867538,
,253.5,8.940807,34.12852,1489.103,26.44544,1.621088E-03,.5875726,
,254,8.913522,34.13312,1489.016,26.45328,1.61359E-03,.588388,
,254.5,8.903386,34.13691,1488.991,26.45789,1.609321E-03,.5892006,
,255,8.898641,34.13804,1488.983,26.45959,1.607788E-03,.5900112,
,255.5,8.894867,34.139,1488.979,26.46093,1.606597E-03,.5908213,
,256,8.892028,34.13972,1488.977,26.4619,1.60575E-03,.5916311,
,256.5,8.890436,34.13996,1488.98,26.46236,1.605394E-03,.5924404,
,257,8.889147,34.14011,1488.984,26.46271,1.60516E-03,.5932497,
,257.5,8.883867,34.14029,1488.973,26.46366,1.604355E-03,.5940586,
,258,8.881272,34.14005,1488.971,26.46386,1.604197E-03,.5948673,
,258.5,8.881079,34.1393,1488.978,26.46333,1.604791E-03,.5956761,
,259,8.879882,34.13811,1488.98,26.46259,1.605612E-03,.5964852,
,259.5,8.874819,34.13711,1488.969,26.46258,1.605647E-03,.5972946,
,260,8.868043,34.137,1488.952,26.46361,1.604744E-03,.5981038,
,260.5,8.862934,34.13776,1488.942,26.46502,.0016034,.5989124,
,261,8.852133,34.13869,1488.911,26.46736,1.601277E-03,.59972,
,261.5,8.846422,34.13985,1488.9,26.46923,1.599586E-03,.6005268,
,262,8.8434,34.1406,1488.898,26.47034,1.598613E-03,.6013329,
,262.5,8.841497,34.14085,1488.9,26.47083,1.59822E-03,.6021387,
,263,8.841041,34.14114,1488.907,26.4711,1.598042E-03,.6029443,
