,0,20.52308,33.43038,1521.176,23.42841,4.446338E-03,0,
,.5,20.52308,33.43038,1521.176,23.42841,4.446338E-03,0,
,1,20.52308,33.43038,1521.176,23.42841,4.446338E-03,0,
,1.5,20.52381,33.43005,1521.179,23.42796,4.446798E-03,6.71366E-03,
,2,20.52705,33.42878,1521.194,23.42613,4.448694E-03,8.952363E-03,
,2.5,20.52449,33.4289,1521.196,23.42691,4.448137E-03,1.119132E-02,
,3,20.52386,33.42905,1521.203,23.42721,4.447976E-03,1.343007E-02,
,3.5,20.52143,33.42711,1521.203,23.42634,4.449021E-03,1.566905E-02,
,4,20.51846,33.42558,1521.201,23.42593,4.449583E-03,1.790855E-02,
,4.5,20.48895,33.42347,1521.126,23.43223,4.443693E-03,2.014655E-02,
,5,20.44274,33.41924,1521.003,23.4412,4.435317E-03,2.238079E-02,
,5.5,20.37687,33.41562,1520.826,23.45588,4.421481E-03,2.460991E-02,
,6,20.29391,33.40877,1520.598,23.47259,4.40568E-03,2.683163E-02,
,6.5,20.19481,33.40027,1520.323,23.49216,4.387199E-03,2.904452E-02,
,7,20.05489,33.39452,1519.937,23.52447,4.35649E-03,.031245,
,7.5,19.9152,33.39222,1519.554,23.55917,4.323495E-03,3.342816E-02,
,8,19.77791,33.38997,1519.176,23.5931,4.291241E-03,3.559597E-02,
,8.5,19.6171,33.3851,1518.728,23.63095,4.255357E-03,.0377484,
,9,19.51588,33.37776,1518.444,23.65144,4.235924E-03,3.988526E-02,
,9.5,19.46022,33.37967,1518.297,23.66718,4.22108E-03,4.201328E-02,
,10,19.40495,33.38223,1518.152,23.68326,4.205775E-03,4.413447E-02,
,10.5,19.35091,33.38858,1518.015,23.70197,4.188133E-03,4.624699E-02,
,11,19.29596,33.39103,1517.87,23.71786,4.173143E-03,4.835076E-02,
,11.5,19.2412,33.38802,1517.72,23.72948,4.162258E-03,5.044852E-02,
,12,19.20677,33.38734,1517.63,23.73772,4.154494E-03,5.254091E-02,
,12.5,19.17363,33.38604,1517.543,23.74521,4.147486E-03,5.463074E-02,
,13,19.14782,33.38245,1517.474,23.74905,4.144005E-03,5.671757E-02,
,13.5,19.11634,33.37993,1517.389,23.75507,4.138399E-03,5.880225E-02,
,14,19.07376,33.37798,1517.274,23.76433,4.129747E-03,6.088287E-02,
,14.5,19.02514,33.37555,1517.141,23.77479,4.11989E-03,6.295927E-02,
,15,18.93524,33.37366,1516.89,23.79599,.0040998,6.502567E-02,
,15.5,18.83593,33.37127,1516.611,23.81916,4.077844E-03,6.708512E-02,
,16,18.72879,33.36622,1516.306,23.84219,4.056057E-03,6.913313E-02,
,16.5,18.57091,33.35516,1515.846,23.8731,4.026691E-03,7.116838E-02,
,17,18.34659,33.34349,1515.19,23.9197,3.982362E-03,7.318076E-02,
,17.5,18.09462,33.33068,1514.449,23.97176,3.932834E-03,7.517199E-02,
,18,17.67043,33.31159,1513.185,24.05999,3.84877E-03,7.713605E-02,
,18.5,17.18475,33.2923,1511.726,24.16129,3.75219E-03,7.905005E-02,
,19,16.97009,33.29381,1511.09,24.21308,3.70299E-03,8.092444E-02,
,19.5,16.85904,33.29424,1510.764,24.23933,3.677992E-03,8.278158E-02,
,20,16.72506,33.28983,1510.361,24.26717,3.651529E-03,8.462633E-02,
,20.5,16.53193,33.28668,1509.778,24.30945,.0036114,8.645337E-02,
,21,16.33343,33.28414,1509.176,24.35311,3.569932E-03,8.826107E-02,
,21.5,16.18226,33.28235,1508.718,24.38624,3.538405E-03,9.005038E-02,
,22,16.06336,33.28421,1508.362,24.41461,3.511407E-03,.0918256,
,22.5,15.86646,33.28853,1507.765,24.4623,3.466142E-03,9.358472E-02,
,23,15.71146,33.27718,1507.278,24.48834,3.441492E-03,9.532208E-02,
,23.5,15.5649,33.26729,1506.817,24.5133,3.417753E-03,9.704888E-02,
,24,15.4345,33.26526,1506.415,24.5406,3.391822E-03,.0987628,
,24.5,15.31837,33.26259,1506.055,24.56413,3.369519E-03,.1004649,
,25,15.2068,33.26355,1505.712,24.58923,3.345685E-03,.1021558,
,25.5,15.10241,33.26691,1505.395,24.61455,3.321723E-03,.103834,
,26,15.0428,33.27008,1505.218,24.62998,3.30712E-03,.1055025,
,26.5,14.99399,33.27174,1505.073,24.64187,3.295899E-03,.1071645,
,27,14.94441,33.2762,1504.929,24.65607,3.282492E-03,.108821,
,27.5,14.91118,33.27644,1504.832,24.66335,3.275655E-03,.1104715,
,28,14.79125,33.27213,1504.453,24.68589,3.254297E-03,.1121165,
,28.5,14.72824,33.27405,1504.262,24.7009,3.24009E-03,.1137513,
,29,14.65436,33.27736,1504.038,24.71921,3.222768E-03,.1153782,
,29.5,14.58213,33.27511,1503.812,24.73276,3.21001E-03,.1169971,
,30,14.53783,33.27272,1503.675,24.74035,3.202851E-03,.1186111,
,30.5,14.50147,33.27077,1503.564,24.74659,3.196978E-03,.120222,
,31,14.46602,33.26961,1503.457,24.75319,3.190822E-03,.1218296,
,31.5,14.42956,33.26897,1503.347,24.7604,3.184092E-03,.1234345,
,32,14.38943,33.26855,1503.226,24.76856,3.176395E-03,.125036,
,32.5,14.35434,33.26907,1503.122,24.77637,3.169155E-03,.1266334,
,33,14.32731,33.26801,1503.041,24.7813,3.164562E-03,.1282276,
,33.5,14.31585,33.26724,1503.012,24.78305,3.163048E-03,.1298204,
,34,14.30966,33.2665,1502.999,24.78375,3.162493E-03,.1314127,
,34.5,14.30375,33.26561,1502.987,24.78439,3.161948E-03,.1330048,
,35,14.2889,33.26604,1502.948,24.78779,3.15886E-03,.1345952,
,35.5,14.27353,33.26654,1502.907,24.79136,3.155624E-03,.1361854,
,36,14.24423,33.2668,1502.821,24.79774,3.149663E-03,.1377713,
,36.5,14.21498,33.26704,1502.735,24.80411,3.143717E-03,.1393569,
,37,14.19966,33.26728,1502.694,24.8075,3.14062E-03,.1409385,
,37.5,14.18441,33.2668,1502.652,24.81027,3.13808E-03,.1425191,
,38,14.168,33.26569,1502.606,24.81279,3.135758E-03,.1440986,
,38.5,14.13645,33.26619,1502.513,24.81982,3.129218E-03,.1456753,
,39,14.09461,33.26625,1502.385,24.82859,3.120968E-03,.1472484,
,39.5,14.04749,33.26613,1502.24,24.83828,3.111835E-03,.1488175,
,40,14.00082,33.26615,1502.096,24.84796,3.102768E-03,.1503824,
,40.5,13.95378,33.26818,1501.954,24.85924,3.092107E-03,.1519406,
,41,13.89916,33.27098,1501.787,24.87266,3.07939E-03,.153495,
,41.5,13.82203,33.27493,1501.548,24.89165,.0030614,.1550414,
,42,13.7394,33.27996,1501.291,24.91246,3.041657E-03,.156576,
,42.5,13.64425,33.2843,1500.992,24.93522,3.020053E-03,.1581014,
,43,13.53139,33.28735,1500.632,24.96051,2.996034E-03,.1596156,
,43.5,13.41645,33.28835,1500.262,24.9845,2.973255E-03,.1611177,
,44,13.29987,33.28773,1499.883,25.00746,2.951455E-03,.1626102,
,44.5,13.19323,33.28636,1499.536,25.02774,2.93221E-03,.1640913,
,45,13.09245,33.28453,1499.207,25.04644,2.914475E-03,.1655655,
,45.5,12.96589,33.28079,1498.787,25.06853,2.893527E-03,.1670252,
,46,12.85807,33.27829,1498.432,25.08781,2.875243E-03,.168479,
,46.5,12.79545,33.27881,1498.231,25.10045,2.863281E-03,.1699239,
,47,12.73185,33.27951,1498.026,25.11348,2.85098E-03,.1713628,
,47.5,12.65753,33.28243,1497.787,25.13019,2.835097E-03,.172795,
,48,12.60603,33.28668,1497.627,25.14348,2.822554E-03,.1742194,
,48.5,12.57474,33.29067,1497.534,25.15264,2.813924E-03,.1756379,
,49,12.54404,33.29477,1497.444,25.16175,2.805329E-03,.1770519,
,49.5,12.50896,33.29845,1497.338,25.17138,2.796236E-03,.1784626,
,50,12.45892,33.30064,1497.179,25.18275,2.785482E-03,.1798678,
,50.5,12.37969,33.30581,1496.925,25.20194,2.767296E-03,.1812638,
,51,12.29151,33.31146,1496.64,25.22318,2.747154E-03,.1826544,
,51.5,12.21,33.3139,1496.374,25.24059,2.730659E-03,.1840324,
,52,12.15682,33.31712,1496.204,25.25319,2.718759E-03,.1854052,
,52.5,12.12489,33.31796,1496.104,25.25984,2.712481E-03,.1867728,
,53,12.08454,33.32034,1495.978,25.26931,2.703591E-03,.1881357,
,53.5,12.04214,33.32486,1495.846,25.28086,2.692754E-03,.1894939,
,54,12.00239,33.33017,1495.725,25.2925,2.681791E-03,.1908469,
,54.5,11.96756,33.33463,1495.619,25.30252,2.672349E-03,.1921947,
,55,11.93624,33.33846,1495.524,25.31136,2.663993E-03,.1935388,
,55.5,11.91332,33.34138,1495.457,25.31789,2.657835E-03,.1948787,
,56,11.89405,33.34378,1495.402,25.32333,2.652722E-03,.1962165,
,56.5,11.86926,33.34483,1495.327,25.32882,2.647582E-03,.1975507,
,57,11.83136,33.34811,1495.208,25.33837,2.638586E-03,.1988811,
,57.5,11.78169,33.35315,1495.052,25.35151,2.626176E-03,.2002066,
,58,11.73459,33.35889,1494.904,25.36475,2.613673E-03,.201526,
,58.5,11.70508,33.36401,1494.817,25.3742,2.604765E-03,.2028406,
,59,11.69258,33.36694,1494.786,25.37873,2.600594E-03,.2041506,
,59.5,11.6793,33.36946,1494.751,25.38312,2.596552E-03,.2054591,
,60,11.66489,33.37148,1494.712,25.38737,2.592627E-03,.2067657,
,60.5,11.6412,33.37436,1494.642,25.394,2.586402E-03,.208069,
,61,11.61283,33.37769,1494.556,25.40183,2.579018E-03,.2093707,
,61.5,11.54548,33.3815,1494.335,25.41719,2.564406E-03,.2106643,
,62,11.49566,33.38403,1494.174,25.42826,2.553911E-03,.2119532,
,62.5,11.46146,33.3854,1494.065,25.43553,2.547073E-03,.2132381,
,63,11.43599,33.38577,1493.985,25.44053,2.542395E-03,.2145193,
,63.5,11.39823,33.38659,1493.863,25.44802,2.535388E-03,.2157973,
,64,11.35583,33.38831,1493.726,25.45703,2.526953E-03,.2170723,
,64.5,11.31788,33.39248,1493.607,25.46717,2.517381E-03,.2183418,
,65,11.26894,33.39674,1493.449,25.47936,2.505815E-03,.2196058,
,65.5,11.21159,33.40108,1493.263,25.49312,2.492724E-03,.2208654,
,66,11.17294,33.40432,1493.14,25.50256,2.483854E-03,.2221181,
,66.5,11.1413,33.40699,1493.04,25.51028,2.47664E-03,.2233681,
,67,11.12022,33.40788,1492.976,25.51484,2.472358E-03,.2246138,
,67.5,11.09516,33.40896,1492.898,25.52016,2.467369E-03,.2258576,
,68,11.06707,33.41053,1492.809,25.52633,2.461584E-03,.2270989,
,68.5,11.0434,33.41381,1492.738,25.53314,2.455197E-03,.228337,
,69,11.02835,33.41612,1492.697,25.53765,2.450981E-03,.2295721,
,69.5,11.0171,33.41732,1492.667,25.5406,2.448245E-03,.2308057,
,70,11.00792,33.41771,1492.643,25.54252,2.446495E-03,.2320383,
,70.5,10.99513,33.41695,1492.606,25.54418,2.445081E-03,.2332699,
,71,10.98005,33.41668,1492.561,25.54668,2.442807E-03,.2345005,
,71.5,10.96395,33.41667,1492.512,25.54956,2.440114E-03,.23573,
,72,10.94961,33.41693,1492.47,25.5523,2.437544E-03,.2369583,
,72.5,10.94101,33.41788,1492.45,25.55456,2.435571E-03,.2381854,
,73,10.93342,33.41842,1492.432,25.55635,2.433938E-03,.2394113,
,73.5,10.9263,33.41953,1492.417,25.55851,2.431967E-03,.2406365,
,74,10.91932,33.42103,1492.402,25.56091,2.429776E-03,.2418608,
,74.5,10.91255,33.42262,1492.388,25.56332,2.427595E-03,.2430839,
,75,10.90869,33.42438,1492.385,25.5654,2.425753E-03,.2443059,
,75.5,10.90442,33.4257,1492.38,25.56715,2.424191E-03,.245527,
,76,10.90033,33.4265,1492.375,25.56851,2.423001E-03,.2467476,
,76.5,10.89811,33.42717,1492.376,25.56942,2.422171E-03,.2479676,
,77,10.8898,33.42941,1492.358,25.57258,2.419395E-03,.2491867,
,77.5,10.88327,33.43174,1492.346,25.5756,2.416509E-03,.2504042,
,78,10.87797,33.433,1492.337,25.57741,2.414773E-03,.2516209,
,78.5,10.87336,33.43362,1492.33,25.57874,2.413719E-03,.2528366,
,79,10.86729,33.43365,1492.317,25.57991,2.412773E-03,.254052,
,79.5,10.85584,33.43301,1492.284,25.58148,2.411347E-03,.2552667,
,80,10.82948,33.43306,1492.199,25.58608,2.406977E-03,.2564799,
,80.5,10.79596,33.43558,1492.092,25.594,2.399538E-03,.2576905,
,81,10.76237,33.43855,1491.985,25.60225,2.391846E-03,.2588961,
,81.5,10.73358,33.44231,1491.896,25.61025,2.384346E-03,.2600988,
,82,10.71037,33.44697,1491.828,25.61796,2.377086E-03,.2612984,
,82.5,10.68017,33.45065,1491.734,25.62612,2.369401E-03,.2624927,
,83,10.65413,33.45415,1491.654,25.63341,2.362517E-03,.2636847,
,83.5,10.63987,33.45758,1491.616,25.63856,2.357604E-03,.2648732,
,84,10.6292,33.46048,1491.59,25.64265,2.353811E-03,.2660597,
,84.5,10.62049,33.4632,1491.571,25.64627,2.350523E-03,.2672446,
,85,10.6112,33.46655,1491.55,25.65054,2.346569E-03,.2684273,
,85.5,10.60325,33.47018,1491.534,25.65472,2.342686E-03,.2696082,
,86,10.59923,33.47309,1491.532,25.65771,2.339909E-03,.2707872,
,86.5,10.59678,33.47576,1491.535,25.66021,2.337639E-03,.2719649,
,87,10.59524,33.4783,1491.541,25.66242,2.335664E-03,.2731419,
,87.5,10.59327,33.48048,1491.545,25.66444,2.333864E-03,.2743175,
,88,10.59137,33.48259,1491.549,25.6664,2.332123E-03,.2754928,
,88.5,10.59097,33.48457,1491.558,25.66801,2.330717E-03,.2766668,
,89,10.58987,33.48601,1491.564,25.66935,2.329547E-03,.2778404,
,89.5,10.58781,33.48669,1491.566,25.67031,.0023287,.2790135,
,90,10.58714,33.48719,1491.573,25.6708,2.328325E-03,.2801862,
,90.5,10.58606,33.48729,1491.577,25.67099,2.328156E-03,.2813588,
,91,10.58556,33.48763,1491.584,25.6714,2.327846E-03,.2825313,
,91.5,10.58576,33.48803,1491.594,25.67161,2.327851E-03,.2837037,
,92,10.58594,33.48895,1491.604,25.67233,2.327208E-03,.2848759,
,92.5,10.58352,33.49019,1491.605,25.67375,2.326044E-03,.2860477,
,93,10.5823,33.49111,1491.61,25.67468,2.325277E-03,.287219,
,93.5,10.58182,33.49166,1491.617,25.67515,2.324919E-03,.28839,
,94,10.57829,33.49237,1491.614,25.6763,2.323904E-03,.2895606,
,94.5,10.57133,33.49332,1491.598,25.67827,2.322084E-03,.2907306,
,95,10.56069,33.4958,1491.572,25.68209,2.318481E-03,.2918993,
,95.5,10.54352,33.50232,1491.527,25.69017,2.310959E-03,.2930649,
,96,10.51449,33.51034,1491.442,25.70147,2.300365E-03,.2942263,
,96.5,10.48724,33.51801,1491.362,25.71213,2.290236E-03,.2953826,
,97,10.46212,33.52214,1491.286,25.7197,2.283029E-03,.2965341,
,97.5,10.43787,33.52444,1491.211,25.72562,2.277565E-03,.2976825,
,98,10.42652,33.52645,1491.181,25.72915,2.274268E-03,.2988288,
,98.5,10.42052,33.52709,1491.169,25.73071,2.27287E-03,.2999738,
,99,10.41532,33.52706,1491.158,25.7316,2.272174E-03,.3011185,
,99.5,10.41496,33.52728,1491.166,25.73182,2.27209E-03,.3022628,
,100,10.41393,33.52744,1491.171,25.73211,2.271919E-03,.3034072,
,100.5,10.4123,33.52761,1491.173,25.7325,2.271621E-03,.3045514,
,101,10.41031,33.5286,1491.176,25.73371,2.270542E-03,.3056952,
,101.5,10.40812,33.52937,1491.177,25.73468,2.269694E-03,.3068385,
,102,10.40598,33.52993,1491.178,25.73543,2.269041E-03,.3079816,
,102.5,10.40451,33.53018,1491.182,25.73587,2.268697E-03,.3091244,
,103,10.39793,33.52837,1491.164,25.73562,2.269018E-03,.3102671,
,103.5,10.38362,33.52697,1491.12,25.73701,2.267833E-03,.3114095,
,104,10.35643,33.52609,1491.03,25.74098,2.264182E-03,.3125507,
,104.5,10.29947,33.52517,1490.834,25.74995,2.255656E-03,.3136888,
,105,10.25239,33.52471,1490.673,25.75768,2.248301E-03,.3148231,
,105.5,10.21537,33.52395,1490.548,25.76344,2.242827E-03,.3159544,
,106,10.19369,33.52222,1490.476,25.76572,2.240703E-03,.3170836,
,106.5,10.18693,33.52062,1490.458,25.76563,2.240967E-03,.3182123,
,107,10.18517,33.52016,1490.46,25.76563,2.241037E-03,.319341,
,107.5,10.17954,33.52021,1490.448,25.7666,2.240181E-03,.3204695,
,108,10.17018,33.52069,1490.423,25.76852,2.238429E-03,.3215975,
,108.5,10.15599,33.52161,1490.381,25.77168,2.235506E-03,.3227243,
,109,10.13646,33.52362,1490.322,25.77652,2.230991E-03,.3238488,
,109.5,10.09765,33.52604,1490.194,25.78498,2.222986E-03,.3249697,
,110,10.04718,33.52864,1490.024,25.79558,2.212911E-03,.3260884,
,110.5,9.992002,33.53016,1489.835,25.80608,2.202931E-03,.3271992,
,111,9.941632,33.53129,1489.663,25.81543,2.194044E-03,.3283069,
,111.5,9.897199,33.53178,1489.511,25.82323,2.186636E-03,.3294108,
,112,9.857471,33.53016,1489.374,25.82852,2.181702E-03,.3305109,
,112.5,9.822333,33.53025,1489.255,25.83451,2.175933E-03,.3316081,
,113,9.789367,33.53094,1489.145,25.84053,2.170229E-03,.3327025,
,113.5,9.758728,33.53171,1489.043,25.84615,2.164959E-03,.3337946,
,114,9.733438,33.53223,1488.96,25.85079,2.160617E-03,.3348838,
,114.5,9.705198,33.5332,1488.867,25.8562,2.155545E-03,.3359706,
,115,9.674775,33.53448,1488.767,25.86217,2.149946E-03,.3370557,
,115.5,9.635604,33.53631,1488.635,25.87007,2.142437E-03,.3381365,
,116,9.615762,33.53903,1488.574,25.87545,2.13738E-03,.3392141,
,116.5,9.603448,33.54124,1488.54,25.87918,2.133908E-03,.3402899,
,117,9.59499,33.54251,1488.52,25.88153,2.131751E-03,.3413644,
,117.5,9.58893,33.54293,1488.506,25.88284,2.130576E-03,.3424379,
,118,9.5802,33.54331,1488.483,25.88459,2.128999E-03,.3435107,
,118.5,9.568999,33.54341,1488.451,25.88653,2.12721E-03,.3445827,
,119,9.558085,33.54256,1488.418,25.88772,2.126077E-03,.3456539,
,119.5,9.547372,33.54147,1488.386,25.88854,2.125442E-03,.3467247,
,120,9.527194,33.54258,1488.322,25.8927,2.121557E-03,.3477941,
,120.5,9.508644,33.54528,1488.266,25.89786,2.11669E-03,.3488616,
,121,9.498296,33.54861,1488.241,25.90213,2.112696E-03,.3499272,
,121.5,9.500251,33.5535,1488.262,25.90566,2.109496E-03,.3509902,
,122,9.493192,33.55843,1488.251,25.91066,2.104867E-03,.3520516,
,122.5,9.47339,33.56322,1488.193,25.9176,2.098321E-03,.3531106,
,123,9.441263,33.56768,1488.089,25.92623,2.090037E-03,.3541655,
,123.5,9.425772,33.5726,1488.047,25.93262,2.084029E-03,.3552165,
,124,9.404355,33.57627,1487.981,25.939,2.078053E-03,.3562647,
,124.5,9.378716,33.57898,1487.899,25.94529,2.072153E-03,.3573103,
,125,9.361449,33.58177,1487.847,25.95028,2.067493E-03,.358353,
,125.5,9.349334,33.58345,1487.813,25.95351,2.064436E-03,.3593936,
,126,9.331921,33.58418,1487.759,25.95691,2.061268E-03,.3604328,
,126.5,9.29853,33.5865,1487.647,25.96411,2.054478E-03,.3614691,
,127,9.260461,33.59196,1487.523,25.97447,2.04463E-03,.3625016,
,127.5,9.229964,33.60038,1487.429,25.98596,2.033726E-03,.3635297,
,128,9.234254,33.61575,1487.472,25.99732,2.023172E-03,.3645515,
,128.5,9.269799,33.63976,1487.64,26.01046,2.010921E-03,.3655676,
,129,9.304338,33.65082,1487.789,26.01349,2.008198E-03,.3665796,
,129.5,9.323387,33.65725,1487.875,26.01545,2.006424E-03,.3675908,
,130,9.335612,33.66209,1487.934,26.01727,2.004776E-03,.3686013,
,130.5,9.352787,33.66961,1488.014,26.02035,2.002081E-03,.3696105,
,131,9.368262,33.68043,1488.093,26.02629,1.996616E-03,.3706175,
,131.5,9.379547,33.68634,1488.15,26.02912,1.99404E-03,.3716225,
,132,9.388425,33.69072,1488.196,26.03113,1.992214E-03,.3726265,
,132.5,9.39616,33.69402,1488.236,26.03243,1.991075E-03,.3736299,
,133,9.404158,33.69552,1488.276,26.03222,1.991463E-03,.374633,
,133.5,9.415904,33.69714,1488.329,26.03169,1.991964E-03,.3756364,
,134,9.425949,33.69745,1488.374,26.03029,1.993483E-03,.3766403,
,134.5,9.432496,33.69796,1488.407,26.02966,1.994188E-03,.3776447,
,135,9.429229,33.69861,1488.404,26.03066,1.993337E-03,.3786491,
,135.5,9.418771,33.69874,1488.374,26.03248,1.991722E-03,.3796529,
,136,9.417464,33.69904,1488.378,26.03297,1.991384E-03,.3806562,
,136.5,9.421037,33.69889,1488.399,26.03223,1.992096E-03,.3816595,
,137,9.430333,33.70078,1488.444,26.03223,1.992184E-03,.3826631,
,137.5,9.438794,33.70295,1488.486,26.03248,.0019921,.3836667,
,138,9.445623,33.70527,1488.522,26.0332,1.991535E-03,.3846701,
,138.5,9.449169,33.70746,1488.546,26.03438,1.990503E-03,.3856731,
,139,9.446873,33.70965,1488.548,26.03642,1.988654E-03,.3866754,
,139.5,9.442826,33.71394,1488.547,26.04041,1.984969E-03,.3876764,
,140,9.46571,33.72203,1488.649,26.04304,1.982659E-03,.3886758,
,140.5,9.488519,33.73103,1488.751,26.04634,1.979632E-03,.3896737,
,141,9.509499,33.73901,1488.846,26.04914,1.977201E-03,.3906704,
,141.5,9.523881,33.74478,1488.914,26.05128,1.975345E-03,.391666,
,142,9.533104,33.7486,1488.96,26.05276,1.974031E-03,.3926609,
,142.5,9.545842,33.75139,1489.019,26.05297,1.974022E-03,.3936553,
,143,9.558297,33.75582,1489.078,26.05429,1.97283E-03,.3946495,
,143.5,9.562538,33.76019,1489.107,26.05701,1.97036E-03,.3956427,
,144,9.569273,33.76495,1489.145,26.05961,1.967981E-03,.3966348,
,144.5,9.578469,33.76905,1489.192,26.06131,1.966511E-03,.3976259,
,145,9.588831,33.77238,1489.242,26.06222,1.965895E-03,.3986165,
,145.5,9.598096,33.77468,1489.287,26.06246,1.965766E-03,.3996068,
,146,9.605175,33.7771,1489.324,26.06321,1.965153E-03,.400597,
,146.5,9.609149,33.77834,1489.348,26.06354,1.964916E-03,.4015869,
,147,9.61148,33.77898,1489.366,26.06366,1.964907E-03,.4025768,
,147.5,9.612832,33.77947,1489.38,26.06382,1.964897E-03,.4035667,
,148,9.611938,33.77917,1489.384,26.06376,1.965043E-03,.4045567,
,148.5,9.610992,33.77866,1489.389,26.06354,1.965339E-03,.4055468,
,149,9.609612,33.77798,1489.391,26.06322,1.965725E-03,.406537,
,149.5,9.607128,33.7772,1489.39,26.06299,1.966019E-03,.4075274,
,150,9.604177,33.7766,1489.386,26.06299,1.96601E-03,.4085179,
,150.5,9.600444,33.776,1489.38,26.06317,1.966001E-03,.4095083,
,151,9.595226,33.77554,1489.369,26.06368,1.965618E-03,.4104987,
,151.5,9.590016,33.77503,1489.358,26.06415,1.965251E-03,.411489,
,152,9.587512,33.77416,1489.356,26.06388,1.965598E-03,.4124791,
,152.5,9.588476,33.77289,1489.366,26.06268,1.96683E-03,.4134697,
,153,9.589894,33.77209,1489.379,26.06176,1.967786E-03,.4144609,
,153.5,9.588693,33.77155,1489.382,26.0616,1.96803E-03,.4154523,
,154,9.58813,33.77185,1489.388,26.06195,1.967795E-03,.4164437,
,154.5,9.586931,33.77241,1489.393,26.06256,.0019673,.417435,
,155,9.583429,33.77244,1489.389,26.06318,1.966781E-03,.4184261,
,155.5,9.583962,33.77196,1489.398,26.06275,1.967267E-03,.4194171,
,156,9.582884,33.77132,1489.402,26.06241,1.967672E-03,.4204083,
,156.5,9.579988,33.77025,1489.398,26.06203,1.968134E-03,.4213998,
,157,9.578998,33.76954,1489.402,26.06159,1.968598E-03,.4223915,
,157.5,9.579313,33.76939,1489.411,26.06146,1.968823E-03,.4233833,
,158,9.578309,33.76925,1489.416,26.06157,1.968874E-03,.4243753,
,158.5,9.578964,33.76933,1489.427,26.0615,1.969044E-03,.4253673,
,159,9.579954,33.76919,1489.438,26.06118,1.969455E-03,.4263594,
,159.5,9.57823,33.76892,1489.44,26.06128,1.969543E-03,.4273517,
,160,9.578773,33.76894,1489.45,26.06115,1.969654E-03,.4283441,
,160.5,9.576374,33.76741,1489.448,26.06036,1.970538E-03,.4293367,
,161,9.573608,33.76511,1489.443,26.05901,1.97193E-03,.4303298,
,161.5,9.56698,33.76269,1489.425,26.05829,1.972691E-03,.4313235,
,162,9.557446,33.76111,1489.396,26.05855,1.97243E-03,.4323174,
,162.5,9.551189,33.76133,1489.382,26.05976,1.971383E-03,.4333109,
,163,9.543472,33.76019,1489.361,26.06014,1.971023E-03,.434304,
,163.5,9.52872,33.75775,1489.312,26.06061,1.970673E-03,.435297,
,164,9.507963,33.75755,1489.245,26.06388,1.967567E-03,.4362892,
,164.5,9.497032,33.75877,1489.215,26.06664,1.965061E-03,.4372799,
,165,9.492437,33.76037,1489.208,26.06866,1.963249E-03,.4382694,
,165.5,9.487244,33.76095,1489.198,26.06995,1.962043E-03,.4392582,
,166,9.485934,33.76136,1489.202,26.07051,1.961642E-03,.4402467,
,166.5,9.484127,33.76231,1489.205,26.07154,1.960718E-03,.4412349,
,167,9.481701,33.76386,1489.206,26.0731,1.959292E-03,.4422224,
,167.5,9.478852,33.76534,1489.206,26.07472,1.957897E-03,.4432092,
,168,9.475748,33.76628,1489.204,26.07599,1.95683E-03,.4441954,
,168.5,9.476381,33.767,1489.216,26.07638,1.956487E-03,.4451813,
,169,9.480522,33.76756,1489.24,26.07614,1.956901E-03,.4461672,
,169.5,9.487914,33.76824,1489.276,26.07552,1.957574E-03,.4471533,
,170,9.494466,33.76966,1489.31,26.07553,1.957744E-03,.4481397,
,170.5,9.498349,33.77084,1489.334,26.07589,1.957455E-03,.449126,
,171,9.503046,33.77211,1489.361,26.07612,1.95729E-03,.4501122,
,171.5,9.506082,33.77311,1489.381,26.07636,1.957223E-03,.4510984,
,172,9.507003,33.77386,1489.394,26.07677,1.956981E-03,.4520845,
,172.5,9.508204,33.77469,1489.407,26.07722,1.95664E-03,.4530704,
,173,9.509914,33.77545,1489.423,26.07751,1.956446E-03,.4540563,
,173.5,9.514062,33.77655,1489.448,26.0778,1.956256E-03,.455042,
,174,9.521169,33.77851,1489.484,26.07813,1.956116E-03,.4560276,
,174.5,9.519862,33.77931,1489.489,26.07898,1.955375E-03,.4570131,
,175,9.513197,33.77929,1489.473,26.08004,1.954473E-03,.4579981,
,175.5,9.509757,33.77944,1489.469,26.08076,1.953875E-03,.4589827,
,176,9.514019,33.78122,1489.495,26.08144,1.953305E-03,.459967,
,176.5,9.522094,33.78393,1489.536,26.08223,1.952657E-03,.4609511,
,177,9.533422,33.78776,1489.59,26.08339,1.95173E-03,.4619348,
,177.5,9.544757,33.79419,1489.648,26.08649,1.949007E-03,.4629176,
,178,9.555325,33.80701,1489.71,26.09477,1.94125E-03,.4638974,
,178.5,9.601265,33.81644,1489.897,26.09466,1.941619E-03,.4648757,
,179,9.645087,33.82355,1490.073,26.09303,1.943401E-03,.4658545,
,179.5,9.667106,33.8253,1490.164,26.09075,1.945707E-03,.4668343,
,180,9.673007,33.82669,1490.195,26.09078,1.945791E-03,.4678147,
,180.5,9.676566,33.83089,1490.222,26.09346,1.943446E-03,.4687945,
,181,9.67439,33.83628,1490.229,26.0981,1.939091E-03,.4697727,
,181.5,9.671318,33.84438,1490.236,26.10495,1.932699E-03,.4707484,
,182,9.663334,33.84863,1490.22,26.1095,1.928345E-03,.471721,
,182.5,9.666123,33.84966,1490.24,26.10992,1.928158E-03,.4726925,
,183,9.664745,33.8499,1490.244,26.11028,1.92785E-03,.4736641,
,183.5,9.655859,33.85047,1490.22,26.11221,1.926129E-03,.4746352,
,184,9.650118,33.85034,1490.208,26.11304,1.925451E-03,.4756054,
,184.5,9.638955,33.85397,1490.18,26.11778,1.92095E-03,.4765746,
,185,9.622048,33.85597,1490.129,26.12211,1.916937E-03,.4775414,
,185.5,9.614031,33.85834,1490.111,26.12527,1.914026E-03,.4785065,
,186,9.59803,33.85899,1490.062,26.12844,1.911038E-03,.4794704,
,186.5,9.585827,33.86143,1490.029,26.13231,1.907406E-03,.4804323,
,187,9.575918,33.86347,1490.004,26.13558,1.904411E-03,.4813926,
,187.5,9.57023,33.8658,1489.994,26.13835,1.901856E-03,.4823517,
,188,9.565731,33.86744,1489.988,26.14037,1.899947E-03,.4833096,
,188.5,9.560308,33.86917,1489.979,26.14254,1.897997E-03,.4842664,
,189,9.554502,33.87016,1489.967,26.14431,1.896411E-03,.4852225,
,189.5,9.552757,33.87107,1489.97,26.14528,1.89558E-03,.4861778,
,190,9.55058,33.87187,1489.971,26.14629,1.894751E-03,.4871328,
,190.5,9.547829,33.87285,1489.971,26.14754,1.89366E-03,.4880872,
,191,9.54425,33.87423,1489.968,26.14921,1.892071E-03,.4890411,
,191.5,9.540537,33.87556,1489.964,26.15078,1.890663E-03,.4899941,
,192,9.539039,33.87624,1489.968,26.15157,1.890089E-03,.4909467,
,192.5,9.538136,33.87612,1489.973,26.15166,1.890126E-03,.4918992,
,193,9.537419,33.87574,1489.978,26.15151,1.890356E-03,.4928517,
,193.5,9.537203,33.8754,1489.985,26.15127,1.89065E-03,.4938043,
,194,9.537339,33.87539,1489.994,26.15125,1.89073E-03,.494757,
,194.5,9.537248,33.87547,1490.002,26.15133,1.890726E-03,.4957098,
,195,9.535605,33.8759,1490.005,26.15189,1.890361E-03,.4966625,
,195.5,9.531575,33.87727,1490,26.15362,1.888833E-03,.4976147,
,196,9.525977,33.87911,1489.99,26.15598,1.886696E-03,.4985659,
,196.5,9.521727,33.88066,1489.985,26.15794,1.884854E-03,.4995161,
,197,9.517637,33.88211,1489.98,26.15975,1.883171E-03,.5004655,
,197.5,9.512596,33.88371,1489.972,26.16178,1.881343E-03,.5014141,
,198,9.505104,33.88582,1489.955,26.16465,1.878796E-03,.5023615,
,198.5,9.497316,33.88828,1489.938,26.16778,1.875841E-03,.5033075,
,199,9.493178,33.8908,1489.935,26.17041,1.873409E-03,.5042521,
,199.5,9.489898,33.89334,1489.934,26.17296,1.871062E-03,.5051955,
,200,9.485948,33.89588,1489.931,26.17567,1.868555E-03,.506138,
,200.5,9.482362,33.89832,1489.929,26.17814,1.866329E-03,.5070786,
,201,9.478869,33.90077,1489.928,26.18058,1.864126E-03,.5080191,
,201.5,9.478989,33.90397,1489.94,26.18314,1.861774E-03,.5089576,
,202,9.47991,33.90725,1489.956,26.18556,1.859567E-03,.5098954,
,202.5,9.483233,33.91092,1489.981,26.18789,1.857456E-03,.510832,
,203,9.490911,33.91564,1490.023,26.19032,1.855313E-03,.5117674,
,203.5,9.502109,33.92172,1490.08,26.1932,1.85276E-03,.5127017,
,204,9.509945,33.92757,1490.124,26.19649,1.849743E-03,.5136347,
,204.5,9.513842,33.93163,1490.151,26.19899,1.847503E-03,.5145662,
,205,9.517079,33.93405,1490.174,26.20037,1.846361E-03,.515497,
,205.5,9.518528,33.93558,1490.19,26.20131,1.845551E-03,.5164273,
,206,9.520113,33.93668,1490.205,26.2019,1.844986E-03,.5173572,
,206.5,9.524048,33.93818,1490.229,26.20245,1.844664E-03,.5182868,
,207,9.529139,33.94,1490.259,26.20301,1.844339E-03,.5192164,
,207.5,9.535618,33.94287,1490.294,26.20424,1.843217E-03,.5201455,
,208,9.543888,33.94724,1490.338,26.20632,1.841368E-03,.521074,
,208.5,9.558483,33.95449,1490.408,26.20954,1.838506E-03,.522001,
,209,9.572574,33.96009,1490.475,26.21162,1.836683E-03,.522927,
,209.5,9.588272,33.96494,1490.546,26.21289,1.835551E-03,.5238525,
,210,9.58888,33.96718,1490.559,26.21459,1.834156E-03,.524777,
,210.5,9.588661,33.96888,1490.569,26.21594,1.832996E-03,.5257011,
,211,9.587524,33.9697,1490.574,26.21669,1.832305E-03,.5266247,
,211.5,9.587524,33.96997,1490.583,26.21688,1.832317E-03,.5275481,
,212,9.585543,33.97054,1490.584,26.21773,1.831507E-03,.5284713,
,212.5,9.577559,33.97122,1490.564,26.21955,1.829844E-03,.5293938,
,213,9.561584,33.97098,1490.514,26.22197,1.827646E-03,.5303154,
,213.5,9.535476,33.97054,1490.427,26.22586,1.823933E-03,.5312356,
,214,9.511411,33.97254,1490.35,26.23139,1.818706E-03,.5321534,
,214.5,9.504735,33.9771,1490.34,26.23609,1.814354E-03,.5330689,
,215,9.520789,33.9828,1490.413,26.23788,1.812801E-03,.5339829,
,215.5,9.538197,33.98697,1490.49,26.23828,1.812587E-03,.5348964,
,216,9.532385,33.98811,1490.479,26.24014,1.810886E-03,.5358095,
,216.5,9.510628,33.98722,1490.407,26.24303,1.808145E-03,.5367215,
,217,9.468347,33.98511,1490.258,26.24835,1.803097E-03,.5376313,
,217.5,9.436445,33.98257,1490.147,26.25157,1.800036E-03,.5385392,
,218,9.417596,33.98113,1490.085,26.25347,1.798166E-03,.539446,
,218.5,9.406276,33.98137,1490.052,26.25547,1.796295E-03,.5403517,
,219,9.39699,33.98291,1490.028,26.2582,1.793843E-03,.5412564,
,219.5,9.394142,33.98588,1490.03,26.26099,1.791191E-03,.5421598,
,220,9.398761,33.98913,1490.059,26.26282,1.789619E-03,.5430622,
,220.5,9.407109,33.99245,1490.102,26.26404,1.788602E-03,.5439638,
,221,9.412647,33.9939,1490.132,26.26428,1.788477E-03,.5448653,
,221.5,9.416072,33.99487,1490.154,26.26451,1.788427E-03,.5457667,
,222,9.418422,33.99555,1490.172,26.26465,1.788428E-03,.546668,
,222.5,9.420845,33.99621,1490.19,26.26472,1.78842E-03,.5475693,
,223,9.423823,33.99727,1490.21,26.265,1.788165E-03,.5484706,
,223.5,9.42211,33.99807,1490.213,26.26591,.0017875,.5493717,
,224,9.413819,33.99982,1490.193,26.26865,1.784992E-03,.5502718,
,224.5,9.399769,34.00154,1490.152,26.27229,1.781622E-03,.5511702,
,225,9.386176,34.0032,1490.113,26.2758,1.778336E-03,.5520675,
,225.5,9.375299,34.00477,1490.083,26.2788,1.775485E-03,.5529633,
,226,9.370033,34.00566,1490.073,26.28042,1.774058E-03,.5538578,
,226.5,9.359863,34.00532,1490.044,26.28183,1.772725E-03,.5547515,
,227,9.343655,34.00697,1489.995,26.2857,1.769134E-03,.555644,
,227.5,9.328987,34.00884,1489.952,26.28952,1.765524E-03,.5565345,
,228,9.319798,34.01163,1489.93,26.29322,1.762087E-03,.5574237,
,228.5,9.314643,34.01408,1489.922,26.29597,1.759516E-03,.5583111,
,229,9.308347,34.01622,1489.91,26.29865,1.757048E-03,.5591972,
,229.5,9.303595,34.01906,1489.905,26.30164,1.754312E-03,.560082,
,230,9.300557,34.02328,1489.907,26.30545,1.750733E-03,.5609654,
,230.5,9.298764,34.02893,1489.916,26.31017,1.746372E-03,.5618466,
,231,9.292442,34.03418,1489.907,26.31529,1.741681E-03,.5627256,
,231.5,9.283758,34.03869,1489.89,26.32024,1.737046E-03,.5636024,
,232,9.278844,34.04135,1489.883,26.32309,1.734373E-03,.5644772,
,232.5,9.27552,34.0431,1489.881,26.32501,1.732629E-03,.5653509,
,233,9.273745,34.04499,1489.885,26.32683,1.730933E-03,.5662237,
,233.5,9.27016,34.04708,1489.883,26.32905,1.72895E-03,.5670956,
,234,9.265442,34.04919,1489.877,26.33145,1.726867E-03,.5679666,
,234.5,9.260854,34.05177,1489.871,26.33422,1.72434E-03,.5688365,
,235,9.253712,34.05341,1489.855,26.33653,1.722132E-03,.5697049,
,235.5,9.248637,34.05497,1489.847,26.33867,1.720313E-03,.5705725,
,236,9.243006,34.05588,1489.836,26.34028,1.71869E-03,.5714391,
,236.5,9.239616,34.0571,1489.833,26.34174,1.717315E-03,.572305,
,237,9.23803,34.05819,1489.837,26.34288,1.716363E-03,.5731703,
,237.5,9.237303,34.05883,1489.843,26.34349,1.715984E-03,.5740353,
,238,9.236756,34.05923,1489.85,26.34394,1.715677E-03,.5749001,
,238.5,9.236928,34.0589,1489.859,26.34359,1.716089E-03,.575765,
,239,9.238303,34.05845,1489.871,26.34297,1.716687E-03,.5766301,
,239.5,9.239503,34.05802,1489.884,26.34249,1.717318E-03,.5774955,
,240,9.238962,34.05802,1489.89,26.34257,1.717341E-03,.578361,
,240.5,9.238753,34.05845,1489.898,26.34298,1.716981E-03,.5792266,
,241,9.238226,34.05912,1489.905,26.34361,1.71643E-03,.5800918,
,241.5,9.237384,34.06011,1489.912,26.34451,1.715678E-03,.5809568,
,242,9.23614,34.06131,1489.917,26.34564,1.714719E-03,.5818213,
,242.5,9.234638,34.06243,1489.921,26.34674,1.713785E-03,.5826854,
,243,9.231096,34.06364,1489.918,26.34826,1.712449E-03,.5835488,
,243.5,9.224141,34.06472,1489.902,26.35023,1.710674E-03,.5844116,
,244,9.219604,34.06622,1489.895,26.35218,1.708906E-03,.5852735,
,244.5,9.215631,34.06676,1489.89,26.35324,1.707961E-03,.5861345,
,245,9.212333,34.06716,1489.886,26.35406,1.707253E-03,.5869952,
,245.5,9.210147,34.06733,1489.887,26.3545,1.706922E-03,.5878558,
,246,9.209482,34.06734,1489.893,26.35462,1.706901E-03,.5887161,
,246.5,9.207587,34.0673,1489.894,26.35485,1.706683E-03,.5895765,
,247,9.208052,34.068,1489.905,26.3554,1.706362E-03,.5904366,
,247.5,9.205266,34.06832,1489.903,26.35607,1.705745E-03,.5912966,
,248,9.203139,34.06877,1489.905,26.35675,1.705217E-03,.5921562,
,248.5,9.199838,34.06885,1489.901,26.35745,1.704634E-03,.5930156,
,249,9.198755,34.06955,1489.906,26.35812,1.704076E-03,.5938746,
,249.5,9.197052,34.07027,1489.909,26.35892,1.703399E-03,.5947335,
,250,9.194548,34.07091,1489.909,26.35985,1.702606E-03,.5955919,
,250.5,9.194444,34.07161,1489.917,26.36039,1.702198E-03,.59645,
,251,9.19189,34.07168,1489.917,26.36078,1.701963E-03,.597308,
,251.5,9.190596,34.07216,1489.921,26.36143,1.701407E-03,.5981658,
,252,9.188807,34.07237,1489.923,26.36182,1.70105E-03,.5990233,
,252.5,9.184051,34.07155,1489.912,26.36199,1.701021E-03,.5998808,
,253,9.176986,34.07119,1489.894,26.36291,1.700267E-03,.600738,
,253.5,9.172122,34.07213,1489.886,26.36444,1.698878E-03,.6015947,
,254,9.169519,34.07437,1489.887,26.36653,1.696913E-03,.6024506,
,254.5,9.167819,34.07741,1489.893,26.36918,1.694493E-03,.6033053,
,255,9.168949,34.07935,1489.908,26.37048,1.69336E-03,.6041591,
,255.5,9.170679,34.07973,1489.923,26.37056,1.693403E-03,.6050127,
,256,9.176223,34.07996,1489.952,26.36987,1.694153E-03,.6058664,
,256.5,9.176801,34.08125,1489.964,26.37079,1.69343E-03,.6067203,
,257,9.173136,34.08329,1489.962,26.37295,1.691508E-03,.6075733,
,257.5,9.170853,34.08497,1489.964,26.37462,1.689975E-03,.6084256,
,258,9.169764,34.08553,1489.969,26.37524,1.689464E-03,.6092774,
,258.5,9.17164,34.08551,1489.984,26.37488,1.68995E-03,.6101291,
,259,9.170511,34.08564,1489.988,26.37525,1.689588E-03,.6109809,
,259.5,9.170071,34.08681,1489.996,26.37618,1.688813E-03,.6118323,
,260,9.169034,34.08731,1490.001,26.37671,1.688426E-03,.6126836,
,260.5,9.170107,34.08804,1490.014,26.37711,1.688174E-03,.6135346,
,261,9.168499,34.08907,1490.018,26.37821,1.687234E-03,.6143854,
,261.5,9.166308,34.09127,1490.021,26.38032,1.685316E-03,.6152354,
,262,9.159019,34.09308,1490.005,26.38287,1.682973E-03,.6160842,
,262.5,9.151202,34.09495,1489.987,26.38557,1.680501E-03,.616932,
,263,9.144111,34.09624,1489.97,26.38777,1.678481E-03,.6177787,
,263.5,9.140097,34.09601,1489.964,26.38827,1.678002E-03,.6186246,
,264,9.137648,34.0959,1489.963,26.38852,1.677825E-03,.6194704,
,264.5,9.134952,34.09565,1489.961,26.38872,1.67772E-03,.6203162,
,265,9.132378,34.09519,1489.959,26.38876,.0016778,.6211619,
,265.5,9.129878,34.09479,1489.958,26.38885,1.677878E-03,.6220078,
,266,9.121573,34.09395,1489.934,26.38964,1.677126E-03,.6228534,
,266.5,9.115199,34.09395,1489.919,26.39059,1.676277E-03,.6236986,
,267,9.104602,34.09534,1489.89,26.39337,1.673699E-03,.6245431,
,267.5,9.096608,34.09626,1489.87,26.3954,1.671767E-03,.6253862,
,268,9.093846,34.09618,1489.868,26.39579,1.671477E-03,.6262289,
,268.5,9.093904,34.09544,1489.876,26.39519,1.672196E-03,.6270717,
,269,9.093263,34.09477,1489.881,26.39478,1.672707E-03,.6279148,
,269.5,9.091803,34.09441,1489.883,26.3947,1.672851E-03,.628758,
,270,9.089111,34.09452,1489.882,26.39515,1.672432E-03,.6296012,
,270.5,9.088263,34.09444,1489.887,26.39523,1.672463E-03,.6304443,
,271,9.08955,34.09459,1489.9,26.39517,1.67265E-03,.6312875,
,271.5,9.087093,34.09499,1489.9,26.3959,1.672038E-03,.6321306,
,272,9.086357,34.09469,1489.905,26.39584,1.672128E-03,.6329735,
,272.5,9.087095,34.09319,1489.914,26.39454,1.673455E-03,.6338167,
,273,9.088623,34.09031,1489.925,26.3919,1.676043E-03,.6346609,
,273.5,9.092309,34.08764,1489.943,26.38933,1.678586E-03,.6355064,
,274,9.092217,34.08539,1489.949,26.3876,1.680319E-03,.6363531,
,274.5,9.090243,34.0849,1489.949,26.38749,1.68049E-03,.6372002,
,275,9.094773,34.08537,1489.975,26.38711,1.681002E-03,.6380475,
,275.5,9.089771,34.08495,1489.964,26.38764,1.680597E-03,.6388948,
,276,9.089886,34.08676,1489.975,26.38901,1.679369E-03,.6397415,
,276.5,9.088916,34.08864,1489.982,26.39063,1.677946E-03,.640588,
,277,9.086846,34.09159,1489.986,26.39331,1.675499E-03,.6414325,
,277.5,9.086206,34.09231,1489.993,26.39391,1.675033E-03,.642277,
,278,9.084099,34.09414,1489.996,26.39573,1.673369E-03,.6431211,
,278.5,9.084108,34.09427,1490.004,26.39585,1.673383E-03,.6439647,
,279,9.086063,34.09474,1490.021,26.39594,1.673413E-03,.6448083,
,279.5,9.086058,34.09552,1490.03,26.39658,1.672895E-03,.6456518,
,280,9.085145,34.09638,1490.036,26.39738,1.672211E-03,.646495,
,280.5,9.086265,34.09761,1490.05,26.39812,1.671601E-03,.6473379,
,281,9.087008,34.09934,1490.063,26.39938,1.670501E-03,.6481803,
,281.5,9.08607,34.1017,1490.071,26.40141,1.668664E-03,.649022,
,282,9.083936,34.1044,1490.074,26.40382,1.666471E-03,.6498628,
,282.5,9.082491,34.10564,1490.079,26.40501,1.665411E-03,.6507026,
,283,9.085742,34.10594,1490.099,26.40473,1.66584E-03,.6515424,
,283.5,9.088804,34.10608,1490.119,26.40431,1.666363E-03,.6523823,
,284,9.090198,34.10669,1490.133,26.40451,1.666282E-03,.6532224,
,284.5,9.090489,34.10826,1490.145,26.40566,1.665352E-03,.6540622,
,285,9.090901,34.10979,1490.156,26.40686,1.664225E-03,.6549014,
,285.5,9.091693,34.11091,1490.169,26.40762,1.663603E-03,.6557403,
,286,9.092325,34.11166,1490.181,26.40807,1.663317E-03,.656579,
,286.5,9.091655,34.11208,1490.187,26.40853,1.662963E-03,.6574175,
,287,9.08963,34.11258,1490.188,26.40926,1.662349E-03,.6582556,
,287.5,9.087896,34.11312,1490.191,26.41,1.661727E-03,.6590936,
,288,9.085495,34.11388,1490.191,26.41102,1.66084E-03,.6599311,
,288.5,9.080814,34.11512,1490.184,26.41275,1.659276E-03,.6607681,
,289,9.075175,34.11627,1490.173,26.41451,1.657685E-03,.6616041,
,289.5,9.072027,34.11739,1490.171,26.41583,1.656475E-03,.6624395,
,290,9.071463,34.11835,1490.178,26.41662,1.655749E-03,.6632746,
,290.5,9.070478,34.11885,1490.184,26.41722,1.655368E-03,.6641093,
,291,9.069146,34.11946,1490.188,26.41794,1.65478E-03,.6649438,
,291.5,9.068757,34.12004,1490.195,26.4184,1.654426E-03,.6657779,
,292,9.068174,34.12042,1490.202,26.4188,1.654086E-03,.6666119,
,292.5,9.067428,34.12063,1490.208,26.41912,1.653823E-03,.6674457,
,293,9.06711,34.12082,1490.215,26.4193,1.653816E-03,.6682796,
,293.5,9.06693,34.12089,1490.223,26.41939,1.653808E-03,.6691134,
,294,9.066469,34.12102,1490.23,26.41955,.0016538,.6699471,
,294.5,9.066227,34.12139,1490.238,26.41989,1.653597E-03,.6707809,
,295,9.066144,34.12178,1490.246,26.42026,1.653278E-03,.6716145,
,295.5,9.065938,34.12182,1490.254,26.42035,1.653314E-03,.672448,
,296,9.066713,34.12174,1490.265,26.42016,1.653663E-03,.6732816,
,296.5,9.066935,34.12157,1490.274,26.41994,1.65386E-03,.6741155,
,297,9.066379,34.12118,1490.279,26.41971,1.654179E-03,.6749494,
,297.5,9.06748,34.12125,1490.292,26.41959,1.654473E-03,.6757835,
,298,9.066908,34.12136,1490.298,26.41979,1.654325E-03,.6766176,
,298.5,9.066417,34.12133,1490.305,26.41986,1.654377E-03,.6774517,
,299,9.067656,34.12094,1490.317,26.41933,1.654977E-03,.678286,
,299.5,9.069248,34.12025,1490.33,26.4185,1.655815E-03,.6791206,
,300,9.069176,34.11955,1490.338,26.41797,1.656478E-03,.6799555,
,300.5,9.068544,34.11974,1490.344,26.41823,1.656223E-03,.6807905,
,301,9.067636,34.12023,1490.349,26.41882,1.655736E-03,.6816255,
,301.5,9.066588,34.12088,1490.354,26.41946,1.655259E-03,.6824602,
,302,9.065984,34.12128,1490.361,26.41987,1.654954E-03,.6832947,
,302.5,9.065171,34.12141,1490.367,26.42013,1.654784E-03,.6841291,
,303,9.064121,34.12138,1490.371,26.42029,1.654703E-03,.6849634,
,303.5,9.064988,34.12136,1490.382,26.42009,1.654976E-03,.6857977,
