,0,22.47149,33.56727,1526.508,22.99908,4.855987E-03,0,
,.5,22.40807,33.56762,1526.35,23.01725,4.838791E-03,2.440469E-03,
,1,22.35203,33.562,1526.206,23.02867,4.827999E-03,4.872591E-03,
,1.5,22.30536,33.56336,1526.094,23.04276,4.814717E-03,7.299169E-03,
,2,22.17515,33.53679,1525.732,23.05904,4.799349E-03,9.714434E-03,
,2.5,22.00714,33.53501,1525.298,23.10454,4.756041E-03,1.211896E-02,
,3,21.86866,33.54365,1524.95,23.14961,4.713192E-03,.0145025,
,3.5,21.80222,33.54975,1524.79,23.17254,4.691419E-03,1.686837E-02,
,4,21.33804,33.48036,1523.484,23.24703,4.620485E-03,1.921724E-02,
,4.5,20.72452,33.47768,1521.831,23.41068,4.464307E-03,2.150469E-02,
,5,19.93526,33.38463,1519.557,23.54791,4.333432E-03,2.372283E-02,
,5.5,19.01598,33.38436,1516.974,23.78386,4.108392E-03,2.585135E-02,
,6,18.37098,33.32669,1515.058,23.90083,3.996916E-03,2.789603E-02,
,6.5,17.7123,33.34126,1513.152,24.07281,3.832999E-03,2.985986E-02,
,7,17.4799,33.36183,1512.495,24.14443,3.764811E-03,3.177201E-02,
,7.5,17.31834,33.35579,1512.015,24.17837,3.732622E-03,3.365889E-02,
,8,16.93789,33.33004,1510.851,24.24838,3.665967E-03,3.552318E-02,
,8.5,16.26942,33.27136,1508.756,24.35782,3.56172E-03,3.734715E-02,
,9,15.83348,33.27073,1507.417,24.4561,3.46819E-03,3.911238E-02,
,9.5,15.49079,33.265,1506.349,24.5279,3.399875E-03,4.084436E-02,
,10,15.13438,33.28489,1505.258,24.62151,3.310808E-03,4.252866E-02,
,10.5,15.02249,33.30434,1504.935,24.66083,3.273463E-03,4.418625E-02,
,11,14.97496,33.31282,1504.802,24.67764,3.257665E-03,4.582951E-02,
,11.5,14.91408,33.30349,1504.606,24.6836,3.252152E-03,4.746811E-02,
,12,14.86184,33.30096,1504.445,24.69291,3.243329E-03,4.910326E-02,
,12.5,14.80466,33.3001,1504.27,24.70454,3.23236E-03,5.073294E-02,
,13,14.75847,33.2994,1504.13,24.71386,3.223582E-03,5.235799E-02,
,13.5,14.72912,33.30207,1504.048,24.72228,3.215782E-03,5.397866E-02,
,14,14.68969,33.30747,1503.936,24.73488,3.203854E-03,5.559458E-02,
,14.5,14.64467,33.30749,1503.8,24.74452,3.194808E-03,5.720504E-02,
,15,14.60502,33.30426,1503.678,24.75048,3.18926E-03,5.881184E-02,
,15.5,14.56015,33.30365,1503.542,24.75952,3.180766E-03,6.041504E-02,
,16,14.52207,33.30424,1503.428,24.76803,3.172728E-03,.0620143,
,16.5,14.48269,33.30368,1503.309,24.77601,3.165267E-03,6.360968E-02,
,17,14.46077,33.30364,1503.247,24.7805,3.16116E-03,6.520204E-02,
,17.5,14.44166,33.30349,1503.194,24.78453,3.15744E-03,.0667925,
,18,14.41008,33.30171,1503.098,24.78981,3.152517E-03,6.838071E-02,
,18.5,14.36123,33.29802,1502.944,24.79717,3.145484E-03,6.996613E-02,
,19,14.25531,33.29717,1502.609,24.8189,3.125141E-03,7.154418E-02,
,19.5,14.1679,33.29801,1502.336,24.83783,3.107174E-03,.0731124,
,20,14.08491,33.29315,1502.069,24.85133,3.094359E-03,7.467379E-02,
,20.5,13.91317,33.29158,1501.516,24.8857,3.061757E-03,7.622399E-02,
,21,13.81568,33.29944,1501.215,24.91181,3.037024E-03,7.775772E-02,
,21.5,13.77101,33.30374,1501.082,24.92439,3.025162E-03,7.928406E-02,
,22,13.73415,33.30447,1500.97,24.93244,3.017629E-03,8.080526E-02,
,22.5,13.67156,33.30465,1500.773,24.94538,3.005398E-03,8.232147E-02,
,23,13.62745,33.30577,1500.638,24.95526,2.996153E-03,.0838322,
,23.5,13.59392,33.30365,1500.533,24.96045,2.991231E-03,8.533929E-02,
,24,13.54292,33.30394,1500.374,24.97099,2.981276E-03,8.684257E-02,
,24.5,13.46467,33.30751,1500.128,24.98959,.0029637,.0883394,
,25,13.37994,33.30925,1499.859,25.00803,2.94635E-03,8.982725E-02,
,25.5,13.31672,33.30916,1499.657,25.02069,2.934352E-03,9.130722E-02,
,26,13.25144,33.30887,1499.449,25.03359,2.922175E-03,9.278115E-02,
,26.5,13.17636,33.30674,1499.205,25.04693,2.909596E-03,9.424949E-02,
,27,13.05019,33.30377,1498.789,25.06971,2.887957E-03,9.570989E-02,
,27.5,12.91487,33.30838,1498.35,25.10003,2.859225E-03,9.715652E-02,
,28,12.80811,33.31667,1498.011,25.12737,.0028333,9.858904E-02,
,28.5,12.73556,33.32314,1497.783,25.14654,2.815054E-03,.1000108,
,29,12.66376,33.32835,1497.556,25.16459,2.797946E-03,.101424,
,29.5,12.5806,33.33401,1497.29,25.1851,2.778577E-03,.102828,
,30,12.55818,33.33529,1497.224,25.19045,2.773616E-03,.1042254,
,30.5,12.54512,33.33555,1497.188,25.19315,2.771122E-03,.1056213,
,31,12.52852,33.337,1497.142,25.1975,2.76706E-03,.1070152,
,31.5,12.49889,33.33873,1497.052,25.20462,2.760402E-03,.108407,
,32,12.46188,33.33871,1496.935,25.21158,2.753918E-03,.1097951,
,32.5,12.42878,33.33825,1496.831,25.21766,2.74823E-03,.1111802,
,33,12.38267,33.33662,1496.681,25.22523,2.741029E-03,.112562,
,33.5,12.35635,33.33592,1496.599,25.22972,2.736852E-03,.1139411,
,34,12.30204,33.33976,1496.427,25.24309,2.724267E-03,.115316,
,34.5,12.22784,33.34881,1496.194,25.26428,2.704183E-03,.1166819,
,35,12.19662,33.35422,1496.102,25.27443,2.694672E-03,.1180408,
,35.5,12.18059,33.35585,1496.058,25.27872,2.69073E-03,.1193965,
,36,12.17119,33.35593,1496.034,25.28052,2.689118E-03,.1207508,
,36.5,12.15637,33.35471,1495.99,25.28237,2.687472E-03,.1221044,
,37,12.12338,33.35453,1495.886,25.28853,2.681754E-03,.1234564,
,37.5,12.08324,33.35596,1495.758,25.2973,2.673411E-03,.1248044,
,38,12.05104,33.35939,1495.661,25.30599,2.665241E-03,.1261484,
,38.5,12.03287,33.36138,1495.609,25.31095,2.660607E-03,.127489,
,39,12.02118,33.36462,1495.581,25.31564,2.656363E-03,.1288276,
,39.5,11.9835,33.36942,1495.466,25.32649,2.646061E-03,.1301629,
,40,11.95092,33.36949,1495.363,25.33262,2.640364E-03,.1314933,
,40.5,11.92177,33.36891,1495.27,25.33764,2.635678E-03,.1328216,
,41,11.90165,33.37049,1495.211,25.34259,2.631049E-03,.1341475,
,41.5,11.86942,33.37232,1495.111,25.35007,2.624017E-03,.1354702,
,42,11.83252,33.37609,1494.997,25.35985,2.614857E-03,.1367899,
,42.5,11.79638,33.37793,1494.883,25.36808,2.607039E-03,.1381039,
,43,11.77228,33.38052,1494.811,25.37457,2.600952E-03,.1394153,
,43.5,11.75305,33.38438,1494.758,25.38109,2.594892E-03,.1407228,
,44,11.73598,33.38827,1494.712,25.38728,2.589198E-03,.1420283,
,44.5,11.72296,33.39116,1494.679,25.39199,2.58471E-03,.143331,
,45,11.71726,33.39131,1494.668,25.39313,2.583774E-03,.1446322,
,45.5,11.71006,33.39198,1494.652,25.39498,2.582114E-03,.1459327,
,46,11.70236,33.39337,1494.635,25.39746,2.579856E-03,.1472322,
,46.5,11.69324,33.39494,1494.614,25.40034,2.577204E-03,.1485306,
,47,11.68351,33.39613,1494.59,25.40312,2.574639E-03,.1498277,
,47.5,11.6693,33.39935,1494.553,25.40827,2.569969E-03,.151123,
,48,11.64011,33.4043,1494.466,25.41752,2.561197E-03,.1524144,
,48.5,11.61778,33.40816,1494.402,25.42463,2.554537E-03,.1537023,
,49,11.59163,33.41364,1494.326,25.43368,2.546034E-03,.1549865,
,49.5,11.52935,33.41943,1494.126,25.44962,2.530955E-03,.1562648,
,50,11.47683,33.42691,1493.961,25.46496,2.516383E-03,.1575356,
,50.5,11.43124,33.43079,1493.815,25.47643,2.505571E-03,.1588,
,51,11.39958,33.43357,1493.717,25.48433,2.498089E-03,.1600596,
,51.5,11.38321,33.43484,1493.67,25.48832,2.494494E-03,.1613166,
,52,11.37016,33.43595,1493.634,25.49148,2.491564E-03,.1625719,
,52.5,11.35237,33.43664,1493.581,25.49527,2.488057E-03,.1638256,
,53,11.33664,33.43778,1493.536,25.49906,2.484554E-03,.1650775,
,53.5,11.31542,33.43791,1493.471,25.50299,2.480838E-03,.1663277,
,54,11.29489,33.43687,1493.406,25.50586,2.47821E-03,.1675763,
,54.5,11.26544,33.43656,1493.311,25.51102,2.473411E-03,.1688229,
,55,11.21943,33.43843,1493.161,25.52072,2.46428E-03,.1700657,
,55.5,11.18553,33.44166,1493.055,25.52937,2.456141E-03,.1713043,
,56,11.16285,33.4444,1492.987,25.53558,2.450333E-03,.1725397,
,56.5,11.15003,33.44587,1492.952,25.53901,2.447173E-03,.1737729,
,57,11.14057,33.44622,1492.927,25.54097,2.445356E-03,.1750047,
,57.5,11.13075,33.44681,1492.902,25.54319,2.44338E-03,.1762355,
,58,11.11943,33.44818,1492.872,25.54634,2.440533E-03,.1774651,
,58.5,11.1051,33.44967,1492.832,25.55008,2.43707E-03,.1786932,
,59,11.08965,33.45022,1492.787,25.55326,2.434095E-03,.1799197,
,59.5,11.06925,33.44861,1492.722,25.55567,2.431886E-03,.1811449,
,60,11.03912,33.4468,1492.622,25.55959,2.428262E-03,.1823684,
,60.5,10.99415,33.44787,1492.474,25.5684,2.419905E-03,.1835887,
,61,10.93448,33.45222,1492.277,25.58242,2.406622E-03,.1848039,
,61.5,10.86801,33.45956,1492.06,25.59996,2.390044E-03,.186012,
,62,10.81377,33.46762,1491.887,25.61582,2.37505E-03,.1872123,
,62.5,10.78156,33.47008,1491.784,25.62338,2.367892E-03,.1884062,
,63,10.75814,33.46988,1491.71,25.62732,2.364214E-03,.1895974,
,63.5,10.72104,33.47162,1491.589,25.63525,2.356675E-03,.1907865,
,64,10.67246,33.47664,1491.431,25.64763,2.345071E-03,.1919695,
,64.5,10.63871,33.48267,1491.327,25.65825,2.33509E-03,.1931478,
,65,10.60773,33.48853,1491.233,25.66823,2.325647E-03,.1943218,
,65.5,10.57193,33.49401,1491.12,25.67873,2.315712E-03,.1954906,
,66,10.54817,33.50101,1491.053,25.6883,2.306676E-03,.1966543,
,66.5,10.53334,33.50695,1491.016,25.6955,2.299886E-03,.197814,
,67,10.52986,33.51102,1491.016,25.69929,2.296417E-03,.1989714,
,67.5,10.53431,33.51297,1491.043,25.70003,2.295867E-03,.2001277,
,68,10.53757,33.51344,1491.063,25.69986,2.29611E-03,.2012839,
,68.5,10.54093,33.51403,1491.084,25.69969,2.296387E-03,.2024403,
,69,10.54417,33.51448,1491.105,25.69946,2.296729E-03,.2035968,
,69.5,10.54726,33.51454,1491.124,25.69901,2.297257E-03,.2047535,
,70,10.55169,33.51483,1491.148,25.69841,2.297906E-03,.2059105,
,70.5,10.55256,33.51498,1491.16,25.69836,2.298026E-03,.2070678,
,71,10.55366,33.51525,1491.172,25.69841,2.298098E-03,.2082251,
,71.5,10.5554,33.51571,1491.187,25.69852,2.298139E-03,.2093824,
,72,10.55816,33.51666,1491.207,25.69879,2.297958E-03,.2105396,
,72.5,10.55835,33.51758,1491.217,25.69946,2.297455E-03,.2116967,
,73,10.55865,33.51853,1491.227,25.70015,2.296929E-03,.2128536,
,73.5,10.56072,33.51944,1491.244,25.70052,2.296668E-03,.2140102,
,74,10.56414,33.51992,1491.265,25.70033,2.296926E-03,.2151669,
,74.5,10.56658,33.52077,1491.283,25.70048,2.296936E-03,.2163236,
,75,10.56812,33.52191,1491.298,25.70107,2.296481E-03,.2174802,
,75.5,10.56883,33.52335,1491.311,25.70213,2.295561E-03,.2186365,
,76,10.56946,33.52497,1491.323,25.7033,2.294541E-03,.2197923,
,76.5,10.57022,33.52628,1491.336,25.70416,2.293803E-03,.2209477,
,77,10.57079,33.52764,1491.348,25.70508,2.293064E-03,.2221026,
,77.5,10.57088,33.52889,1491.358,25.70602,2.292293E-03,.2232572,
,78,10.57016,33.52991,1491.365,25.70696,2.291464E-03,.2244114,
,78.5,10.57095,33.53194,1491.378,25.70846,2.290119E-03,.225565,
,79,10.57053,33.53358,1491.387,25.70981,2.288961E-03,.2267181,
,79.5,10.56946,33.53453,1491.393,25.71068,2.288276E-03,.2278707,
,80,10.57166,33.53492,1491.409,25.7106,2.288413E-03,.2290232,
,80.5,10.57279,33.53437,1491.421,25.71001,2.289092E-03,.2301759,
,81,10.5734,33.53333,1491.43,25.70914,2.29006E-03,.2313288,
,81.5,10.57491,33.53282,1491.443,25.7085,2.290732E-03,.2324823,
,82,10.57424,33.5326,1491.449,25.70844,2.290924E-03,.233636,
,82.5,10.57355,33.5326,1491.455,25.70856,2.290941E-03,.2347898,
,83,10.57407,33.53297,1491.466,25.70873,2.290844E-03,.2359435,
,83.5,10.57556,33.53366,1491.48,25.70905,2.290634E-03,.2370971,
,84,10.57669,33.53491,1491.494,25.7098,2.290007E-03,.2382506,
,84.5,10.57728,33.53599,1491.505,25.71051,2.289436E-03,.2394037,
,85,10.57745,33.53679,1491.515,25.71109,2.289006E-03,.2405566,
,85.5,10.57844,33.5376,1491.528,25.71157,2.288667E-03,.2417093,
,86,10.57958,33.53841,1491.541,25.71204,2.288343E-03,.2428619,
,86.5,10.57913,33.53915,1491.549,25.71263,2.287932E-03,.2440142,
,87,10.57897,33.54042,1491.558,25.71363,2.287037E-03,.2451663,
,87.5,10.57992,33.54198,1491.572,25.71472,2.286086E-03,.2463178,
,88,10.58106,33.54353,1491.586,25.71573,2.285262E-03,.247469,
,88.5,10.57958,33.54541,1491.591,25.71745,2.28369E-03,.2486194,
,89,10.57691,33.5474,1491.593,25.71945,2.281882E-03,.2497691,
,89.5,10.57282,33.54951,1491.589,25.72179,2.279792E-03,.2509179,
,90,10.57045,33.55116,1491.591,25.7235,2.278247E-03,.2520656,
,90.5,10.56925,33.55254,1491.596,25.7248,2.277103E-03,.2532129,
,91,10.57004,33.55353,1491.609,25.72544,2.276654E-03,.2543596,
,91.5,10.57252,33.55423,1491.627,25.72558,2.276632E-03,.2555062,
,92,10.5758,33.55495,1491.647,25.72561,2.276727E-03,.2566529,
,92.5,10.57481,33.5552,1491.653,25.72588,2.276542E-03,.2577995,
,93,10.57119,33.55598,1491.649,25.72709,2.275454E-03,.2589456,
,93.5,10.56621,33.55696,1491.641,25.72873,2.273968E-03,.2600914,
,94,10.55933,33.55801,1491.626,25.73074,2.272179E-03,.261236,
,94.5,10.55327,33.55938,1491.614,25.73289,2.270271E-03,.26238,
,95,10.54837,33.56119,1491.607,25.73522,2.268188E-03,.263523,
,95.5,10.53995,33.56297,1491.588,25.73808,2.265568E-03,.2646646,
,96,10.53093,33.56419,1491.566,25.74056,2.263248E-03,.2658051,
,96.5,10.52347,33.56433,1491.547,25.74195,2.261962E-03,.2669447,
,97,10.5184,33.56367,1491.537,25.74236,2.261715E-03,.2680839,
,97.5,10.50978,33.56251,1491.513,25.74296,2.261221E-03,.2692229,
,98,10.50026,33.56132,1491.486,25.74367,2.260607E-03,.2703617,
,98.5,10.48872,33.56075,1491.453,25.74521,2.259273E-03,.2714997,
,99,10.47689,33.5602,1491.418,25.74681,2.257857E-03,.2726373,
,99.5,10.46468,33.55966,1491.382,25.74849,2.256329E-03,.2737742,
,100,10.45385,33.56074,1491.353,25.75126,2.253772E-03,.2749098,
,100.5,10.44212,33.56254,1491.322,25.75467,2.250594E-03,.276044,
,101,10.42918,33.56497,1491.287,25.75871,2.246825E-03,.2771769,
,101.5,10.41196,33.57087,1491.241,25.76632,2.239665E-03,.278306,
,102,10.38732,33.57785,1491.17,25.77604,2.230504E-03,.279432,
,102.5,10.35373,33.58607,1491.068,25.78825,2.218994E-03,.2805532,
,103,10.32981,33.59683,1491.004,25.80066,2.207291E-03,.2816675,
,103.5,10.30863,33.60415,1490.946,25.81001,2.198474E-03,.2827761,
,104,10.28875,33.61043,1490.891,25.81836,2.190604E-03,.2838828,
,104.5,10.2801,33.61614,1490.875,25.82427,2.185116E-03,.2849838,
,105,10.27093,33.62128,1490.857,25.82984,2.179909E-03,.2860838,
,105.5,10.26008,33.62467,1490.83,25.83439,2.17558E-03,.2871808,
,106,10.25308,33.62806,1490.818,25.83821,2.17207E-03,.2882755,
,106.5,10.24551,33.63161,1490.803,25.84225,2.168352E-03,.2893686,
,107,10.23497,33.63543,1490.778,25.84706,2.163847E-03,.2904598,
,107.5,10.21936,33.64003,1490.736,25.85326,2.158039E-03,.291548,
,108,10.20602,33.64442,1490.702,25.85895,2.152735E-03,.2926338,
,108.5,10.19898,33.64722,1490.688,25.86239,2.149553E-03,.2937173,
,109,10.19503,33.64857,1490.684,25.86416,2.147953E-03,.2947997,
,109.5,10.19084,33.64942,1490.679,25.86549,2.146814E-03,.2958812,
,110,10.18643,33.65063,1490.672,25.86717,2.145317E-03,.2969621,
,110.5,10.18164,33.65247,1490.666,25.86946,.0021432,.2980421,
,111,10.17528,33.65435,1490.654,25.87201,2.140861E-03,.299121,
,111.5,10.16733,33.65628,1490.636,25.87485,2.138295E-03,.3001989,
,112,10.16107,33.65865,1490.624,25.87776,2.135613E-03,.3012751,
,112.5,10.15504,33.66114,1490.614,25.88075,2.132839E-03,.3023503,
,113,10.14792,33.66371,1490.6,25.884,2.129821E-03,.3034239,
,113.5,10.13624,33.66673,1490.57,25.88828,2.125845E-03,.3044956,
,114,10.12719,33.66963,1490.549,25.89206,2.122375E-03,.3055654,
,114.5,10.12081,33.67234,1490.538,25.89529,2.11944E-03,.3066339,
,115,10.11369,33.675,1490.524,25.89857,2.11638E-03,.3077001,
,115.5,10.10634,33.6777,1490.509,25.90191,2.113255E-03,.308766,
,116,10.09611,33.68098,1490.485,25.90621,2.109286E-03,.3098286,
,116.5,10.08589,33.68439,1490.46,25.91061,2.105217E-03,.3108909,
,117,10.07578,33.68929,1490.438,25.91615,2.100019E-03,.3119493,
,117.5,10.06402,33.69462,1490.411,25.92229,2.094279E-03,.3130059,
,118,10.04963,33.70064,1490.375,25.92939,2.087671E-03,.3140595,
,118.5,10.03608,33.70657,1490.341,25.93632,2.081116E-03,.3151089,
,119,10.02452,33.71194,1490.315,25.94248,2.075287E-03,.3161562,
,119.5,10.01732,33.71595,1490.302,25.94685,2.071236E-03,.3172008,
,120,10.01702,33.71691,1490.31,25.94764,2.070659E-03,.318244,
,120.5,10.0166,33.7165,1490.317,25.94733,2.071035E-03,.3192871,
,121,10.01643,33.71576,1490.323,25.94674,2.071682E-03,.3203305,
,121.5,10.01674,33.7148,1490.332,25.94597,2.072544E-03,.3213743,
,122,10.01673,33.71415,1490.339,25.94549,2.07308E-03,.3224184,
,122.5,10.01652,33.71369,1490.346,25.9452,2.073423E-03,.3234627,
,123,10.01421,33.7135,1490.346,25.94536,2.07342E-03,.3245072,
,123.5,10.01288,33.71351,1490.349,25.9456,2.073301E-03,.3255516,
,124,10.01289,33.71341,1490.357,25.94557,2.07341E-03,.326596,
,124.5,10.01411,33.71281,1490.369,25.94491,2.074106E-03,.3276406,
,125,10.01446,33.71267,1490.379,25.94471,2.074398E-03,.3286855,
,125.5,10.01467,33.7126,1490.388,25.94459,2.074626E-03,.3297305,
,126,10.01278,33.7133,1490.39,25.94543,2.073952E-03,.3307753,
,126.5,10.01078,33.71416,1490.392,25.94644,2.073115E-03,.3318199,
,127,10.0091,33.71537,1490.396,25.94773,2.071969E-03,.3328639,
,127.5,10.00957,33.7162,1490.407,25.94833,2.071522E-03,.3339075,
,128,10.00998,33.71675,1490.417,25.94871,2.071273E-03,.334951,
,128.5,10.00902,33.71643,1490.422,25.94859,2.071436E-03,.3359944,
,129,10.0085,33.71613,1490.428,25.94841,2.071666E-03,.337038,
,129.5,10.00971,33.71589,1490.44,25.948,2.072165E-03,.3380817,
,130,10.01003,33.7156,1490.449,25.94775,2.072503E-03,.3391256,
,130.5,10.00885,33.71523,1490.453,25.94775,2.072571E-03,.3401696,
,131,10.00797,33.71756,1490.461,25.94964,2.070931E-03,.3412131,
,131.5,10.00391,33.71962,1490.457,25.95193,2.068826E-03,.3422557,
,132,9.99779,33.72118,1490.445,25.95424,2.066634E-03,.3432976,
,132.5,9.998879,33.72188,1490.458,25.95456,2.066441E-03,.3443386,
,133,9.999886,33.72233,1490.471,25.95471,2.066413E-03,.3453796,
,133.5,10.00044,33.72143,1490.48,25.95393,2.067261E-03,.3464209,
,134,10.00055,33.72081,1490.488,25.95344,2.067857E-03,.3474623,
,134.5,9.999434,33.72094,1490.492,25.9537,2.067764E-03,.348504,
,135,9.997434,33.72194,1490.495,25.9548,2.066735E-03,.3495454,
,135.5,9.996429,33.72304,1490.501,25.95587,2.065869E-03,.3505863,
,136,9.995753,33.72382,1490.507,25.95662,2.065295E-03,.3516268,
,136.5,9.995193,33.72438,1490.514,25.95717,2.064896E-03,.3526672,
,137,9.992988,33.72605,1490.517,25.95884,2.063428E-03,.3537067,
,137.5,9.990375,33.72799,1490.518,25.96078,2.061695E-03,.3547461,
,138,9.979275,33.73181,1490.491,25.96561,2.057113E-03,.3557828,
,138.5,9.966901,33.73581,1490.459,25.9708,2.052194E-03,.3568183,
,139,9.952825,33.73991,1490.422,25.97635,2.046995E-03,.3578508,
,139.5,9.944208,33.74316,1490.403,25.98033,2.043281E-03,.3588808,
,140,9.937245,33.74622,1490.39,25.98388,2.039975E-03,.3599099,
,140.5,9.924005,33.75178,1490.357,25.99044,2.033865E-03,.3609349,
,141,9.904925,33.7587,1490.305,25.99906,2.025777E-03,.3619579,
,141.5,9.866616,33.77013,1490.189,26.01444,2.01118E-03,.3629746,
,142,9.835018,33.78544,1490.102,26.03165,1.994897E-03,.363983,
,142.5,9.806177,33.80153,1490.025,26.049,1.978506E-03,.3649843,
,143,9.777331,33.81569,1489.947,26.06487,1.963508E-03,.3659768,
,143.5,9.744403,33.83197,1489.855,26.08307,1.94627E-03,.3669613,
,144,9.708631,33.84972,1489.756,26.10287,1.927475E-03,.3679395,
,144.5,9.675447,33.86592,1489.663,26.12102,1.910257E-03,.3689044,
,145,9.652663,33.87968,1489.606,26.13556,1.896494E-03,.3698633,
,145.5,9.638104,33.89152,1489.576,26.14725,1.885465E-03,.3708174,
,146,9.627789,33.89542,1489.551,26.152,1.881012E-03,.3717653,
,146.5,9.617691,33.89891,1489.527,26.15639,1.876898E-03,.3727129,
,147,9.613865,33.89985,1489.522,26.15778,1.875742E-03,.373658,
,147.5,9.609953,33.89396,1489.509,26.15376,1.87961E-03,.3746036,
