,0,20.47457,33.4603,1521.068,23.46405,4.412154E-03,0,
,.5,20.47457,33.4603,1521.068,23.46405,4.412154E-03,0,
,1,20.4757,33.45964,1521.071,23.46328,4.412932E-03,4.441357E-03,
,1.5,20.4657,33.4567,1521.049,23.46368,4.41269E-03,6.662523E-03,
,2,20.43992,33.45625,1520.986,23.47015,4.406727E-03,8.881831E-03,
,2.5,20.40326,33.45607,1520.893,23.4797,4.397765E-03,1.109732E-02,
,3,20.36653,33.45483,1520.799,23.48846,4.389571E-03,1.330903E-02,
,3.5,20.34096,33.45344,1520.736,23.49419,4.384277E-03,1.551731E-02,
,4,20.29442,33.44832,1520.61,23.50252,4.376468E-03,1.772139E-02,
,4.5,20.23467,33.44641,1520.451,23.5168,4.362971E-03,1.991956E-02,
,5,20.15989,33.44592,1520.252,23.53612,4.344681E-03,2.211249E-02,
,5.5,20.02337,33.443,1519.878,23.56968,4.312866E-03,2.428951E-02,
,6,19.9052,33.43875,1519.553,23.59725,4.286717E-03,2.645295E-02,
,6.5,19.80131,33.43275,1519.265,23.61968,4.265452E-03,2.860738E-02,
,7,19.72249,33.42151,1519.04,23.63156,4.254285E-03,3.075088E-02,
,7.5,19.64812,33.40985,1518.826,23.64186,4.244609E-03,3.288991E-02,
,8,19.56796,33.39848,1518.597,23.65382,4.233358E-03,3.502374E-02,
,8.5,19.46482,33.3886,1518.303,23.67283,4.215376E-03,.0371512,
,9,19.33408,33.38104,1517.933,23.70047,4.189145E-03,3.926369E-02,
,9.5,19.16365,33.37441,1517.45,23.73875,4.15274E-03,4.136062E-02,
,10,18.9622,33.36849,1516.878,23.7853,4.108424E-03,4.344526E-02,
,10.5,18.65775,33.36453,1516.005,23.85842,4.038844E-03,4.548625E-02,
,11,18.34184,33.3577,1515.091,23.93161,3.969152E-03,4.750362E-02,
,11.5,18.01052,33.34699,1514.12,24.0049,3.899308E-03,4.948918E-02,
,12,17.73636,33.33329,1513.305,24.06081,3.846134E-03,5.143484E-02,
,12.5,17.48191,33.31944,1512.544,24.11135,3.798057E-03,5.335981E-02,
,13,17.24269,33.30599,1511.823,24.1581,3.753551E-03,5.526476E-02,
,13.5,17.02135,33.30125,1511.161,24.20658,3.707472E-03,5.713705E-02,
,14,16.82026,33.29658,1510.557,24.25013,3.666067E-03,.0589943,
,14.5,16.64349,33.29154,1510.023,24.28744,3.63057E-03,6.083446E-02,
,15,16.483,33.29128,1509.542,24.32428,3.595684E-03,6.264962E-02,
,15.5,16.27221,33.29136,1508.904,24.37256,3.549817E-03,6.444635E-02,
,16,16.0179,33.29162,1508.13,24.43063,3.494543E-03,6.622598E-02,
,16.5,15.87498,33.29227,1507.696,24.46326,3.463516E-03,6.797353E-02,
,17,15.76704,33.29022,1507.367,24.48592,3.44203E-03,6.971306E-02,
,17.5,15.69585,33.28531,1507.147,24.49809,3.430572E-03,7.144415E-02,
,18,15.64936,33.28122,1507.006,24.50529,3.423846E-03,7.316874E-02,
,18.5,15.61103,33.2795,1506.893,24.51247,3.417119E-03,7.489073E-02,
,19,15.57987,33.28061,1506.805,24.52019,3.409851E-03,7.660951E-02,
,19.5,15.54679,33.28348,1506.713,24.52978,3.400889E-03,7.832389E-02,
,20,15.51454,33.28637,1506.624,24.53914,3.392042E-03,8.003295E-02,
,20.5,15.48026,33.28865,1506.527,24.54852,3.383261E-03,8.173828E-02,
,21,15.4438,33.29026,1506.423,24.55788,3.374558E-03,8.344012E-02,
,21.5,15.4069,33.29119,1506.317,24.56667,3.366257E-03,8.513625E-02,
,22,15.36232,33.29217,1506.186,24.57717,3.356363E-03,8.682752E-02,
,22.5,15.31314,33.29308,1506.04,24.58862,3.345581E-03,8.851596E-02,
,23,15.24691,33.29186,1505.839,24.60227,3.332714E-03,9.019505E-02,
,23.5,15.18937,33.28967,1505.663,24.6132,3.322434E-03,9.187141E-02,
,24,15.14584,33.28572,1505.529,24.61964,3.316464E-03,9.354293E-02,
,24.5,15.08881,33.27967,1505.35,24.62734,3.309227E-03,9.521069E-02,
,25,15.00924,33.27917,1505.105,24.64427,3.293179E-03,9.687189E-02,
,25.5,14.91392,33.28051,1504.812,24.66593,3.272625E-03,9.852296E-02,
,26,14.83076,33.28176,1504.557,24.68484,3.254739E-03,.1001668,
,26.5,14.77794,33.28201,1504.397,24.69635,3.243967E-03,.1018027,
,27,14.74133,33.28073,1504.287,24.70319,3.237551E-03,.1034343,
,27.5,14.71327,33.27866,1504.203,24.70757,3.23343E-03,.1050637,
,28,14.66586,33.27731,1504.058,24.71667,3.224899E-03,.1066886,
,28.5,14.61143,33.27714,1503.892,24.72819,3.214094E-03,.1083096,
,29,14.5526,33.27849,1503.713,24.74179,3.201277E-03,.1099247,
,29.5,14.49622,33.28076,1503.542,24.75547,3.188236E-03,.1115336,
,30,14.42927,33.28097,1503.335,24.7697,3.174737E-03,.1131336,
,30.5,14.34256,33.28279,1503.066,24.78934,3.15613E-03,.1147273,
,31,14.21886,33.28815,1502.681,24.8195,3.12756E-03,.11631,
,31.5,14.03759,33.2937,1502.106,24.86156,3.087607E-03,.1178731,
,32,13.89183,33.29752,1501.644,24.89471,3.056137E-03,.1194197,
,32.5,13.79349,33.2989,1501.333,24.91601,3.035934E-03,.1209548,
,33,13.73145,33.29549,1501.134,24.92612,3.026376E-03,.1224806,
,33.5,13.67606,33.29098,1500.955,24.93393,3.019087E-03,.1240025,
,34,13.63761,33.2879,1500.833,24.93939,3.014025E-03,.1255213,
,34.5,13.61098,33.28639,1500.752,24.94365,3.010062E-03,.1270377,
,35,13.58018,33.28503,1500.657,24.94885,3.005193E-03,.1285521,
,35.5,13.52864,33.28455,1500.495,24.95893,2.995676E-03,.1300629,
,36,13.42693,33.29156,1500.176,24.9849,2.971045E-03,.1315632,
,36.5,13.27418,33.29796,1499.685,25.02052,2.937174E-03,.133049,
,37,13.11706,33.30326,1499.178,25.05604,2.903409E-03,.1345211,
,37.5,13.01044,33.30746,1498.835,25.08041,2.880385E-03,.1359785,
,38,12.93251,33.30524,1498.58,25.09405,2.867483E-03,.1374243,
,38.5,12.85607,33.30326,1498.33,25.10756,2.854652E-03,.1388649,
,39,12.78685,33.30237,1498.105,25.12045,2.842404E-03,.1402997,
,39.5,12.73857,33.30324,1497.952,25.1305,2.83293E-03,.1417288,
,40,12.70186,33.30553,1497.839,25.13957,2.824483E-03,.1431527,
,40.5,12.669,33.30739,1497.739,25.14741,2.81711E-03,.1445725,
,41,12.64437,33.30933,1497.667,25.15366,2.811282E-03,.1459897,
,41.5,12.63066,33.31133,1497.631,25.15781,2.807474E-03,.1474044,
,42,12.61885,33.31265,1497.601,25.16113,2.804314E-03,.1488171,
,42.5,12.608,33.3147,1497.576,25.16482,2.800871E-03,.150228,
,43,12.59719,33.31713,1497.55,25.1688,2.797189E-03,.151637,
,43.5,12.5864,33.31976,1497.525,25.17292,2.793393E-03,.153045,
,44,12.56464,33.32278,1497.464,25.17944,2.787353E-03,.1544495,
,44.5,12.53826,33.32605,1497.387,25.18708,2.780218E-03,.1558514,
,45,12.50349,33.32847,1497.28,25.19571,2.772117E-03,.1572491,
,45.5,12.46381,33.33054,1497.156,25.20494,2.763405E-03,.158642,
,46,12.4215,33.33231,1497.023,25.21444,2.754438E-03,.1600316,
,46.5,12.37319,33.33271,1496.868,25.22407,2.745335E-03,.1614155,
,47,12.32557,33.33387,1496.716,25.23409,2.735865E-03,.1627955,
,47.5,12.27866,33.33582,1496.567,25.24452,2.72601E-03,.1641715,
,48,12.21396,33.33595,1496.355,25.2569,2.714306E-03,.1655404,
,48.5,12.16749,33.33723,1496.207,25.26677,2.705048E-03,.1669048,
,49,12.13658,33.33915,1496.112,25.27415,2.698159E-03,.1682656,
,49.5,12.10975,33.3392,1496.028,25.27917,2.693449E-03,.1696228,
,50,12.08616,33.33999,1495.957,25.28426,2.688744E-03,.1709777,
,50.5,12.06424,33.3408,1495.891,25.28906,2.684279E-03,.1723306,
,51,12.04301,33.341,1495.827,25.29322,2.680311E-03,.1736814,
,51.5,12.01827,33.34146,1495.751,25.2982,2.675728E-03,.1750295,
,52,11.98632,33.34178,1495.65,25.30445,2.669899E-03,.1763753,
,52.5,11.95212,33.34218,1495.542,25.3112,2.663559E-03,.1777182,
,53,11.92429,33.34304,1495.456,25.3171,2.658031E-03,.1790581,
,53.5,11.8979,33.34439,1495.375,25.32306,2.65242E-03,.1803945,
,54,11.87165,33.3461,1495.295,25.3293,2.646544E-03,.1817286,
,54.5,11.84556,33.34821,1495.216,25.33584,2.64038E-03,.18306,
,55,11.81529,33.3497,1495.122,25.34259,2.634129E-03,.1843881,
,55.5,11.77837,33.35042,1495.004,25.34996,2.627182E-03,.185713,
,56,11.72627,33.35131,1494.833,25.3604,2.61734E-03,.1870332,
,56.5,11.67058,33.35261,1494.651,25.37169,2.606677E-03,.1883475,
,57,11.61927,33.35371,1494.483,25.38199,2.596979E-03,.1896582,
,57.5,11.57742,33.35418,1494.347,25.39012,2.589398E-03,.1909643,
,58,11.53407,33.35492,1494.206,25.39861,2.581336E-03,.1922657,
,58.5,11.47877,33.3578,1494.026,25.41097,2.569626E-03,.1935622,
,59,11.41278,33.36303,1493.811,25.42709,2.554354E-03,.1948529,
,59.5,11.34283,33.37059,1493.585,25.44565,.0025367,.1961347,
,60,11.28105,33.37697,1493.385,25.46179,2.521419E-03,.1974075,
,60.5,11.23686,33.38155,1493.245,25.47337,2.510452E-03,.1986749,
,61,11.21344,33.38403,1493.174,25.47957,2.504559E-03,.1999381,
,61.5,11.2017,33.38431,1493.141,25.48182,2.502574E-03,.2011986,
,62,11.19211,33.38535,1493.118,25.48437,2.500292E-03,.2024581,
,62.5,11.18353,33.387,1493.098,25.48725,2.497673E-03,.2037167,
,63,11.17335,33.38945,1493.073,25.4909,2.494199E-03,.2049736,
,63.5,11.15955,33.3928,1493.037,25.49598,2.489539E-03,.2062283,
,64,11.13883,33.3962,1492.977,25.50235,2.48358E-03,.2074798,
,64.5,11.11173,33.39956,1492.895,25.50983,2.476533E-03,.2087291,
,65,11.06532,33.4028,1492.744,25.52068,2.466281E-03,.2099731,
,65.5,11.02271,33.40561,1492.606,25.53046,2.457074E-03,.2112133,
,66,10.98779,33.40685,1492.493,25.53769,2.450354E-03,.2124492,
,66.5,10.96241,33.40779,1492.413,25.54291,2.445383E-03,.2136817,
,67,10.93547,33.40875,1492.328,25.54846,2.440158E-03,.2149113,
,67.5,10.90856,33.40949,1492.242,25.55383,2.435132E-03,.2161392,
,68,10.88248,33.40972,1492.159,25.55858,2.430681E-03,.2173645,
,68.5,10.84754,33.41074,1492.045,25.56552,2.424169E-03,.2185864,
,69,10.79855,33.41339,1491.884,25.57622,2.414075E-03,.2198042,
,69.5,10.73788,33.41805,1491.683,25.59053,2.400528E-03,.2210172,
,70,10.67135,33.42659,1491.466,25.60883,2.383135E-03,.222221,
,70.5,10.59406,33.43633,1491.212,25.62989,2.363175E-03,.2234153,
,71,10.51553,33.44664,1490.954,25.65157,2.342619E-03,.2246015,
,71.5,10.45053,33.45665,1490.743,25.67062,2.324515E-03,.2257774,
,72,10.42021,33.46244,1490.65,25.68033,2.315281E-03,.2269452,
,72.5,10.3946,33.46712,1490.572,25.68841,2.307691E-03,.2281088,
,73,10.3712,33.47137,1490.502,25.69579,2.300804E-03,.2292701,
,73.5,10.34898,33.47673,1490.438,25.70372,2.293343E-03,.2304262,
,74,10.32989,33.48199,1490.384,25.71111,2.286399E-03,.2315794,
,74.5,10.31432,33.48691,1490.343,25.71767,2.280231E-03,.2327298,
,75,10.3038,33.49057,1490.318,25.72231,2.27589E-03,.2338768,
,75.5,10.2936,33.49457,1490.295,25.72719,2.271343E-03,.2350219,
,76,10.2831,33.4993,1490.271,25.73265,2.266264E-03,.2361646,
,76.5,10.27293,33.50399,1490.249,25.73801,2.261265E-03,.2373044,
,77,10.2642,33.5078,1490.23,25.74245,2.257158E-03,.2384421,
,77.5,10.25666,33.51091,1490.215,25.74615,2.253774E-03,.2395782,
,78,10.25444,33.51347,1490.219,25.74853,2.251594E-03,.2407125,
,78.5,10.25439,33.51584,1490.23,25.75041,2.249882E-03,.2418462,
,79,10.25709,33.51801,1490.25,25.7517,2.248736E-03,.242979,
,79.5,10.25992,33.51999,1490.271,25.75275,2.247803E-03,.2441112,
,80,10.26236,33.52235,1490.291,25.75417,2.246524E-03,.2452428,
,80.5,10.26481,33.52519,1490.312,25.75596,2.244917E-03,.2463739,
,81,10.26827,33.52891,1490.337,25.75822,2.242947E-03,.247504,
,81.5,10.27069,33.53275,1490.358,25.76079,2.240581E-03,.2486328,
,82,10.27432,33.53686,1490.385,25.7634,2.238211E-03,.2497606,
,82.5,10.2795,33.54128,1490.417,25.766,2.235883E-03,.2508874,
,83,10.28209,33.54617,1490.44,25.76935,2.232838E-03,.2520123,
,83.5,10.28389,33.55145,1490.462,25.77316,2.229332E-03,.2531361,
,84,10.28473,33.55727,1490.48,25.77759,2.225203E-03,.2542581,
,84.5,10.28383,33.56238,1490.491,25.78173,2.221355E-03,.2553777,
,85,10.28306,33.56576,1490.501,25.78449,2.21881E-03,.2564956,
,85.5,10.28238,33.568,1490.509,25.78632,2.217178E-03,.2576127,
,86,10.28177,33.56927,1490.517,25.78735,2.216346E-03,.2587292,
,86.5,10.28018,33.57044,1490.521,25.78862,2.215306E-03,.2598451,
,87,10.27571,33.57213,1490.516,25.79073,2.213355E-03,.2609602,
,87.5,10.26946,33.57464,1490.505,25.79375,2.210536E-03,.2620742,
,88,10.26275,33.57812,1490.493,25.7976,2.207047E-03,.2631869,
,88.5,10.25148,33.58267,1490.466,25.80312,2.20188E-03,.2642967,
,89,10.24047,33.58749,1490.441,25.80874,2.196607E-03,.2654041,
,89.5,10.2298,33.59236,1490.417,25.81433,2.191367E-03,.2665096,
,90,10.22024,33.59657,1490.396,25.81922,2.186781E-03,.2676116,
,90.5,10.2116,33.60064,1490.379,25.82386,2.182458E-03,.268712,
,91,10.20421,33.60454,1490.365,25.82818,2.178487E-03,.2698103,
,91.5,10.19667,33.60823,1490.351,25.83234,2.174628E-03,.2709064,
,92,10.18946,33.61171,1490.338,25.83626,.002171,.2720009,
,92.5,10.18312,33.61484,1490.327,25.83975,2.16783E-03,.2730937,
,93,10.17713,33.61722,1490.317,25.84263,2.165171E-03,.2741846,
,93.5,10.17132,33.61954,1490.307,25.84545,2.162556E-03,.2752746,
,94,10.16589,33.62211,1490.299,25.84847,2.159753E-03,.276363,
,94.5,10.15887,33.62542,1490.286,25.8522,2.156293E-03,.2774498,
,95,10.15128,33.62938,1490.272,25.85652,2.152268E-03,.2785348,
,95.5,10.14339,33.63388,1490.257,25.86136,2.147756E-03,.279618,
,96,10.13233,33.63956,1490.233,25.86772,2.141858E-03,.2806977,
,96.5,10.11701,33.6467,1490.195,25.87589,2.134162E-03,.2817747,
,97,10.10015,33.65533,1490.153,25.88547,2.125098E-03,.2828474,
,97.5,10.08695,33.66306,1490.123,25.89377,2.117327E-03,.2839158,
,98,10.07674,33.66777,1490.1,25.89915,2.112366E-03,.2849812,
,98.5,10.07206,33.67195,1490.097,25.90323,2.10851E-03,.286044,
,99,10.06802,33.67575,1490.095,25.90691,2.105127E-03,.2871051,
,99.5,10.06329,33.6794,1490.091,25.91056,2.101795E-03,.2881645,
,100,10.05807,33.68313,1490.085,25.91433,2.098297E-03,.2892225,
,100.5,10.05525,33.68742,1490.088,25.9181,2.094873E-03,.2902782,
,101,10.05563,33.69215,1490.104,25.92171,.0020915,.2913325,
,101.5,10.05994,33.69742,1490.134,25.92511,2.088333E-03,.2923853,
,102,10.06748,33.70303,1490.176,25.92824,2.085536E-03,.2934365,
,102.5,10.07429,33.70792,1490.215,25.93094,2.083126E-03,.2944862,
,103,10.07267,33.71269,1490.223,25.93493,2.079379E-03,.295534,
,103.5,10.06763,33.71751,1490.219,25.9395,2.075048E-03,.2965808,
,104,10.05895,33.72295,1490.203,25.94523,2.069826E-03,.2976243,
,104.5,10.06407,33.72879,1490.237,25.94894,2.066439E-03,.2986661,
,105,10.07909,33.73514,1490.307,25.95138,2.064219E-03,.2997065,
,105.5,10.09391,33.74255,1490.378,25.95464,2.06127E-03,.3007455,
,106,10.10295,33.75006,1490.427,25.95898,2.057242E-03,.3017824,
,106.5,10.11043,33.75794,1490.472,25.96385,2.052694E-03,.3028176,
,107,10.11833,33.76632,1490.519,25.96899,2.047898E-03,.3038507,
,107.5,10.123,33.77248,1490.552,25.97309,2.044148E-03,.3048808,
,108,10.12831,33.77822,1490.586,25.97671,2.040862E-03,.3059097,
,108.5,10.13428,33.78357,1490.622,25.97987,2.038016E-03,.3069372,
,109,10.1417,33.78928,1490.664,25.98302,2.035118E-03,.307963,
,109.5,10.144,33.79408,1490.686,25.9863,2.032113E-03,.3089874,
,110,10.14374,33.79657,1490.697,25.98832,2.030386E-03,.3100105,
,110.5,10.14374,33.79832,1490.707,25.98968,2.02919E-03,.3110328,
,111,10.14254,33.7995,1490.713,25.99081,2.028206E-03,.3120547,
,111.5,10.14066,33.80042,1490.715,25.99185,2.02728E-03,.313076,
,112,10.13892,33.80133,1490.719,25.99284,2.026359E-03,.314097,
,112.5,10.13552,33.80168,1490.715,25.99371,2.025685E-03,.3151175,
,113,10.13112,33.80244,1490.708,25.99505,2.024517E-03,.3161375,
,113.5,10.1246,33.80379,1490.695,25.9972,2.022559E-03,.3171568,
,114,10.11599,33.80555,1490.675,26.00007,2.019956E-03,.3181749,
,114.5,10.10743,33.80751,1490.654,26.00311,2.017221E-03,.3191918,
,115,10.10242,33.81036,1490.648,26.00611,2.014368E-03,.3202072,
,115.5,10.09198,33.8135,1490.623,26.01036,2.010474E-03,.3212205,
,116,10.08422,33.81837,1490.609,26.0155,2.005671E-03,.3222319,
,116.5,10.07981,33.82563,1490.61,26.02189,1.999607E-03,.3232411,
,117,10.07886,33.83867,1490.631,26.03227,1.989859E-03,.3242462,
,117.5,10.08239,33.85299,1490.669,26.0428,1.980156E-03,.3252458,
,118,10.08506,33.86407,1490.701,26.05093,1.972552E-03,.3262408,
,118.5,10.08478,33.87211,1490.718,26.05727,1.966571E-03,.327233,
,119,10.08188,33.87723,1490.722,26.06185,1.96226E-03,.3282228,
,119.5,10.07895,33.88053,1490.724,26.06494,1.959502E-03,.3292107,
,120,10.07282,33.88111,1490.711,26.06637,1.958139E-03,.3301973,
,120.5,10.06603,33.88112,1490.695,26.06754,1.957156E-03,.3311834,
,121,10.05816,33.88066,1490.674,26.06851,1.956367E-03,.3321691,
,121.5,10.049,33.87963,1490.648,26.06921,1.955777E-03,.3331545,
,122,10.0384,33.87731,1490.616,26.06921,1.955864E-03,.3341397,
,122.5,10.02325,33.8729,1490.564,26.06835,1.956683E-03,.3351251,
,123,9.990895,33.86872,1490.451,26.07045,1.954763E-03,.3361102,
,123.5,9.950243,33.86655,1490.31,26.07566,1.94976E-03,.3370935,
,124,9.928726,33.86548,1490.239,26.07852,1.947157E-03,.3380751,
,124.5,9.926706,33.86518,1490.24,26.07861,1.947138E-03,.339056,
,125,9.925312,33.86577,1490.244,26.07928,1.946556E-03,.3400366,
,125.5,9.919786,33.86809,1490.235,26.08202,1.944034E-03,.3410165,
,126,9.915102,33.87231,1490.232,26.08612,1.940241E-03,.341995,
,126.5,9.920012,33.87647,1490.263,26.0885,1.938139E-03,.3429718,
,127,9.925522,33.88049,1490.296,26.09068,1.936231E-03,.3439476,
,127.5,9.927375,33.88401,1490.315,26.09315,1.93399E-03,.3449225,
,128,9.921268,33.88649,1490.304,26.09613,1.931192E-03,.345896,
,128.5,9.910516,33.88776,1490.275,26.0989,1.928656E-03,.3468682,
,129,9.898637,33.8878,1490.241,26.10098,1.926758E-03,.3478394,
,129.5,9.888347,33.88692,1490.211,26.10201,1.925866E-03,.3488098,
,130,9.874671,33.88565,1490.168,26.10331,1.924716E-03,.3497796,
,130.5,9.860605,33.88429,1490.124,26.10461,1.923565E-03,.3507489,
,131,9.848948,33.88316,1490.089,26.10567,1.922627E-03,.3517177,
,131.5,9.843821,33.88276,1490.078,26.10618,1.922128E-03,.3526862,
,132,9.839836,33.8829,1490.072,26.107,1.921565E-03,.3536543,
,132.5,9.837874,33.8835,1490.074,26.10781,1.920797E-03,.3546221,
,133,9.837898,33.88438,1490.084,26.10848,1.920239E-03,.3555895,
,133.5,9.838265,33.88522,1490.094,26.10906,1.919868E-03,.3565568,
,134,9.839588,33.88633,1490.109,26.10969,1.919396E-03,.3575238,
,134.5,9.841339,33.88768,1490.125,26.11045,1.918754E-03,.3584905,
,135,9.842964,33.88915,1490.141,26.11135,1.917966E-03,.359457,
,135.5,9.843429,33.89091,1490.153,26.11263,1.916899E-03,.3604228,
,136,9.844027,33.89281,1490.166,26.11404,1.915689E-03,.3613883,
,136.5,9.844537,33.89425,1490.178,26.1151,1.914736E-03,.3623531,
,137,9.845783,33.8949,1490.191,26.11536,1.914619E-03,.3633176,
,137.5,9.846471,33.89536,1490.203,26.11556,1.914578E-03,.3642822,
,138,9.846212,33.89613,1490.211,26.11622,1.91399E-03,.3652465,
,138.5,9.846074,33.89723,1490.22,26.11714,1.913175E-03,.3662106,
,139,9.846826,33.89819,1490.232,26.11773,1.912777E-03,.3671743,
,139.5,9.850326,33.89906,1490.254,26.11785,1.912702E-03,.3681379,
,140,9.854249,33.89956,1490.277,26.11755,1.913159E-03,.3691016,
,140.5,9.8586,33.90021,1490.302,26.11736,1.913421E-03,.3700654,
,141,9.861628,33.90099,1490.322,26.11746,1.913487E-03,.3710294,
,141.5,9.862115,33.90177,1490.333,26.11796,1.91315E-03,.3719933,
,142,9.860268,33.90253,1490.336,26.11886,1.912343E-03,.3729569,
,142.5,9.856748,33.90302,1490.332,26.11989,1.911403E-03,.3739201,
,143,9.85114,33.90262,1490.32,26.12048,1.911021E-03,.3748829,
,143.5,9.844903,33.90127,1490.304,26.12048,1.911097E-03,.3758457,
,144,9.835747,33.89952,1490.277,26.12065,1.91101E-03,.3768085,
,144.5,9.824895,33.89762,1490.244,26.12098,1.910751E-03,.3777712,
,145,9.81336,33.89587,1490.208,26.12155,1.910207E-03,.3787336,
,145.5,9.798592,33.89596,1490.163,26.12409,1.907879E-03,.3796953,
,146,9.78418,33.896,1490.119,26.12654,1.905564E-03,.3806558,
,146.5,9.772735,33.89589,1490.086,26.12838,1.903876E-03,.3816155,
,147,9.766026,33.89561,1490.069,26.12927,1.903194E-03,.3825745,
,147.5,9.759459,33.89412,1490.052,26.12918,1.90335E-03,.3835334,
,148,9.751615,33.8929,1490.031,26.12948,1.903141E-03,.3844922,
,148.5,9.742919,33.89203,1490.006,26.13021,1.902531E-03,.3854508,
,149,9.734099,33.89166,1489.982,26.13141,1.901462E-03,.3864091,
,149.5,9.72286,33.89054,1489.948,26.13248,1.900527E-03,.3873668,
,150,9.713099,33.88923,1489.92,26.13306,1.900004E-03,.3883242,
,150.5,9.702731,33.88797,1489.889,26.13376,.0018994,.3892812,
,151,9.690752,33.88781,1489.853,26.13564,1.897718E-03,.3902377,
,151.5,9.68107,33.8886,1489.827,26.1379,1.895652E-03,.3911933,
,152,9.675563,33.88968,1489.817,26.13966,1.894054E-03,.392148,
,152.5,9.67262,33.89105,1489.817,26.14121,1.892739E-03,.3931018,
,153,9.670241,33.89225,1489.818,26.14251,1.891574E-03,.3940552,
,153.5,9.669642,33.89346,1489.825,26.14352,1.890656E-03,.395008,
,154,9.672874,33.89523,1489.847,26.14436,1.890044E-03,.3959604,
,154.5,9.673057,33.89705,1489.858,26.14569,1.888865E-03,.3969123,
,155,9.674081,33.89927,1489.873,26.14725,1.887461E-03,.3978635,
,155.5,9.672975,33.901,1489.88,26.14883,1.886046E-03,.3988141,
,156,9.67033,33.90228,1489.88,26.15031,1.884714E-03,.399764,
,156.5,9.668792,33.90334,1489.884,26.15141,1.883743E-03,.4007133,
,157,9.668101,33.90481,1489.892,26.1527,1.882665E-03,.4016621,
,157.5,9.668768,33.90653,1489.904,26.15396,1.881604E-03,.4026104,
,158,9.672793,33.90828,1489.929,26.15466,1.881064E-03,.4035583,
,158.5,9.680202,33.90991,1489.967,26.15466,1.881217E-03,.404506,
,159,9.683068,33.91161,1489.987,26.15555,1.88045E-03,.4054535,
,159.5,9.685696,33.91391,1490.008,26.15692,1.879184E-03,.4064007,
,160,9.688874,33.91671,1490.031,26.15853,1.877738E-03,.4073471,
,160.5,9.691608,33.91906,1490.052,26.15985,1.876668E-03,.4082928,
,161,9.69184,33.92076,1490.064,26.16115,1.875609E-03,.4092382,
,161.5,9.69006,33.92199,1490.067,26.16236,1.874456E-03,.4101829,
,162,9.687702,33.9232,1490.068,26.16385,1.873131E-03,.4111269,
,162.5,9.680967,33.92495,1490.054,26.16628,1.870911E-03,.41207,
,163,9.673333,33.92752,1490.038,26.1695,1.867948E-03,.4130119,
,163.5,9.667927,33.93007,1490.03,26.17243,1.865268E-03,.4139524,
,164,9.66592,33.93161,1490.032,26.17401,1.863884E-03,.4148918,
,164.5,9.665668,33.93228,1490.041,26.17452,1.863549E-03,.4158309,
,165,9.663935,33.93253,1490.043,26.17505,1.863046E-03,.4167697,
,165.5,9.661086,33.93296,1490.042,26.17585,1.862334E-03,.4177082,
,166,9.657408,33.93351,1490.037,26.17687,1.861486E-03,.4186463,
,166.5,9.65362,33.93395,1490.032,26.17789,1.860688E-03,.419584,
,167,9.64891,33.93381,1490.023,26.17855,1.860123E-03,.4205213,
,167.5,9.643252,33.93348,1490.01,26.17917,1.859614E-03,.4214584,
,168,9.634467,33.93296,1489.986,26.18018,1.858777E-03,.4223952,
,168.5,9.618679,33.93219,1489.936,26.18226,1.856944E-03,.4233313,
,169,9.593113,33.93069,1489.85,26.18533,1.853926E-03,.4242662,
,169.5,9.573803,33.92957,1489.786,26.18759,1.851772E-03,.4251998,
,170,9.556916,33.92799,1489.731,26.18909,1.850423E-03,.4261324,
,170.5,9.546178,33.92676,1489.699,26.18992,1.84967E-03,.4270645,
,171,9.540516,33.92569,1489.685,26.19006,1.849564E-03,.4279965,
,171.5,9.537128,33.92467,1489.68,26.18979,1.849919E-03,.4289285,
,172,9.534219,33.92472,1489.678,26.19026,1.849574E-03,.4298605,
,172.5,9.530452,33.9249,1489.672,26.19098,1.848991E-03,.4307923,
,173,9.527766,33.92474,1489.671,26.19128,1.848795E-03,.4317239,
,173.5,9.525908,33.92429,1489.672,26.19128,1.848878E-03,.4326555,
,174,9.522348,33.92396,1489.667,26.19163,1.848644E-03,.433587,
,174.5,9.515626,33.92474,1489.652,26.19332,1.847149E-03,.4345181,
,175,9.504368,33.9267,1489.621,26.19674,1.843933E-03,.4354479,
,175.5,9.493397,33.92911,1489.592,26.20042,1.840484E-03,.4363761,
,176,9.484914,33.93165,1489.573,26.20374,1.837419E-03,.4373028,
,176.5,9.479192,33.93407,1489.563,26.20663,1.834763E-03,.4382281,
,177,9.473339,33.93581,1489.552,26.20886,1.83272E-03,.4391519,
,177.5,9.468378,33.9379,1489.545,26.21134,1.830464E-03,.4400747,
,178,9.463754,33.93988,1489.539,26.21369,1.828315E-03,.4409965,
,178.5,9.45942,33.94157,1489.533,26.21573,1.826455E-03,.4419174,
,179,9.45701,33.94319,1489.535,26.2174,1.824942E-03,.4428373,
,179.5,9.453639,33.94524,1489.533,26.21959,1.822945E-03,.4437562,
,180,9.448818,33.94794,1489.527,26.2225,1.820259E-03,.4446742,
,180.5,9.440498,33.95218,1489.51,26.22711,1.815976E-03,.4455905,
,181,9.430739,33.95679,1489.489,26.23232,1.811124E-03,.4465042,
,181.5,9.42224,33.96095,1489.471,26.23699,1.806805E-03,.4474156,
,182,9.416561,33.96422,1489.463,26.24045,1.803613E-03,.4483252,
,182.5,9.411609,33.96678,1489.456,26.24325,1.801056E-03,.4492334,
,183,9.40715,33.96905,1489.451,26.2457,1.798822E-03,.4501403,
,183.5,9.403156,33.97137,1489.447,26.24813,1.796581E-03,.4510463,
,184,9.399053,33.97417,1489.444,26.25107,1.793801E-03,.4519509,
,184.5,9.394341,33.97676,1489.438,26.25384,1.791277E-03,.4528541,
,185,9.391398,33.97882,1489.438,26.25599,1.789323E-03,.4537563,
,185.5,9.389715,33.97994,1489.442,26.25705,1.788316E-03,.4546576,
,186,9.389925,33.98078,1489.452,26.25762,1.787976E-03,.4555587,
,186.5,9.390152,33.98187,1489.462,26.25849,1.787342E-03,.4564595,
,187,9.389516,33.98346,1489.47,26.2599,1.786097E-03,.4573598,
,187.5,9.388768,33.98538,1489.478,26.26153,1.784619E-03,.4582595,
,188,9.389133,33.98732,1489.49,26.26288,1.783341E-03,.4591585,
,188.5,9.389247,33.98832,1489.5,26.26369,1.782734E-03,.4600569,
,189,9.389591,33.98938,1489.511,26.26445,1.782107E-03,.460955,
,189.5,9.389901,33.99047,1489.522,26.26523,1.78143E-03,.461853,
,190,9.388286,33.992,1489.526,26.26672,1.780091E-03,.4627502,
,190.5,9.386569,33.99363,1489.53,26.26827,1.778753E-03,.4636468,
,191,9.384974,33.99523,1489.535,26.26978,1.777451E-03,.4645429,
,191.5,9.383827,33.99666,1489.54,26.27113,1.776249E-03,.4654384,
,192,9.382077,33.99835,1489.544,26.27275,1.774795E-03,.4663329,
,192.5,9.378706,34.00063,1489.543,26.27503,1.772719E-03,.4672267,
,193,9.373393,34.00366,1489.536,26.27825,1.769786E-03,.4681193,
,193.5,9.366656,34.00701,1489.524,26.28206,1.766332E-03,.4690103,
,194,9.359402,34.00903,1489.508,26.28478,1.763746E-03,.4698997,
,194.5,9.356324,34.01047,1489.507,26.28637,1.762341E-03,.4707881,
,195,9.354477,34.01152,1489.509,26.28749,1.761391E-03,.471676,
,195.5,9.35118,34.01234,1489.507,26.28873,1.760238E-03,.4725634,
,196,9.346555,34.01401,1489.5,26.29078,1.758398E-03,.4734499,
,196.5,9.342226,34.01585,1489.495,26.29287,1.75651E-03,.4743356,
,197,9.338512,34.01755,1489.492,26.29483,1.754738E-03,.4752202,
,197.5,9.335551,34.01918,1489.491,26.29655,1.753177E-03,.476104,
,198,9.332586,34.02085,1489.491,26.29837,1.751535E-03,.4769871,
,198.5,9.329257,34.02253,1489.489,26.30032,1.749766E-03,.4778694,
,199,9.325038,34.02393,1489.483,26.30209,1.748171E-03,.4787508,
,199.5,9.321922,34.02516,1489.482,26.30351,.0017469,.4796313,
,200,9.318185,34.02626,1489.478,26.30495,1.745608E-03,.4805113,
,200.5,9.313572,34.02729,1489.47,26.3065,1.744221E-03,.4813908,
,201,9.308677,34.02848,1489.462,26.30822,1.742668E-03,.4822693,
,201.5,9.304783,34.02959,1489.458,26.30968,1.741354E-03,.4831471,
,202,9.301527,34.0305,1489.455,26.31094,1.74029E-03,.4840243,
,202.5,9.298452,34.03126,1489.453,26.31207,1.739357E-03,.4849011,
,203,9.294934,34.03207,1489.449,26.31331,1.738175E-03,.4857773,
,203.5,9.291058,34.03307,1489.445,26.31471,1.736923E-03,.4866529,
,204,9.286913,34.03422,1489.439,26.31623,1.735617E-03,.487528,
,204.5,9.28253,34.03555,1489.433,26.31793,1.734007E-03,.4884022,
,205,9.279678,34.03684,1489.432,26.31937,1.732732E-03,.4892758,
,205.5,9.276931,34.03712,1489.431,26.32002,1.732208E-03,.4901488,
,206,9.275348,34.03754,1489.434,26.32066,1.731692E-03,.4910217,
,206.5,9.27352,34.03796,1489.436,26.32131,1.731161E-03,.4918942,
,207,9.271165,34.03823,1489.436,26.3219,1.730691E-03,.4927665,
,207.5,9.270634,34.03867,1489.443,26.3224,1.730326E-03,.4936386,
,208,9.270031,34.03878,1489.449,26.32253,1.730403E-03,.4945106,
,208.5,9.269134,34.03909,1489.455,26.32289,1.730144E-03,.4953826,
,209,9.268289,34.03947,1489.46,26.32332,1.729803E-03,.4962544,
,209.5,9.267538,34.03988,1489.466,26.32377,1.729445E-03,.4971261,
,210,9.267257,34.04028,1489.474,26.32409,1.729238E-03,.4979976,
,210.5,9.266715,34.04042,1489.481,26.32436,1.728992E-03,.498869,
,211,9.26622,34.04062,1489.487,26.32454,1.72893E-03,.4997403,
,211.5,9.26531,34.04082,1489.493,26.32483,1.728745E-03,.5006116,
,212,9.263944,34.0413,1489.496,26.32545,1.72822E-03,.5014826,
,212.5,9.262425,34.04187,1489.5,26.32614,1.72767E-03,.5023534,
,213,9.260712,34.04256,1489.503,26.32691,1.727089E-03,.5032241,
,213.5,9.259002,34.04319,1489.505,26.3277,1.726429E-03,.5040942,
,214,9.257925,34.04393,1489.511,26.32848,1.725776E-03,.5049641,
,214.5,9.255896,34.04452,1489.512,26.32931,1.725078E-03,.5058337,
,215,9.253101,34.04516,1489.511,26.33027,1.724259E-03,.5067029,
,215.5,9.250253,34.0466,1489.511,26.3318,1.722884E-03,.5075715,
,216,9.244087,34.04902,1489.499,26.3347,1.720151E-03,.5084391,
,216.5,9.236133,34.05253,1489.483,26.33878,1.71636E-03,.5093052,
,217,9.224197,34.05695,1489.453,26.34416,1.711335E-03,.5101685,
,217.5,9.21067,34.06133,1489.417,26.34976,1.706117E-03,.5110297,
,218,9.196912,34.06563,1489.38,26.35531,1.700913E-03,.5118884,
,218.5,9.185809,34.06947,1489.352,26.36012,1.696379E-03,.5127445,
,219,9.17603,34.07217,1489.328,26.36379,1.692999E-03,.5135986,
,219.5,9.169481,34.07495,1489.315,26.36693,1.690106E-03,.5144513,
,220,9.163679,34.07734,1489.305,26.36982,1.68737E-03,.5153021,
,220.5,9.158209,34.07977,1489.296,26.37262,1.68481E-03,.5161519,
,221,9.153111,34.08242,1489.289,26.37546,1.682237E-03,.5170005,
,221.5,9.148148,34.08538,1489.283,26.37855,1.679314E-03,.5178477,
,222,9.140149,34.08842,1489.266,26.38229,1.675857E-03,.5186931,
,222.5,9.13405,34.09082,1489.254,26.38509,1.673214E-03,.5195371,
,223,9.130794,34.09232,1489.252,26.3868,1.671759E-03,.52038,
,223.5,9.128104,34.09304,1489.252,26.38775,1.670969E-03,.5212223,
,224,9.126113,34.09369,1489.254,26.38857,1.670272E-03,.5220643,
,224.5,9.125095,34.09455,1489.259,26.38946,1.669495E-03,.5229059,
,225,9.122754,34.09566,1489.26,26.39077,1.668342E-03,.5237471,
,225.5,9.120136,34.0971,1489.261,26.39235,1.666993E-03,.5245876,
,226,9.117725,34.09847,1489.262,26.39381,1.665707E-03,.5254273,
,226.5,9.11566,34.09966,1489.264,26.39503,1.664568E-03,.5262667,
,227,9.113761,34.10105,1489.267,26.39631,1.663437E-03,.5271054,
,227.5,9.110229,34.10223,1489.264,26.39783,1.662118E-03,.5279434,
,228,9.109008,34.10328,1489.269,26.39892,1.661169E-03,.5287809,
,228.5,9.106856,34.1036,1489.27,26.39954,1.660664E-03,.529618,
,229,9.105321,34.10402,1489.273,26.4001,1.660239E-03,.5304549,
,229.5,9.10373,34.10447,1489.276,26.4007,1.659702E-03,.5312916,
,230,9.10231,34.10502,1489.279,26.40132,1.659197E-03,.532128,
,230.5,9.100783,34.10585,1489.283,26.40221,1.65845E-03,.5329641,
,231,9.098284,34.10657,1489.283,26.40314,1.65767E-03,.5337998,
,231.5,9.097277,34.10716,1489.288,26.40373,1.657142E-03,.5346351,
,232,9.096445,34.10773,1489.294,26.40436,1.656598E-03,.5354701,
,232.5,9.094734,34.10818,1489.297,26.40504,1.656061E-03,.536305,
,233,9.092487,34.10832,1489.297,26.40549,1.655792E-03,.5371397,
,233.5,9.093557,34.10899,1489.31,26.40582,1.655575E-03,.5379742,
,234,9.090667,34.10917,1489.308,26.40639,1.655129E-03,.5388085,
,234.5,9.087884,34.10977,1489.307,26.40731,1.654351E-03,.5396425,
,235,9.08515,34.11054,1489.306,26.40838,1.653383E-03,.5404761,
,235.5,9.082258,34.11143,1489.305,26.40957,1.652287E-03,.5413091,
,236,9.080537,34.11308,1489.309,26.41108,1.650948E-03,.5421416,
,236.5,9.079181,34.1152,1489.315,26.41295,1.649271E-03,.5429733,
,237,9.080088,34.11819,1489.33,26.41521,1.647342E-03,.5438041,
,237.5,9.081093,34.12013,1489.344,26.4166,1.646066E-03,.5446341,
,238,9.079634,34.12127,1489.349,26.41769,1.645139E-03,.5454635,
,238.5,9.076007,34.12244,1489.345,26.41919,1.643826E-03,.5462924,
,239,9.072812,34.12446,1489.344,26.42127,1.641917E-03,.5471205,
,239.5,9.068624,34.12603,1489.339,26.42311,1.640218E-03,.5479477,
,240,9.070626,34.12841,1489.357,26.42465,1.638926E-03,.5487742,
,240.5,9.068969,34.13054,1489.362,26.42664,1.637043E-03,.5495998,
,241,9.070172,34.13368,1489.379,26.4288,1.635213E-03,.5504245,
,241.5,9.073588,34.13559,1489.402,26.42983,1.634234E-03,.5512484,
,242,9.075242,34.13726,1489.419,26.43092,1.633346E-03,.5520718,
,242.5,9.076684,34.13913,1489.434,26.43214,1.632329E-03,.5528948,
,243,9.078229,34.14156,1489.451,26.43378,1.630879E-03,.5537173,
,243.5,9.07985,34.14397,1489.469,26.43542,1.629437E-03,.5545389,
,244,9.082632,34.14578,1489.49,26.43637,1.628662E-03,.55536,
,244.5,9.08329,34.14631,1489.501,26.43676,1.628435E-03,.5561809,
,245,9.077822,34.14671,1489.49,26.43792,1.627336E-03,.5570014,
,245.5,9.073902,34.14692,1489.484,26.43871,1.626658E-03,.5578215,
,246,9.068233,34.14692,1489.471,26.43956,1.625876E-03,.5586413,
,246.5,9.064374,34.14647,1489.465,26.43981,1.625742E-03,.5594608,
,247,9.064084,34.14607,1489.471,26.43961,1.626035E-03,.5602803,
,247.5,9.063138,34.14495,1489.475,26.4389,1.626713E-03,.5611001,
,248,9.059987,34.14576,1489.473,26.43999,1.625828E-03,.5619198,
,248.5,9.05184,34.14715,1489.452,26.44238,1.623634E-03,.5627387,
,249,9.047451,34.14907,1489.447,26.44458,1.621633E-03,.5635566,
,249.5,9.054894,34.15197,1489.486,26.44565,1.620799E-03,.5643738,
,250,9.07249,34.15507,1489.563,26.44528,1.621268E-03,.5651909,
,250.5,9.093056,34.15853,1489.651,26.4447,1.621962E-03,.5660083,
,251,9.110398,34.16255,1489.729,26.44508,1.621796E-03,.5668259,
,251.5,9.119296,34.16615,1489.774,26.4465,1.620702E-03,.5676431,
,252,9.129893,34.17096,1489.827,26.4485,1.618914E-03,.5684595,
,252.5,9.138636,34.17526,1489.873,26.45045,1.617153E-03,.5692751,
,253,9.135774,34.17783,1489.874,26.45295,1.614879E-03,.5700896,
,253.5,9.122543,34.1789,1489.835,26.45591,1.612134E-03,.5709031,
,254,9.104726,34.17877,1489.777,26.45861,1.609568E-03,.5717152,
,254.5,9.092546,34.17601,1489.738,26.45848,1.609693E-03,.5725266,
,255,9.077727,34.17202,1489.686,26.45769,1.610425E-03,.5733382,
,255.5,9.051452,34.16885,1489.594,26.45945,1.60875E-03,.5741494,
,256,9.033721,34.16606,1489.533,26.46004,1.608259E-03,.5749603,
,256.5,9.026484,34.16506,1489.514,26.46046,1.607982E-03,.5757709,
,257,9.017056,34.16585,1489.488,26.46255,1.60591E-03,.576581,
,257.5,9.01202,34.16772,1489.48,26.46485,1.603831E-03,.5773899,
,258,9.008265,34.16814,1489.475,26.46583,1.602986E-03,.5781982,
,258.5,9.006891,34.16851,1489.479,26.4663,1.602677E-03,.5790061,
,259,9.001073,34.16917,1489.467,26.46777,1.601298E-03,.5798137,
,259.5,8.992636,34.17,1489.445,26.46969,1.599569E-03,.5806205,
,260,8.987715,34.16979,1489.435,26.47028,1.599006E-03,.5814266,
,260.5,8.986242,34.16935,1489.437,26.47021,1.599282E-03,.5822328,
,261,8.979721,34.17023,1489.422,26.47191,1.597683E-03,.5830384,
,261.5,8.975318,34.17318,1489.418,26.47495,1.594875E-03,.5838429,
,262,8.970454,34.17605,1489.412,26.47797,1.592042E-03,.5846462,
,262.5,8.9685,34.17852,1489.416,26.48015,1.590092E-03,.5854483,
,263,8.969304,34.17997,1489.429,26.48116,1.589301E-03,.5862496,
,263.5,8.969625,34.18142,1489.44,26.48225,1.588364E-03,.5870506,
,264,8.969562,34.18406,1489.452,26.4843,1.58652E-03,.5878508,
,264.5,8.969187,34.18737,1489.463,26.48697,1.584095E-03,.58865,
,265,8.970085,34.19043,1489.478,26.48922,1.58204E-03,.589448,
,265.5,8.973616,34.193,1489.502,26.49066,1.580757E-03,.5902452,
,266,8.974804,34.19489,1489.517,26.49196,1.579698E-03,.5910418,
,266.5,8.977164,34.19645,1489.536,26.49286,1.578914E-03,.5918379,
,267,8.980953,34.19735,1489.56,26.49301,1.578802E-03,.5926338,
,267.5,8.982286,34.19779,1489.574,26.4931,1.578821E-03,.5934297,
,268,8.984957,34.19926,1489.594,26.49383,1.578237E-03,.5942255,
,268.5,8.98774,34.20116,1489.615,26.49483,1.57747E-03,.5950209,
,269,8.99096,34.20321,1489.637,26.49599,1.576482E-03,.5958159,
,269.5,8.995457,34.20559,1489.665,26.49713,1.575566E-03,.5966104,
,270,8.997796,34.20769,1489.685,26.49836,1.574466E-03,.5974043,
,270.5,8.998687,34.21012,1489.699,26.50013,1.572893E-03,.5981977,
,271,8.998105,34.21254,1489.708,26.50212,1.57117E-03,.5989901,
,271.5,8.995685,34.21415,1489.71,26.50372,1.569733E-03,.5997819,
,272,8.992691,34.21537,1489.708,26.50518,1.568419E-03,.6005728,
,272.5,8.989537,34.21659,1489.706,26.50666,1.567034E-03,.6013631,
,273,8.986025,34.21783,1489.703,26.50822,1.565565E-03,.6021528,
,273.5,8.981073,34.21925,1489.695,26.5101,1.563872E-03,.6029417,
,274,8.975739,34.21996,1489.685,26.51151,1.562638E-03,.6037297,
,274.5,8.969874,34.22019,1489.672,26.51257,1.561738E-03,.6045173,
,275,8.962083,34.21936,1489.65,26.51321,1.561222E-03,.6053045,
,275.5,8.957061,34.21852,1489.639,26.51338,1.561152E-03,.6060915,
,276,8.954014,34.21792,1489.635,26.51334,1.561243E-03,.6068785,
,276.5,8.949677,34.21736,1489.627,26.5135,1.561084E-03,.6076656,
,277,8.944204,34.21784,1489.615,26.51483,1.559915E-03,.6084523,
,277.5,8.940953,34.21812,1489.612,26.51556,1.559339E-03,.6092385,
,278,8.941545,34.21828,1489.623,26.51561,1.559302E-03,.6100246,
,278.5,8.940621,34.21782,1489.627,26.51538,1.559617E-03,.6108108,
,279,8.941848,34.21821,1489.64,26.51546,1.55961E-03,.6115971,
,279.5,8.941675,34.21831,1489.648,26.51555,1.559652E-03,.6123834,
,280,8.94084,34.21837,1489.653,26.51575,1.559623E-03,.6131696,
,280.5,8.941274,34.21904,1489.664,26.51624,1.559244E-03,.6139559,
,281,8.939271,34.21867,1489.665,26.51624,1.559329E-03,.6147419,
,281.5,8.939301,34.21905,1489.673,26.51652,1.559142E-03,.615528,
,282,8.938182,34.21954,1489.678,26.5171,1.558672E-03,.6163139,
,282.5,8.934685,34.22002,1489.674,26.51807,1.557835E-03,.6170995,
,283,8.930275,34.22134,1489.668,26.51975,1.556335E-03,.6178846,
,283.5,8.923821,34.22136,1489.652,26.52081,1.555336E-03,.6186689,
,284,8.919738,34.2212,1489.645,26.52131,1.554969E-03,.6194529,
,284.5,8.916141,34.22089,1489.64,26.52165,1.554749E-03,.6202368,
,285,8.911035,34.22062,1489.629,26.52228,1.55417E-03,.6210204,
,285.5,8.903852,34.22114,1489.611,26.52382,1.552802E-03,.6218036,
,286,8.897433,34.222,1489.597,26.52549,1.551211E-03,.6225862,
,286.5,8.891803,34.22322,1489.586,26.52735,1.549558E-03,.6233678,
,287,8.890168,34.22458,1489.59,26.52858,1.548504E-03,.6241488,
,287.5,8.889918,34.22627,1489.599,26.52998,1.547267E-03,.6249292,
,288,8.883767,34.22765,1489.587,26.53209,1.545355E-03,.6257086,
,288.5,8.873646,34.22842,1489.558,26.53431,1.543283E-03,.6264872,
,289,8.861007,34.22777,1489.519,26.53579,1.541881E-03,.627265,
,289.5,8.84766,34.22601,1489.476,26.53655,1.541225E-03,.6280421,
,290,8.838578,34.22512,1489.449,26.5373,1.540557E-03,.6288189,
,290.5,8.834382,34.22546,1489.443,26.5382,1.539695E-03,.6295955,
,291,8.833707,34.22667,1489.45,26.53926,1.53871E-03,.6303715,
,291.5,8.837567,34.22844,1489.475,26.54006,1.538084E-03,.6311471,
,292,8.842032,34.23034,1489.502,26.5408,1.537587E-03,.6319224,
,292.5,8.842481,34.23119,1489.513,26.5414,1.537096E-03,.6326975,
,293,8.84281,34.23212,1489.524,26.54211,1.536418E-03,.6334723,
,293.5,8.841259,34.23236,1489.526,26.54246,1.536298E-03,.6342469,
,294,8.840389,34.23202,1489.531,26.54235,1.536527E-03,.6350216,
,294.5,8.840432,34.23203,1489.54,26.54238,1.536509E-03,.6357963,
,295,8.837161,34.23265,1489.536,26.54338,1.535631E-03,.6365707,
,295.5,8.831837,34.23323,1489.526,26.54463,1.534529E-03,.6373446,
,296,8.82592,34.23324,1489.512,26.54557,1.533732E-03,.6381181,
,296.5,8.820315,34.23235,1489.499,26.54579,1.53363E-03,.6388914,
,297,8.813819,34.23187,1489.482,26.54639,1.533064E-03,.6396645,
,297.5,8.804123,34.23195,1489.455,26.54799,1.531531E-03,.6404371,
,298,8.796183,34.23154,1489.433,26.54897,1.530691E-03,.6412091,
,298.5,8.795258,34.23098,1489.437,26.54865,1.531085E-03,.6419809,
,299,8.793106,34.22973,1489.436,26.54796,1.531822E-03,.642753,
,299.5,8.790636,34.22944,1489.435,26.54816,1.531741E-03,.6435254,
,300,8.789415,34.22954,1489.438,26.54841,.0015316,.6442976,
,300.5,8.787107,34.22917,1489.438,26.54846,1.531571E-03,.6450698,
,301,8.785122,34.22871,1489.438,26.54837,1.531728E-03,.6458421,
,301.5,8.78131,34.22797,1489.431,26.54846,1.531671E-03,.6466143,
,302,8.776848,34.22721,1489.422,26.54862,1.531582E-03,.6473866,
,302.5,8.772867,34.22671,1489.415,26.54877,1.531603E-03,.6481588,
,303,8.768044,34.22648,1489.405,26.54939,1.531003E-03,.6489309,
,303.5,8.761209,34.22606,1489.388,26.55014,1.530397E-03,.6497027,
,304,8.754559,34.22463,1489.37,26.55003,1.530519E-03,.6504744,
,304.5,8.742843,34.22348,1489.333,26.55095,1.529712E-03,.6512458,
,305,8.727848,34.22231,1489.284,26.55237,1.528299E-03,.6520168,
,305.5,8.715414,34.22055,1489.244,26.55297,1.527761E-03,.6527872,
,306,8.694141,34.21936,1489.172,26.55535,1.525509E-03,.6535569,
,306.5,8.662572,34.21871,1489.062,26.55976,1.52124E-03,.6543249,
,307,8.625117,34.21696,1488.929,26.56426,1.516809E-03,.655091,
,307.5,8.57741,34.21048,1488.751,26.56655,1.514495E-03,.6558552,
,308,8.536649,34.20261,1488.597,26.56667,1.514158E-03,.6566187,
,308.5,8.50605,34.19677,1488.484,26.56673,1.513973E-03,.6573821,
,309,8.480978,34.19367,1488.395,26.56811,1.512624E-03,.658145,
,309.5,8.461009,34.19245,1488.327,26.57023,1.510613E-03,.6589072,
,310,8.446883,34.19211,1488.282,26.57218,1.508763E-03,.6596686,
,310.5,8.440488,34.1922,1488.266,26.57318,1.507912E-03,.6604291,
,311,8.435585,34.19228,1488.257,26.57409,1.507079E-03,.6611893,
,311.5,8.431346,34.19364,1488.251,26.57579,1.505558E-03,.6619488,
,312,8.426756,34.19523,1488.244,26.57778,1.50366E-03,.6627074,
,312.5,8.423945,34.19626,1488.243,26.57901,1.502603E-03,.6634653,
,313,8.421855,34.19689,1488.244,26.57982,1.501952E-03,.6642228,
,313.5,8.419033,34.19733,1488.242,26.58057,1.501265E-03,.6649799,
,314,8.416165,34.19807,1488.241,26.58159,1.500422E-03,.6657367,
,314.5,8.413784,34.19897,1488.241,26.58267,1.499462E-03,.666493,
,315,8.412526,34.19997,1488.246,26.58361,1.498602E-03,.6672488,
,315.5,8.412369,34.20087,1488.255,26.58438,1.497984E-03,.6680043,
,316,8.410927,34.20155,1488.259,26.58515,1.49733E-03,.6687595,
,316.5,8.407191,34.2014,1488.253,26.58551,1.496995E-03,.6695144,
,317,8.402711,34.20148,1488.245,26.58627,1.496449E-03,.6702691,
,317.5,8.397909,34.20117,1488.234,26.58679,1.495994E-03,.6710235,
,318,8.39419,34.20086,1488.228,26.58714,.0014957,.6717778,
,318.5,8.391574,34.2007,1488.227,26.58743,1.495489E-03,.6725319,
,319,8.386389,34.20055,1488.215,26.58809,1.494906E-03,.6732858,
,319.5,8.379562,34.20063,1488.198,26.58918,1.493931E-03,.6740394,
,320,8.372277,34.20097,1488.18,26.59051,1.492708E-03,.6747924,
,320.5,8.363727,34.20128,1488.156,26.59211,1.491258E-03,.6755447,
,321,8.358722,34.20137,1488.146,26.59297,1.490438E-03,.6762965,
,321.5,8.353509,34.20131,1488.135,26.59366,1.489839E-03,.6770478,
,322,8.347929,34.20128,1488.122,26.59446,1.489169E-03,.6777989,
,322.5,8.342572,34.20138,1488.11,26.59539,1.488378E-03,.6785496,
,323,8.337898,34.20187,1488.102,26.59652,1.487395E-03,.6792999,
,323.5,8.330853,34.20267,1488.084,26.59818,1.48582E-03,.6800495,
,324,8.324706,34.20341,1488.071,26.59969,1.484421E-03,.6807983,
,324.5,8.320957,34.20372,1488.065,26.60048,1.483751E-03,.6815467,
,325,8.319655,34.20365,1488.069,26.60066,1.483663E-03,.6822948,
,325.5,8.318853,34.20334,1488.073,26.60056,1.483819E-03,.6830431,
,326,8.318264,34.20293,1488.079,26.60035,1.484079E-03,.6837913,
,326.5,8.318624,34.20302,1488.089,26.60034,1.484154E-03,.6845397,
,327,8.318068,34.2034,1488.096,26.60071,1.483883E-03,.685288,
,327.5,8.316374,34.20422,1488.098,26.60163,1.483113E-03,.6860361,
,328,8.315022,34.20513,1488.103,26.60257,1.482327E-03,.6867838,
,328.5,8.314753,34.20512,1488.11,26.60259,1.482421E-03,.6875314,
,329,8.314362,34.2047,1488.116,26.60235,1.482732E-03,.6882789,
,329.5,8.313634,34.20402,1488.121,26.60187,1.483254E-03,.6890268,
,330,8.31327,34.20305,1488.127,26.60114,1.484031E-03,.6897749,
,330.5,8.311358,34.20194,1488.127,26.60058,1.484662E-03,.6905234,
,331,8.306094,34.20129,1488.114,26.60088,1.484431E-03,.691272,
,331.5,8.298888,34.20123,1488.096,26.60191,1.483456E-03,.6920204,
,332,8.291783,34.20141,1488.077,26.60317,1.482292E-03,.6927682,
,332.5,8.287402,34.20139,1488.069,26.60383,1.481733E-03,.6935155,
,333,8.284935,34.20127,1488.068,26.60407,1.481521E-03,.6942626,
,333.5,8.282552,34.20125,1488.068,26.60438,1.481316E-03,.6950097,
,334,8.279828,34.20169,1488.066,26.60521,1.480614E-03,.6957564,
,334.5,8.275815,34.20253,1488.06,26.60646,1.479515E-03,.6965027,
,335,8.26971,34.20389,1488.047,26.60846,1.477672E-03,.6972484,
,335.5,8.259768,34.20612,1488.021,26.61172,1.474613E-03,.6979928,
,336,8.24632,34.20875,1487.982,26.61575,1.47088E-03,.6987355,
,336.5,8.234371,34.21046,1487.947,26.61892,1.467869E-03,.6994765,
,337,8.230102,34.21136,1487.941,26.62026,1.466614E-03,.7002165,
,337.5,8.223679,34.21043,1487.924,26.62051,1.46648E-03,.700956,
,338,8.218622,34.21081,1487.914,26.62153,1.465609E-03,.7016953,
,338.5,8.207952,34.21177,1487.883,26.62391,1.463256E-03,.7024337,
,339,8.195483,34.21331,1487.846,26.62705,1.460325E-03,.7031708,
,339.5,8.185652,34.21423,1487.819,26.62926,1.458277E-03,.7039068,
,340,8.181272,34.2133,1487.809,26.62917,1.458354E-03,.7046422,
,340.5,8.179788,34.21156,1487.81,26.62803,1.459463E-03,.7053779,
,341,8.179277,34.21022,1487.814,26.62706,1.460467E-03,.7061141,
,341.5,8.176951,34.20919,1487.813,26.62659,1.460986E-03,.7068507,
,342,8.177197,34.2086,1487.821,26.62611,1.461584E-03,.7075877,
,342.5,8.177988,34.20822,1487.832,26.62567,1.462091E-03,.7083248,
,343,8.177997,34.20819,1487.84,26.62561,1.46217E-03,.7090622,
,343.5,8.176685,34.20931,1487.845,26.62676,1.461171E-03,.7097993,
,344,8.173109,34.21032,1487.841,26.62807,1.460036E-03,.7105359,
,344.5,8.17358,34.21217,1487.854,26.62942,1.458871E-03,.7112719,
,345,8.169156,34.21265,1487.846,26.6305,1.457944E-03,.7120074,
,345.5,8.16896,34.21335,1487.854,26.63104,1.45752E-03,.7127425,
,346,8.16913,34.21313,1487.863,26.63081,1.457764E-03,.7134777,
,346.5,8.170632,34.21262,1487.876,26.63022,1.458401E-03,.714213,
,347,8.16917,34.21272,1487.879,26.63048,1.458285E-03,.7149484,
,347.5,8.167511,34.21262,1487.881,26.63069,1.458085E-03,.7156838,
,348,8.16724,34.21189,1487.887,26.63014,1.458724E-03,.7164193,
,348.5,8.167538,34.2108,1487.896,26.62922,1.459723E-03,.7171552,
,349,8.168163,34.20939,1487.905,26.62803,1.460934E-03,.7178916,
,349.5,8.168235,34.20871,1487.912,26.62753,1.461487E-03,.7186285,
,350,8.168363,34.20864,1487.921,26.62744,1.461588E-03,.7193656,
,350.5,8.167613,34.20878,1487.927,26.62761,1.461502E-03,.7201027,
,351,8.166842,34.20887,1487.932,26.62781,1.461403E-03,.7208397,
,351.5,8.16598,34.20881,1487.937,26.62793,1.461393E-03,.7215768,
,352,8.164656,34.20849,1487.94,26.62792,1.461567E-03,.7223138,
,352.5,8.165038,34.20734,1487.948,26.62695,1.462503E-03,.7230512,
,353,8.165914,34.20606,1487.958,26.6258,1.463726E-03,.7237892,
,353.5,8.16394,34.20625,1487.959,26.62623,1.463376E-03,.7245272,
,354,8.162323,34.207,1487.963,26.62709,1.462595E-03,.7252651,
,354.5,8.1612,34.20775,1487.968,26.62779,1.462009E-03,.7260026,
,355,8.159801,34.20858,1487.972,26.62873,1.461143E-03,.7267397,
,355.5,8.158215,34.20893,1487.974,26.62919,1.460904E-03,.7274765,
,356,8.157869,34.20936,1487.982,26.62967,1.460533E-03,.7282132,
,356.5,8.155654,34.20894,1487.981,26.62958,1.460635E-03,.7289498,
,357,8.150421,34.20749,1487.968,26.62919,1.460993E-03,.7296865,
,357.5,8.13711,34.20674,1487.925,26.63066,1.459594E-03,.7304229,
,358,8.115071,34.20558,1487.849,26.63304,1.457334E-03,.7311583,
,358.5,8.097498,34.20403,1487.789,26.63442,1.456027E-03,.7318931,
,359,8.090388,34.20124,1487.767,26.63325,1.45713E-03,.7326276,
,359.5,8.085827,34.19966,1487.756,26.63271,1.457631E-03,.7333627,
,360,8.078342,34.20002,1487.737,26.63419,1.456327E-03,.7340975,
,360.5,8.074295,34.20102,1487.731,26.63552,1.455069E-03,.7348316,
,361,8.068948,34.20073,1487.719,26.63611,1.454585E-03,.7355654,
,361.5,8.067365,34.20078,1487.721,26.63639,1.454427E-03,.7362989,
,362,8.06536,34.20119,1487.722,26.63699,1.453893E-03,.7370324,
,362.5,8.062592,34.20218,1487.721,26.63822,1.452726E-03,.7377654,
,363,8.060652,34.20366,1487.724,26.63969,1.451421E-03,.7384978,
,363.5,8.058206,34.20447,1487.724,26.6406,1.450691E-03,.7392296,
,364,8.055996,34.20427,1487.724,26.64075,1.450663E-03,.7399613,
,364.5,8.056273,34.20304,1487.732,26.63985,1.45154E-03,.7406931,
,365,8.056554,34.20169,1487.74,26.63868,1.452766E-03,.7414256,
,365.5,8.056803,34.2011,1487.748,26.63818,1.453297E-03,.7421584,
,366,8.0556,34.20155,1487.752,26.63875,1.452843E-03,.7428913,
,366.5,8.051455,34.20202,1487.745,26.63982,1.451851E-03,.7436237,
,367,8.046768,34.20241,1487.737,26.64079,1.451032E-03,.7443559,
,367.5,8.038974,34.20282,1487.716,26.64227,1.449752E-03,.7450874,
,368,8.032578,34.20336,1487.701,26.64366,1.448504E-03,.7458182,
,368.5,8.027664,34.20373,1487.691,26.64464,1.447499E-03,.7465485,
,369,8.021171,34.20441,1487.676,26.64614,1.446082E-03,.7472783,
,369.5,8.015178,34.20516,1487.662,26.64759,1.444749E-03,.7480072,
,370,8.013063,34.20551,1487.663,26.64817,1.444301E-03,.7487358,
,370.5,8.011862,34.20566,1487.667,26.64851,1.444085E-03,.7494642,
,371,8.010527,34.20606,1487.671,26.64905,1.443674E-03,.7501924,
,371.5,8.010226,34.20632,1487.678,26.64931,1.443529E-03,.7509205,
,372,8.011115,34.20605,1487.689,26.64892,1.44398E-03,.7516487,
,372.5,8.011769,34.20564,1487.7,26.64847,1.44443E-03,.7523772,
,373,8.009274,34.20665,1487.7,26.64963,1.443418E-03,.7531055,
,373.5,8.002355,34.20835,1487.684,26.65202,1.441147E-03,.7538329,
,374,7.994115,34.20937,1487.662,26.65408,1.439267E-03,.7545593,
,374.5,7.989087,34.2093,1487.652,26.65475,1.438664E-03,.755285,
,375,7.987022,34.20829,1487.651,26.65425,1.439211E-03,.7560108,
,375.5,7.986271,34.20786,1487.656,26.65405,1.439596E-03,.7567368,
,376,7.981352,34.20771,1487.645,26.65466,1.438984E-03,.7574627,
,376.5,7.976996,34.20867,1487.638,26.65607,1.43762E-03,.7581882,
,377,7.971651,34.20834,1487.626,26.65653,1.43718E-03,.7589132,
,377.5,7.968176,34.20768,1487.62,26.65655,1.437286E-03,.7596381,
,378,7.964707,34.20628,1487.614,26.65599,1.437904E-03,.7603633,
,378.5,7.961643,34.20424,1487.608,26.65483,1.439031E-03,.7610888,
,379,7.961263,34.20381,1487.614,26.65456,1.439398E-03,.7618147,
,379.5,7.957521,34.20565,1487.61,26.65658,1.437563E-03,.7625402,
,380,7.950583,34.20821,1487.596,26.65957,1.434742E-03,.7632647,
,380.5,7.946983,34.21033,1487.593,26.66185,1.432684E-03,.7639878,
,381,7.944812,34.2093,1487.592,26.66132,1.433172E-03,.7647107,
,381.5,7.944779,34.20811,1487.599,26.66034,1.434261E-03,.7654338,
,382,7.942538,34.20687,1487.597,26.65971,1.434911E-03,.7661574,
,382.5,7.940544,34.20652,1487.597,26.65973,1.434892E-03,.7668812,
,383,7.937936,34.20641,1487.595,26.6601,1.434634E-03,.7676048,
,383.5,7.936289,34.20588,1487.597,26.6599,1.434827E-03,.7683285,
,384,7.934966,34.20541,1487.599,26.65973,1.435101E-03,.7690523,
,384.5,7.931493,34.20493,1487.594,26.65986,1.435088E-03,.7697762,
,385,7.92402,34.20452,1487.574,26.66062,1.434364E-03,.7704999,
,385.5,7.915867,34.2043,1487.551,26.66161,1.433419E-03,.7712231,
,386,7.905388,34.20446,1487.519,26.6633,1.431815E-03,.7719457,
,386.5,7.89069,34.20544,1487.473,26.66629,1.428977E-03,.7726673,
,387,7.876716,34.20727,1487.431,26.66973,1.425714E-03,.7733872,
,387.5,7.866482,34.20899,1487.402,26.6726,1.422998E-03,.7741056,
,388,7.857644,34.21018,1487.379,26.67484,1.420914E-03,.7748229,
,388.5,7.851967,34.21132,1487.367,26.67656,1.419362E-03,.7755393,
,389,7.846657,34.21148,1487.355,26.67747,1.418544E-03,.776255,
,389.5,7.841238,34.21106,1487.342,26.67791,1.418189E-03,.7769704,
,390,7.837368,34.21046,1487.335,26.67801,1.418084E-03,.7776857,
,390.5,7.834548,34.21029,1487.333,26.67831,1.417808E-03,.778401,
,391,7.828299,34.21106,1487.318,26.67975,1.416553E-03,.7791158,
,391.5,7.822374,34.21172,1487.305,26.68119,1.415288E-03,.77983,
,392,7.822042,34.21198,1487.312,26.6814,1.415083E-03,.7805439,
,392.5,7.81833,34.21146,1487.306,26.6816,1.414889E-03,.7812576,
,393,7.815187,34.2117,1487.302,26.68226,1.414428E-03,.7819712,
,393.5,7.811091,34.21262,1487.296,26.68358,1.413234E-03,.7826843,
,394,7.806429,34.21354,1487.288,26.68496,1.411929E-03,.7833968,
,394.5,7.803522,34.21435,1487.286,26.686,1.410975E-03,.7841089,
,395,7.803356,34.21475,1487.294,26.6864,1.410722E-03,.7848205,
,395.5,7.801497,34.21511,1487.296,26.68694,1.410261E-03,.785532,
,396,7.798446,34.21554,1487.293,26.68771,1.409571E-03,.7862431,
,396.5,7.794538,34.21539,1487.286,26.68816,1.409238E-03,.7869541,
,397,7.792596,34.21449,1487.286,26.68769,1.409768E-03,.7876651,
,397.5,7.788896,34.21241,1487.278,26.68667,1.410725E-03,.7883765,
,398,7.781953,34.21159,1487.259,26.68709,1.410341E-03,.789088,
,398.5,7.771444,34.21196,1487.227,26.6888,1.408799E-03,.7897991,
,399,7.760795,34.21254,1487.196,26.69093,1.406695E-03,.7905091,
,399.5,7.752913,34.2121,1487.174,26.69173,1.405976E-03,.7912185,
,400,7.747219,34.21119,1487.159,26.6918,1.40599E-03,.7919278,
,400.5,7.743544,34.20972,1487.152,26.69114,1.406689E-03,.7926372,
,401,7.738019,34.20802,1487.137,26.69057,1.407261E-03,.7933469,
,401.5,7.734965,34.20662,1487.132,26.68995,1.407911E-03,.794057,
,402,7.731318,34.20574,1487.125,26.68984,1.408016E-03,.7947671,
,402.5,7.721379,34.20642,1487.096,26.69183,1.406125E-03,.7954769,
,403,7.711522,34.20767,1487.069,26.6942,1.403881E-03,.7961857,
,403.5,7.705282,34.20752,1487.053,26.69495,1.403177E-03,.7968937,
,404,7.702141,34.20693,1487.048,26.69495,1.403265E-03,.7976016,
,404.5,7.695505,34.20578,1487.03,26.69507,1.403157E-03,.7983094,
,405,7.688187,34.20558,1487.01,26.696,1.402372E-03,.799017,
,405.5,7.675262,34.20662,1486.971,26.69861,1.399811E-03,.7997237,
,406,7.655441,34.20921,1486.906,26.70354,1.395128E-03,.8004285,
,406.5,7.631675,34.2124,1486.828,26.70951,1.389329E-03,.801131,
,407,7.613726,34.21501,1486.771,26.71414,1.384858E-03,.8018308,
,407.5,7.595991,34.21685,1486.714,26.71817,1.381045E-03,.8025284,
,408,7.573487,34.21838,1486.638,26.72266,1.376654E-03,.8032237,
,408.5,7.55661,34.21972,1486.583,26.72609,1.373365E-03,.8039174,
,409,7.545929,34.22042,1486.552,26.72809,1.371537E-03,.8046099,
,409.5,7.53615,34.21942,1486.521,26.72878,1.370883E-03,.8053016,
,410,7.527764,34.21854,1486.496,26.72936,1.370328E-03,.805993,
,410.5,7.517517,34.21811,1486.465,26.73042,1.369271E-03,.806684,
,411,7.506025,34.21818,1486.429,26.73207,1.367666E-03,.8073744,
,411.5,7.496559,34.21911,1486.402,26.73421,1.365725E-03,.8080639,
,412,7.485015,34.21986,1486.367,26.73642,1.363625E-03,.8087523,
,412.5,7.469972,34.22138,1486.32,26.73976,1.360399E-03,.8094392,
,413,7.452667,34.22331,1486.264,26.74375,1.356571E-03,.8101246,
,413.5,7.434066,34.22487,1486.203,26.74767,1.352807E-03,.8108081,
,414,7.418537,34.22522,1486.152,26.75016,1.350387E-03,.8114899,
,414.5,7.406938,34.22453,1486.115,26.7512,.0013494,.8121709,
,415,7.395451,34.22301,1486.077,26.75164,1.34898E-03,.8128515,
,415.5,7.385166,34.22169,1486.045,26.75208,1.348558E-03,.8135321,
,416,7.368618,34.22062,1485.988,26.7535,1.34711E-03,.8142119,
,416.5,7.348479,34.22001,1485.918,26.75595,1.34469E-03,.8148908,
,417,7.326398,34.21962,1485.841,26.75881,1.34195E-03,.8155685,
,417.5,7.308731,34.21942,1485.781,26.76113,1.339671E-03,.816245,
,418,7.297843,34.21913,1485.747,26.76242,1.338409E-03,.8169205,
,418.5,7.289902,34.21897,1485.724,26.76341,1.337463E-03,.8175954,
,419,7.282611,34.21879,1485.704,26.76429,1.336622E-03,.8182699,
,419.5,7.276402,34.21807,1485.688,26.76459,1.336378E-03,.8189442,
,420,7.273682,34.21699,1485.684,26.76414,1.336865E-03,.8196185,
,420.5,7.266522,34.21704,1485.665,26.76521,1.335853E-03,.8202927,
,421,7.256332,34.21778,1485.635,26.76725,1.333922E-03,.8209661,
,421.5,7.246847,34.21877,1485.608,26.76935,1.331946E-03,.8216386,
,422,7.244003,34.21876,1485.605,26.76968,1.331699E-03,.8223106,
,422.5,7.242888,34.21878,1485.609,26.7699,1.331456E-03,.8229824,
,423,7.239808,34.21963,1485.607,26.771,1.330511E-03,.8236538,
,423.5,7.235408,34.2205,1485.599,26.77226,1.329383E-03,.8243248,
,424,7.230523,34.22142,1485.59,26.77372,1.327995E-03,.8249952,
,424.5,7.223335,34.22119,1485.57,26.77448,1.327285E-03,.825665,
,425,7.215896,34.22049,1485.549,26.77493,1.326959E-03,.8263345,
,425.5,7.212115,34.22014,1485.542,26.77518,1.326716E-03,.8270039,
,426,7.209426,34.22042,1485.541,26.77586,1.326103E-03,.8276731,
,426.5,7.206909,34.22125,1485.54,26.77695,1.325261E-03,.828342,
,427,7.205162,34.22166,1485.542,26.77742,1.324815E-03,.8290104,
,427.5,7.205744,34.22275,1485.554,26.77819,1.324081E-03,.8296787,
,428,7.200383,34.22354,1485.543,26.77956,1.322881E-03,.8303464,
,428.5,7.196052,34.22443,1485.536,26.78086,1.321749E-03,.8310135,
,429,7.192274,34.22502,1485.53,26.78185,1.320831E-03,.8316801,
,429.5,7.185743,34.22519,1485.513,26.78288,1.319849E-03,.8323462,
,430,7.180597,34.22507,1485.501,26.7835,1.319313E-03,.833012,
,430.5,7.177505,34.22481,1485.498,26.78373,1.319188E-03,.8336775,
,431,7.17428,34.22443,1485.493,26.78387,1.319124E-03,.8343431,
,431.5,7.168284,34.2237,1485.477,26.78419,1.318821E-03,.8350086,
,432,7.165817,34.22351,1485.476,26.78437,1.318638E-03,.8356739,
,432.5,7.1593,34.22292,1485.458,26.78482,1.318278E-03,.8363391,
,433,7.151903,34.2225,1485.437,26.7855,1.317682E-03,.8370039,
,433.5,7.14541,34.22264,1485.421,26.78646,1.316766E-03,.8376685,
,434,7.140206,34.22309,1485.409,26.78751,1.315767E-03,.8383326,
,434.5,7.135741,34.22337,1485.401,26.78836,1.31502E-03,.8389962,
,435,7.13176,34.22349,1485.394,26.78905,1.314414E-03,.8396596,
,435.5,7.128043,34.22349,1485.388,26.78965,1.313845E-03,.8403227,
,436,7.123353,34.2229,1485.377,26.78983,1.313741E-03,.8409855,
,436.5,7.118491,34.2226,1485.366,26.79026,1.313373E-03,.8416482,
,437,7.113121,34.22259,1485.354,26.79097,1.312687E-03,.8423107,
,437.5,7.104856,34.22216,1485.33,26.79172,1.311977E-03,.8429728,
,438,7.099891,34.22288,1485.32,26.79296,1.310806E-03,.8436344,
,438.5,7.094715,34.22393,1485.309,26.79454,1.309351E-03,.8442954,
,439,7.089213,34.22507,1485.298,26.79626,1.307817E-03,.8449557,
,439.5,7.085146,34.2262,1485.292,26.7977,1.306537E-03,.8456153,
,440,7.083706,34.22666,1485.295,26.79823,1.306036E-03,.8462744,
,440.5,7.081984,34.22649,1485.296,26.79842,1.30594E-03,.8469333,
,441,7.081084,34.22705,1485.302,26.79896,1.305448E-03,.8475921,
,441.5,7.079038,34.22736,1485.303,26.79942,1.305051E-03,.8482506,
,442,7.077879,34.22747,1485.307,26.79964,1.304978E-03,.8489091,
,442.5,7.079391,34.22783,1485.321,26.79975,1.304995E-03,.8495676,
,443,7.076937,34.22713,1485.319,26.79958,1.305073E-03,.850226,
,443.5,7.078411,34.22692,1485.333,26.79919,1.305595E-03,.8508847,
,444,7.079461,34.22614,1485.344,26.79845,1.306351E-03,.8515436,
,444.5,7.079155,34.22556,1485.351,26.79804,1.306779E-03,.8522028,
,445,7.078345,34.22533,1485.356,26.79795,1.306946E-03,.8528622,
,445.5,7.078031,34.22527,1485.363,26.7979,1.307078E-03,.8535217,
,446,7.076774,34.22691,1485.368,26.79939,1.305696E-03,.8541808,
,446.5,7.072355,34.22905,1485.362,26.80175,1.303544E-03,.854839,
,447,7.071105,34.23029,1485.367,26.80284,1.302611E-03,.8554965,
,447.5,7.071124,34.23028,1485.375,26.8028,1.302778E-03,.8561538,
,448,7.071267,34.22985,1485.384,26.80242,1.303157E-03,.8568112,
,448.5,7.071375,34.22968,1485.392,26.80231,1.303344E-03,.8574688,
,449,7.069832,34.22987,1485.395,26.80273,1.302977E-03,.8581263,
,449.5,7.066695,34.23061,1485.392,26.80368,1.302154E-03,.8587835,
,450,7.063228,34.23146,1485.388,26.80481,1.301158E-03,.8594403,
,450.5,7.058946,34.23229,1485.381,26.80608,1.299988E-03,.8600965,
,451,7.0552,34.23298,1485.375,26.80714,1.29898E-03,.8607522,
,451.5,7.053124,34.23326,1485.376,26.80762,1.298579E-03,.8614075,
,452,7.05219,34.23251,1485.38,26.8072,1.299105E-03,.8620629,
,452.5,7.053115,34.2319,1485.391,26.80664,1.299669E-03,.8627185,
,453,7.052065,34.23132,1485.394,26.80624,1.300125E-03,.8633744,
,453.5,7.051623,34.23264,1485.403,26.8073,1.299217E-03,.8640302,
,454,7.047728,34.23386,1485.397,26.80886,1.297778E-03,.8646854,
,454.5,7.043815,34.2345,1485.391,26.80996,1.29678E-03,.86534,
,455,7.042852,34.23443,1485.396,26.81002,1.296825E-03,.8659943,
,455.5,7.039661,34.23382,1485.391,26.80997,1.296926E-03,.8666487,
,456,7.030543,34.234,1485.364,26.81133,1.295543E-03,.8673027,
,456.5,7.021641,34.2347,1485.339,26.81313,1.293825E-03,.8679559,
,457,7.013496,34.23557,1485.317,26.81495,1.292099E-03,.8686083,
,457.5,7.005359,34.23644,1485.294,26.81675,1.290401E-03,.86926,
,458,6.994741,34.23693,1485.262,26.81859,1.288659E-03,.8699107,
,458.5,6.987877,34.23701,1485.244,26.81962,1.287674E-03,.8705607,
,459,6.985776,34.23569,1485.243,26.81878,1.288573E-03,.8712107,
,459.5,6.983182,34.23511,1485.24,26.81873,1.288711E-03,.8718609,
,460,6.979823,34.23462,1485.235,26.8188,1.288669E-03,.8725111,
,460.5,6.978376,34.23453,1485.237,26.8189,1.288562E-03,.8731614,
,461,6.977848,34.23444,1485.243,26.81887,1.288629E-03,.8738116,
,461.5,6.976215,34.23385,1485.245,26.81864,1.288995E-03,.8744619,
,462,6.97615,34.23361,1485.252,26.81852,1.289212E-03,.8751125,
,462.5,6.973748,34.23351,1485.251,26.81881,1.288894E-03,.8757629,
,463,6.970047,34.23352,1485.245,26.81929,1.288527E-03,.8764132,
,463.5,6.968121,34.23355,1485.246,26.81961,1.288295E-03,.8770633,
,464,6.963832,34.23333,1485.237,26.82006,1.287941E-03,.8777133,
,464.5,6.958002,34.23303,1485.223,26.82063,1.287454E-03,.8783631,
,465,6.95047,34.23277,1485.201,26.8214,1.286727E-03,.8790126,
,465.5,6.943168,34.23301,1485.182,26.82258,1.285517E-03,.8796614,
,466,6.934634,34.23315,1485.157,26.82387,1.284266E-03,.8803098,
,466.5,6.925293,34.23343,1485.129,26.82538,1.282853E-03,.8809575,
,467,6.915587,34.23425,1485.101,26.82735,1.281078E-03,.8816046,
,467.5,6.903556,34.23464,1485.063,26.82933,1.27921E-03,.8822504,
,468,6.894361,34.2351,1485.036,26.83088,1.277611E-03,.8828955,
,468.5,6.886968,34.2354,1485.016,26.83212,1.276334E-03,.8835399,
,469,6.880187,34.23547,1484.998,26.83318,1.275324E-03,.8841837,
,469.5,6.873318,34.23512,1484.979,26.83383,1.274784E-03,.8848271,
,470,6.86658,34.23486,1484.961,26.83451,1.274169E-03,.8854703,
,470.5,6.858665,34.23454,1484.938,26.83532,.0012734,.886113,
,471,6.850041,34.23449,1484.913,26.83644,1.272337E-03,.8867553,
,471.5,6.842628,34.23488,1484.893,26.83772,1.27112E-03,.8873971,
,472,6.834975,34.23488,1484.871,26.83878,1.270121E-03,.8880383,
,472.5,6.830484,34.23447,1484.861,26.83905,1.269853E-03,.8886792,
,473,6.82667,34.23402,1484.854,26.83925,1.269721E-03,.8893199,
,473.5,6.821652,34.23351,1484.842,26.83954,1.269497E-03,.8899605,
,474,6.815362,34.23315,1484.826,26.84008,1.268978E-03,.8906011,
,474.5,6.811047,34.23347,1484.818,26.84099,1.268132E-03,.8912413,
,475,6.808214,34.23411,1484.816,26.84188,1.267389E-03,.891881,
,475.5,6.804549,34.23429,1484.81,26.84251,1.266776E-03,.8925204,
,476,6.804842,34.23435,1484.819,26.84244,1.267011E-03,.8931597,
,476.5,6.804083,34.2344,1484.825,26.84257,1.266946E-03,.8937991,
,477,6.802466,34.2345,1484.827,26.84288,1.266646E-03,.8944384,
,477.5,6.799245,34.23496,1484.823,26.84373,1.265924E-03,.8950773,
,478,6.797192,34.23541,1484.824,26.84437,1.265344E-03,.895716,
,478.5,6.795471,34.23563,1484.826,26.84476,1.264997E-03,.8963545,
,479,6.793306,34.23544,1484.826,26.8449,1.264943E-03,.8969929,
,479.5,6.790542,34.23579,1484.824,26.84562,1.264266E-03,.8976309,
,480,6.786525,34.23606,1484.817,26.84634,1.263637E-03,.8982688,
,480.5,6.782719,34.23611,1484.81,26.84683,1.263244E-03,.8989064,
,481,6.780298,34.23582,1484.809,26.84693,1.263229E-03,.8995439,
,481.5,6.778217,34.2355,1484.808,26.84703,1.263131E-03,.9001814,
,482,6.772315,34.23561,1484.794,26.84787,1.262334E-03,.9008186,
,482.5,6.766631,34.23605,1484.781,26.84894,1.261385E-03,.9014553,
,483,6.762651,34.23648,1484.774,26.84984,1.260573E-03,.9020917,
,483.5,6.759747,34.23676,1484.771,26.85051,1.259938E-03,.9027277,
,484,6.755034,34.23646,1484.761,26.85091,1.259549E-03,.9033635,
,484.5,6.753402,34.23615,1484.762,26.85085,1.259699E-03,.9039991,
,485,6.748945,34.23524,1484.752,26.85075,1.259809E-03,.9046349,
,485.5,6.743091,34.23465,1484.737,26.85109,1.259487E-03,.9052706,
,486,6.736208,34.23437,1484.718,26.8518,1.25881E-03,.905906,
,486.5,6.727757,34.23404,1484.693,26.85267,1.257974E-03,.9065412,
,487,6.719814,34.23463,1484.671,26.85421,1.256522E-03,.9071755,
,487.5,6.710747,34.23549,1484.645,26.8561,1.254733E-03,.9078091,
,488,6.701798,34.2366,1484.62,26.85817,1.252765E-03,.9084419,
,488.5,6.694497,34.23796,1484.601,26.86025,1.250795E-03,.9090738,
,489,6.688214,34.23895,1484.586,26.86187,1.249329E-03,.9097044,
,489.5,6.681134,34.23964,1484.568,26.86337,1.247933E-03,.9103346,
,490,6.672193,34.23987,1484.541,26.86473,1.246557E-03,.9109642,
,490.5,6.666805,34.2397,1484.528,26.86528,1.246024E-03,.9115931,
,491,6.662985,34.2394,1484.521,26.86553,1.245833E-03,.9122219,
,491.5,6.659911,34.23898,1484.517,26.8656,1.245827E-03,.9128507,
,492,6.656137,34.23834,1484.51,26.8656,1.245821E-03,.9134794,
,492.5,6.654249,34.23813,1484.51,26.86574,1.245816E-03,.9141082,
,493,6.651212,34.23835,1484.507,26.86635,1.245332E-03,.9147369,
,493.5,6.648483,34.23962,1484.506,26.86766,1.244092E-03,.915365,
,494,6.645564,34.23997,1484.504,26.86828,1.243497E-03,.9159927,
,494.5,6.643886,34.23992,1484.505,26.86848,1.243372E-03,.9166202,
,495,6.641214,34.2398,1484.503,26.86877,1.243187E-03,.9172477,
,495.5,6.636995,34.23977,1484.495,26.86934,1.242711E-03,.917875,
,496,6.631909,34.24031,1484.484,26.8705,1.241609E-03,.9185019,
,496.5,6.629247,34.23976,1484.481,26.87034,1.241789E-03,.9191287,
,497,6.627227,34.23835,1484.48,26.86953,1.242635E-03,.9197556,
,497.5,6.622516,34.2378,1484.469,26.86966,1.24247E-03,.9203827,
,498,6.614598,34.23819,1484.447,26.87106,.0012411,.9210094,
,498.5,6.6089,34.23844,1484.433,26.87202,1.240263E-03,.9216354,
,499,6.605437,34.23808,1484.427,26.87211,1.240193E-03,.9222614,
,499.5,6.60229,34.23717,1484.422,26.87185,1.24053E-03,.9228874,
,500,6.599667,34.23709,1484.42,26.87219,.0012402,.9235134,
,500.5,6.596418,34.23694,1484.415,26.87246,1.239943E-03,.9241393,
,501,6.592923,34.23676,1484.41,26.87284,1.23961E-03,.924765,
,501.5,6.591354,34.23656,1484.412,26.87286,1.239716E-03,.9253906,
,502,6.589685,34.23628,1484.413,26.8729,1.23973E-03,.9260163,
,502.5,6.587753,34.23718,1484.415,26.87383,1.238854E-03,.9266418,
,503,6.582486,34.23841,1484.404,26.87554,1.237273E-03,.9272666,
,503.5,6.578685,34.23893,1484.398,26.87639,1.236532E-03,.9278908,
,504,6.571487,34.23904,1484.378,26.87741,1.235565E-03,.9285146,
,504.5,6.571997,34.23833,1484.388,26.87679,1.236203E-03,.9291384,
,505,6.571613,34.23734,1484.393,26.8761,1.236909E-03,.9297625,
,505.5,6.56951,34.23822,1484.395,26.87708,1.235974E-03,.9303864,
,506,6.567361,34.23831,1484.395,26.87744,1.235676E-03,.9310101,
,506.5,6.566288,34.23814,1484.398,26.87748,1.235744E-03,.9316338,
,507,6.565507,34.23831,1484.404,26.87772,1.235588E-03,.9322574,
,507.5,6.563297,34.23867,1484.404,26.87823,1.235115E-03,.9328809,
,508,6.561177,34.23889,1484.404,26.87867,1.234773E-03,.9335043,
,508.5,6.559966,34.23859,1484.407,26.87862,1.23491E-03,.9341275,
,509,6.558374,34.23799,1484.409,26.87835,1.235208E-03,.9347509,
,509.5,6.555785,34.23726,1484.406,26.87819,1.235347E-03,.9353743,
,510,6.556231,34.23723,1484.416,26.87809,1.235591E-03,.9359978,
,510.5,6.554439,34.23707,1484.417,26.87818,1.235515E-03,.9366214,
,511,6.552993,34.23735,1484.42,26.87859,1.235181E-03,.937245,
,511.5,6.552578,34.23769,1484.427,26.87891,1.234995E-03,.9378683,
,512,6.551847,34.23777,1484.433,26.87907,1.23489E-03,.9384916,
,512.5,6.550908,34.23829,1484.438,26.8796,1.234442E-03,.9391147,
,513,6.547303,34.23879,1484.433,26.88049,1.233615E-03,.9397377,
,513.5,6.54404,34.23926,1484.429,26.88129,1.232949E-03,.9403601,
,514,6.541536,34.23962,1484.428,26.8819,1.232374E-03,.9409823,
,514.5,6.536864,34.23923,1484.417,26.88224,1.232045E-03,.9416042,
,515,6.533686,34.23854,1484.412,26.88212,1.232217E-03,.9422262,
,515.5,6.532079,34.23769,1484.413,26.88164,1.232714E-03,.9428483,
,516,6.531384,34.23679,1484.418,26.88099,1.233331E-03,.9434707,
,516.5,6.528075,34.23634,1484.412,26.88108,1.233325E-03,.944093,
,517,6.525832,34.2361,1484.412,26.88117,1.233255E-03,.9447156,
,517.5,6.524905,34.23579,1484.416,26.88106,1.233396E-03,.9453381,
,518,6.525315,34.23526,1484.425,26.88063,1.233902E-03,.9459608,
,518.5,6.524721,34.23473,1484.431,26.88024,1.234354E-03,.9465836,
,519,6.522713,34.2343,1484.43,26.88013,1.234445E-03,.9472067,
,519.5,6.522555,34.23384,1484.438,26.87981,1.234889E-03,.9478299,
,520,6.522361,34.23358,1484.445,26.87964,1.235129E-03,.9484532,
,520.5,6.521868,34.23359,1484.451,26.87972,1.235056E-03,.9490767,
,521,6.519458,34.23443,1484.451,26.88073,1.234204E-03,.9496999,
,521.5,6.517761,34.23651,1484.455,26.88255,1.232493E-03,.9503224,
,522,6.514475,34.23749,1484.452,26.88377,1.231441E-03,.9509442,
,522.5,6.513225,34.23818,1484.456,26.88453,1.230713E-03,.9515656,
,523,6.507953,34.23804,1484.444,26.8851,1.230279E-03,.9521867,
,523.5,6.502136,34.23888,1484.43,26.88648,1.22889E-03,.9528073,
,524,6.497138,34.23932,1484.419,26.8875,1.228007E-03,.9534273,
,524.5,6.494941,34.23898,1484.419,26.88754,1.227964E-03,.9540471,
,525,6.496152,34.23809,1484.431,26.88667,1.228909E-03,.9546672,
,525.5,6.494179,34.23716,1484.43,26.88626,1.229361E-03,.9552876,
,526,6.493336,34.23735,1484.435,26.88649,1.229122E-03,.9559081,
,526.5,6.491573,34.23764,1484.437,26.88698,1.22878E-03,.9565284,
,527,6.489433,34.23763,1484.437,26.88721,1.228597E-03,.9571485,
,527.5,6.487451,34.23773,1484.438,26.88759,1.228236E-03,.9577686,
,528,6.483325,34.23767,1484.43,26.88814,1.227705E-03,.9583884,
,528.5,6.479651,34.23791,1484.424,26.88877,1.227221E-03,.959008,
,529,6.474454,34.23792,1484.412,26.88946,1.226561E-03,.9596273,
,529.5,6.470833,34.23812,1484.406,26.89006,1.226058E-03,.9602463,
,530,6.466635,34.23806,1484.398,26.89059,1.225606E-03,.960865,
,530.5,6.459522,34.2386,1484.379,26.8919,1.224281E-03,.9614834,
,531,6.448074,34.23965,1484.343,26.89424,1.222037E-03,.9621007,
,531.5,6.43731,34.24017,1484.31,26.89613,1.220242E-03,.9627171,
,532,6.430987,34.24028,1484.294,26.89705,1.219363E-03,.9633329,
,532.5,6.427637,34.2401,1484.289,26.89728,1.219142E-03,.9639483,
,533,6.42114,34.23946,1484.27,26.89762,1.21882E-03,.9645637,
,533.5,6.417474,34.23964,1484.265,26.89824,1.218231E-03,.9651787,
,534,6.412295,34.23931,1484.252,26.89867,1.217924E-03,.9657936,
,534.5,6.407162,34.23936,1484.24,26.89935,1.217196E-03,.9664081,
,535,6.402495,34.24043,1484.232,26.90083,1.215835E-03,.9670221,
,535.5,6.396871,34.24191,1484.22,26.90276,1.214059E-03,.9676354,
,536,6.390167,34.24337,1484.203,26.90479,1.21215E-03,.9682478,
,536.5,6.386176,34.24454,1484.198,26.90624,1.210863E-03,.9688594,
,537,6.385097,34.24411,1484.201,26.90607,1.210926E-03,.9694707,
,537.5,6.384067,34.24312,1484.204,26.90544,1.211615E-03,.9700822,
,538,6.385169,34.24239,1484.216,26.90471,1.212466E-03,.970694,
,538.5,6.385464,34.24207,1484.225,26.90442,1.212799E-03,.9713061,
,539,6.384423,34.24232,1484.229,26.90475,1.212485E-03,.9719182,
,539.5,6.381259,34.24348,1484.226,26.90603,1.21127E-03,.97253,
,540,6.376852,34.24516,1484.22,26.90793,1.209465E-03,.973141,
,540.5,6.372068,34.24628,1484.211,26.90947,1.208102E-03,.9737511,
,541,6.364949,34.24637,1484.191,26.91042,1.207151E-03,.9743606,
,541.5,6.357015,34.24697,1484.169,26.91192,1.20574E-03,.9749696,
,542,6.347588,34.24856,1484.142,26.91442,1.203438E-03,.9755777,
,542.5,6.336802,34.25089,1484.111,26.91765,1.20036E-03,.9761845,
,543,6.329732,34.25328,1484.094,26.92045,1.19762E-03,.9767898,
,543.5,6.327115,34.25402,1484.093,26.92138,1.196742E-03,.977394,
,544,6.325447,34.25411,1484.095,26.92165,1.196644E-03,.9779982,
,544.5,6.32358,34.254,1484.096,26.92181,1.196506E-03,.9786022,
,545,6.322225,34.25391,1484.099,26.92192,1.19637E-03,.9792062,
,545.5,6.323093,34.25434,1484.111,26.92214,1.196341E-03,.9798102,
,546,6.320822,34.25506,1484.111,26.92309,1.195443E-03,.9804137,
,546.5,6.318955,34.25585,1484.113,26.92394,1.194711E-03,.9810171,
,547,6.317958,34.25622,1484.118,26.92432,1.194389E-03,.9816201,
,547.5,6.317801,34.25579,1484.125,26.92398,1.194765E-03,.9822232,
,548,6.31696,34.25504,1484.129,26.92349,1.195344E-03,.9828265,
,548.5,6.316515,34.25422,1484.135,26.92295,1.195895E-03,.9834301,
,549,6.317454,34.25322,1484.145,26.9221,1.196723E-03,.984034,
,549.5,6.319088,34.25232,1484.159,26.92118,1.197659E-03,.9846383,
,550,6.317932,34.25239,1484.163,26.92136,1.197538E-03,.9852429,
,550.5,6.316077,34.2531,1484.165,26.92218,1.19689E-03,.9858473,
,551,6.315474,34.2537,1484.171,26.92273,1.196415E-03,.9864514,
,551.5,6.314037,34.25386,1484.174,26.92302,1.196183E-03,.9870553,
,552,6.312571,34.25361,1484.177,26.92301,1.196289E-03,.9876593,
,552.5,6.313378,34.2534,1484.188,26.9227,1.196659E-03,.9882632,
,553,6.311793,34.25278,1484.189,26.92249,1.196852E-03,.9888673,
,553.5,6.307828,34.2533,1484.182,26.92331,1.196074E-03,.9894713,
,554,6.298742,34.25393,1484.156,26.92499,1.194482E-03,.9900748,
,554.5,6.282164,34.25588,1484.101,26.92871,1.190922E-03,.9906768,
,555,6.254939,34.25848,1484.005,26.9343,1.18537E-03,.9912765,
,555.5,6.23201,34.26051,1483.925,26.9389,1.180755E-03,.9918739,
,556,6.214623,34.26075,1483.865,26.94137,1.178321E-03,.9924695,
,556.5,6.207553,34.25768,1483.841,26.93984,1.179754E-03,.9930646,
,557,6.197927,34.25538,1483.809,26.93918,1.180251E-03,.9936604,
,557.5,6.18641,34.2568,1483.773,26.9418,1.177772E-03,.9942556,
,558,6.172229,34.25842,1483.728,26.94485,1.174785E-03,.9948494,
,558.5,6.15614,34.25965,1483.674,26.94787,1.17171E-03,.9954419,
,559,6.143087,34.26038,1483.631,26.95017,1.169517E-03,.9960328,
,559.5,6.135097,34.25974,1483.607,26.95074,1.16903E-03,.996623,
,560,6.132481,34.25939,1483.604,26.95074,1.16909E-03,.9972132,
,560.5,6.130272,34.25957,1483.604,26.95114,1.168707E-03,.9978033,
,561,6.128057,34.26048,1483.605,26.95212,1.167774E-03,.9983932,
,561.5,6.124576,34.26157,1483.601,26.95346,1.16658E-03,.9989824,
,562,6.119526,34.26213,1483.59,26.95459,1.165553E-03,.9995711,
,562.5,6.115295,34.26266,1483.582,26.95554,1.164643E-03,1.000159,
,563,6.109171,34.26234,1483.566,26.95602,1.164188E-03,1.000747,
,563.5,6.105151,34.26202,1483.558,26.95625,1.16397E-03,1.001335,
,564,6.096577,34.26212,1483.532,26.95746,1.162745E-03,1.001922,
,564.5,6.080024,34.26325,1483.476,26.96045,1.159799E-03,1.002508,
,565,6.06215,34.26564,1483.417,26.96466,1.155785E-03,1.003093,
,565.5,6.050231,34.26659,1483.379,26.9669,1.153495E-03,1.003676,
,566,6.044832,34.26635,1483.365,26.96737,1.153068E-03,1.004258,
,566.5,6.041965,34.26554,1483.361,26.96709,1.15336E-03,1.00484,
,567,6.039809,34.26589,1483.361,26.96765,1.152915E-03,1.005422,
,567.5,6.035136,34.26699,1483.353,26.96915,1.151446E-03,1.006004,
,568,6.03238,34.26841,1483.352,26.97065,1.150057E-03,1.006585,
,568.5,6.03078,34.26954,1483.355,26.97176,1.149116E-03,1.007165,
,569,6.028432,34.27018,1483.355,26.97255,1.148473E-03,1.007745,
,569.5,6.026726,34.27018,1483.356,26.97274,1.148339E-03,1.008325,
,570,6.026308,34.26966,1483.362,26.97236,1.148699E-03,1.008905,
,570.5,6.025411,34.269,1483.366,26.97195,1.149078E-03,1.009485,
,571,6.021089,34.2685,1483.357,26.97213,1.148944E-03,1.010065,
,571.5,6.017135,34.2684,1483.349,26.97253,1.148638E-03,1.010645,
,572,6.013385,34.26827,1483.342,26.97291,1.148271E-03,1.011225,
,572.5,6.011752,34.2682,1483.344,26.97308,1.148162E-03,1.011805,
,573,6.010889,34.2682,1483.349,26.97321,1.148098E-03,1.012384,
,573.5,6.008566,34.26823,1483.348,26.97348,1.147831E-03,1.012964,
,574,6.006625,34.26831,1483.349,26.97382,1.147568E-03,1.013543,
,574.5,6.004131,34.26838,1483.347,26.97421,1.147248E-03,1.014123,
,575,6.000643,34.26853,1483.342,26.97475,1.146733E-03,1.014702,
,575.5,5.998228,34.2688,1483.341,26.97526,1.146268E-03,1.015281,
,576,5.997763,34.26898,1483.348,26.97548,1.146168E-03,1.015859,
,576.5,5.996524,34.26901,1483.351,26.97561,1.146142E-03,1.016438,
,577,5.995804,34.26903,1483.357,26.97575,1.146042E-03,1.017017,
,577.5,5.995872,34.26924,1483.366,26.97592,1.145949E-03,1.017595,
,578,5.995295,34.26947,1483.372,26.97618,1.145707E-03,1.018174,
,578.5,5.995678,34.26926,1483.382,26.9759,1.146009E-03,1.018752,
,579,5.996118,34.26849,1483.391,26.97525,1.146788E-03,1.019331,
,579.5,5.996435,34.26897,1483.401,26.97562,1.146445E-03,1.01991,
,580,5.995588,34.26872,1483.405,26.97558,1.146517E-03,1.020489,
,580.5,5.996469,34.26839,1483.417,26.97516,1.147045E-03,1.021068,
,581,5.995235,34.26883,1483.421,26.97566,1.14662E-03,1.021647,
,581.5,5.99425,34.26982,1483.427,26.97661,1.145723E-03,1.022225,
,582,5.994244,34.27063,1483.436,26.9772,1.145248E-03,1.022804,
,582.5,5.993185,34.2707,1483.44,26.97741,1.145071E-03,1.023382,
,583,5.994488,34.27097,1483.454,26.97742,1.145153E-03,1.02396,
,583.5,5.994293,34.2704,1483.461,26.97706,1.145508E-03,1.024539,
,584,5.996022,34.27035,1483.476,26.97674,1.145892E-03,1.025117,
,584.5,5.995568,34.2695,1483.481,26.97618,1.146531E-03,1.025696,
,585,5.997869,34.26947,1483.499,26.97579,1.147001E-03,1.026275,
,585.5,5.996868,34.26937,1483.503,26.97583,1.147102E-03,1.026854,
,586,5.995593,34.27042,1483.508,26.9769,1.146135E-03,1.027433,
,586.5,5.996184,34.2706,1483.518,26.97694,1.146162E-03,1.028012,
,587,5.996771,34.2708,1483.529,26.97697,1.146132E-03,1.02859,
,587.5,5.995819,34.27082,1483.534,26.97715,1.146046E-03,1.029169,
,588,5.99641,34.27052,1483.544,26.97687,1.14643E-03,1.029748,
,588.5,5.996707,34.26984,1483.553,26.97623,1.147039E-03,1.030327,
,589,5.996079,34.26908,1483.558,26.97576,1.14759E-03,1.030906,
,589.5,5.996906,34.26882,1483.569,26.97543,1.147933E-03,1.031485,
,590,5.99684,34.26937,1483.578,26.97589,1.147571E-03,1.032065,
,590.5,5.996163,34.26826,1483.582,26.97507,1.14845E-03,1.032645,
