,0,20.85804,33.56351,1522.239,23.44025,4.435089E-03,0,
,.5,20.85804,33.56351,1522.239,23.44025,4.435089E-03,0,
,1,20.85804,33.56351,1522.239,23.44025,4.435089E-03,0,
,1.5,20.85809,33.56351,1522.239,23.44024,4.435098E-03,6.696621E-03,
,2,20.86415,33.5642,1522.265,23.43921,4.436269E-03,8.929242E-03,
,2.5,20.87464,33.56574,1522.304,23.43754,4.438021E-03,1.116238E-02,
,3,20.83556,33.56851,1522.209,23.45013,4.426097E-03,1.339262E-02,
,3.5,20.82863,33.56661,1522.196,23.45055,4.425883E-03,1.562047E-02,
,4,20.82596,33.56426,1522.195,23.44947,4.427098E-03,1.784814E-02,
,4.5,20.8172,33.55981,1522.175,23.44845,4.428262E-03,.0200769,
,5,20.80801,33.55522,1522.153,23.44743,4.429422E-03,2.230575E-02,
,5.5,20.76268,33.54738,1522.029,23.45357,4.423726E-03,.0245329,
,6,20.70963,33.53541,1521.88,23.45864,4.419048E-03,2.675868E-02,
,6.5,20.64855,33.51509,1521.699,23.45951,4.418375E-03,2.898305E-02,
,7,20.59753,33.47602,1521.524,23.44336,4.433993E-03,3.121137E-02,
,7.5,20.51546,33.4132,1521.238,23.41732,4.458968E-03,3.345196E-02,
,8,20.39521,33.33543,1520.829,23.38993,4.485242E-03,3.570014E-02,
,8.5,20.16175,33.22903,1520.073,23.37032,4.504182E-03,3.796265E-02,
,9,19.75284,33.15566,1518.857,23.42053,4.456345E-03,4.021269E-02,
,9.5,19.20042,33.12796,1517.273,23.54077,4.341649E-03,4.242714E-02,
,10,18.59976,33.16029,1515.599,23.71683,4.173722E-03,4.457159E-02,
,10.5,18.21794,33.22609,1514.573,23.86151,4.035797E-03,4.663825E-02,
,11,17.92827,33.28374,1513.798,23.97637,3.926396E-03,4.863439E-02,
,11.5,17.6727,33.33366,1513.11,24.07654,3.831028E-03,5.059784E-02,
,12,17.44753,33.3563,1512.475,24.14781,3.763208E-03,5.250365E-02,
,12.5,17.29035,33.36932,1512.03,24.19531,3.71802E-03,5.439093E-02,
,13,17.20406,33.36704,1511.777,24.21405,3.700231E-03,5.625959E-02,
,13.5,17.14543,33.33964,1511.579,24.20703,3.707009E-03,5.812356E-02,
,14,17.03552,33.30371,1511.215,24.20526,3.70886E-03,5.999016E-02,
,14.5,16.91175,33.28467,1510.828,24.21968,3.695274E-03,6.185229E-02,
,15,16.72902,33.27975,1510.277,24.25842,3.658473E-03,6.370087E-02,
,15.5,16.45132,33.28991,1509.451,24.33041,3.589922E-03,6.552835E-02,
,16,16.2155,33.31514,1508.765,24.40373,3.520183E-03,6.731325E-02,
,16.5,16.02158,33.34114,1508.206,24.46782,3.459238E-03,.0690735,
,17,15.88437,33.36188,1507.814,24.51474,3.414626E-03,7.080716E-02,
,17.5,15.77917,33.3652,1507.499,24.54084,3.38995E-03,7.251938E-02,
,18,15.66448,33.36278,1507.147,24.56458,3.367334E-03,7.421935E-02,
,18.5,15.55156,33.35829,1506.798,24.58628,3.346814E-03,7.590821E-02,
,19,15.44212,33.3531,1506.457,24.60659,3.327666E-03,7.758938E-02,
,19.5,15.33898,33.34765,1506.135,24.62505,3.310149E-03,7.926031E-02,
,20,15.17068,33.33609,1505.599,24.65293,3.283671E-03,.0809184,
,20.5,14.97597,33.32825,1504.981,24.68921,3.249204E-03,8.256342E-02,
,21,14.78889,33.32821,1504.394,24.72954,3.210878E-03,8.418991E-02,
,21.5,14.64898,33.33137,1503.959,24.76204,3.18001E-03,8.580072E-02,
,22,14.5791,33.33982,1503.753,24.78339,3.159746E-03,8.739407E-02,
,22.5,14.51873,33.34632,1503.575,24.80121,3.142879E-03,8.898105E-02,
,23,14.46716,33.3506,1503.422,24.81546,3.129462E-03,9.056143E-02,
,23.5,14.40659,33.35041,1503.235,24.82813,3.117466E-03,9.213263E-02,
,24,14.34064,33.35019,1503.031,24.84188,3.104515E-03,9.369905E-02,
,24.5,14.25695,33.34913,1502.767,24.85863,3.088712E-03,9.525812E-02,
,25,14.15036,33.34842,1502.429,24.88039,3.068086E-03,9.680761E-02,
,25.5,14.03684,33.35092,1502.072,24.90602,3.043773E-03,9.834743E-02,
,26,13.9445,33.3576,1501.787,24.93023,3.020796E-03,9.987232E-02,
,26.5,13.84242,33.36147,1501.466,24.95428,2.997977E-03,.1013871,
,27,13.75121,33.36142,1501.176,24.97304,2.980238E-03,.1028931,
,27.5,13.69625,33.35634,1500.998,24.98032,2.973474E-03,.1043921,
,28,13.63785,33.35349,1500.811,24.99003,2.964303E-03,.1058864,
,28.5,13.54476,33.35456,1500.514,25.00982,2.94555E-03,.1073725,
,29,13.46,33.3574,1500.247,25.02922,2.927154E-03,.1088513,
,29.5,13.40538,33.36132,1500.079,25.04325,2.91386E-03,.1103217,
,30,13.34748,33.35929,1499.893,25.05332,2.904394E-03,.1117859,
,30.5,13.28784,33.35411,1499.698,25.0613,2.896955E-03,.1132468,
,31,13.21558,33.34883,1499.46,25.07164,.0028872,.1147017,
,31.5,13.13509,33.34349,1499.194,25.08353,2.875934E-03,.1161529,
,32,13.02408,33.34449,1498.833,25.10628,2.854333E-03,.1175923,
,32.5,12.88605,33.35109,1498.387,25.13865,2.823589E-03,.1190214,
,33,12.73275,33.35723,1497.888,25.17341,2.790562E-03,.1204347,
,33.5,12.56006,33.36275,1497.32,25.21122,2.754639E-03,.1218278,
,34,12.40358,33.3699,1496.808,25.24704,2.720606E-03,.1232124,
,34.5,12.29525,33.38187,1496.462,25.27697,2.692187E-03,.1245716,
,35,12.1802,33.3915,1496.09,25.30633,2.664317E-03,.1259236,
,35.5,12.0466,33.39467,1495.645,25.33409,2.637966E-03,.1272558,
,36,11.93734,33.39906,1495.285,25.35813,2.61517E-03,.1285807,
,36.5,11.87357,33.40571,1495.082,25.37523,2.599017E-03,.1298918,
,37,11.81621,33.41102,1494.9,25.39007,2.585001E-03,.1311994,
,37.5,11.77612,33.4127,1494.772,25.39885,2.576751E-03,.1324976,
,38,11.73493,33.41415,1494.64,25.40763,2.568489E-03,.1337947,
,38.5,11.68708,33.41417,1494.483,25.41645,2.560157E-03,.1350843,
,39,11.63972,33.41433,1494.328,25.42529,2.551798E-03,.1363726,
,39.5,11.59464,33.41515,1494.181,25.43427,2.54331E-03,.1376541,
,40,11.5492,33.416,1494.033,25.44331,2.53478E-03,.1389334,
,40.5,11.50287,33.41693,1493.881,25.45251,2.526146E-03,.1402068,
,41,11.46379,33.41798,1493.755,25.46046,2.518672E-03,.1414773,
,41.5,11.43433,33.41916,1493.663,25.46675,2.512739E-03,.1427439,
,42,11.40822,33.42123,1493.583,25.47314,2.506743E-03,.1440074,
,42.5,11.38588,33.42429,1493.517,25.47962,2.500676E-03,.1452677,
,43,11.36141,33.42763,1493.444,25.48669,2.494049E-03,.1465257,
,43.5,11.3311,33.43172,1493.352,25.49537,2.485884E-03,.1477778,
,44,11.30079,33.43581,1493.259,25.50406,2.477719E-03,.1490299,
,44.5,11.27778,33.44004,1493.192,25.5115,2.470779E-03,.1502737,
,45,11.2553,33.44428,1493.127,25.51885,2.463929E-03,.151517,
,45.5,11.23736,33.44691,1493.076,25.52413,2.459011E-03,.1527566,
,46,11.22254,33.44843,1493.034,25.52799,2.455428E-03,.1539937,
,46.5,11.20739,33.44983,1492.991,25.53181,2.451886E-03,.15523,
,47,11.19081,33.45068,1492.943,25.53545,2.448518E-03,.156463,
,47.5,11.17417,33.45155,1492.894,25.53911,2.445134E-03,.157696,
,48,11.1507,33.45313,1492.822,25.54454,2.440022E-03,.1589246,
,48.5,11.1272,33.45469,1492.75,25.54998,2.434908E-03,.1601532,
,49,11.09785,33.45529,1492.656,25.55576,2.429536E-03,.1613769,
,49.5,11.06993,33.45552,1492.567,25.56097,2.424697E-03,.1625997,
,50,11.04616,33.4547,1492.49,25.56455,2.421414E-03,.1638195,
,50.5,11.01963,33.45489,1492.406,25.5694,2.416899E-03,.1650374,
,51,10.99016,33.45615,1492.312,25.57559,2.411061E-03,.1662531,
,51.5,10.96158,33.45921,1492.224,25.58307,2.404035E-03,.1674644,
,52,10.93354,33.46332,1492.138,25.5913,2.396312E-03,.1686732,
,52.5,10.90954,33.46841,1492.068,25.59954,2.38857E-03,.1698778,
,53,10.88969,33.47449,1492.014,25.6078,2.38081E-03,.171078,
,53.5,10.86899,33.48074,1491.957,25.61633,2.372797E-03,.1722762,
,54,10.84464,33.48767,1491.887,25.62599,2.363701E-03,.1734665,
,54.5,10.8203,33.49459,1491.818,25.63566,2.354604E-03,.1746567,
,55,10.79414,33.50142,1491.742,25.6456,2.345205E-03,.1758383,
,55.5,10.76755,33.50823,1491.665,25.65561,2.335735E-03,.1770179,
,56,10.74946,33.51474,1491.617,25.66384,2.328003E-03,.178192,
,56.5,10.73605,33.52108,1491.586,25.67108,2.32123E-03,.1793631,
,57,10.71943,33.52436,1491.539,25.67657,2.316122E-03,.1805306,
,57.5,10.70112,33.52603,1491.485,25.68113,2.311894E-03,.1816962,
,58,10.68652,33.52774,1491.443,25.68504,2.308253E-03,.1828593,
,58.5,10.67371,33.52949,1491.408,25.68863,2.304895E-03,.1840211,
,59,10.64972,33.52993,1491.332,25.69316,2.300683E-03,.1851801,
,59.5,10.62168,33.5299,1491.241,25.69803,2.296162E-03,.1863381,
,60,10.59478,33.52996,1491.154,25.70277,2.291755E-03,.1874926,
,60.5,10.5682,33.53003,1491.068,25.70749,2.28738E-03,.1886461,
,61,10.54696,33.52898,1490.999,25.71035,2.284724E-03,.1897972,
,61.5,10.52766,33.52753,1490.937,25.71254,2.282691E-03,.1909474,
,62,10.5076,33.52682,1490.873,25.71544,2.280008E-03,.1920957,
,62.5,10.48716,33.52647,1490.809,25.71869,2.277004E-03,.1932431,
,63,10.46331,33.52661,1490.732,25.72293,2.273047E-03,.1943886,
,63.5,10.43397,33.52752,1490.637,25.72875,2.26756E-03,.195531,
,64,10.40463,33.52842,1490.542,25.73457,2.262072E-03,.1966734,
,64.5,10.37123,33.53445,1490.438,25.74498,2.252266E-03,.1978067,
,65,10.33779,33.54052,1490.334,25.75543,2.242421E-03,.1989398,
,65.5,10.3015,33.54716,1490.221,25.76682,2.231698E-03,.2000655,
,66,10.2633,33.55417,1490.101,25.77883,2.220383E-03,.2011861,
,66.5,10.22866,33.56224,1489.995,25.79104,2.208866E-03,.2023033,
,67,10.20371,33.57315,1489.927,25.80379,2.196801E-03,.2034113,
,67.5,10.17187,33.58313,1489.833,25.81698,2.184324E-03,.2045158,
,68,10.12304,33.59084,1489.676,25.83125,2.170832E-03,.2056118,
,68.5,10.08062,33.6002,1489.543,25.84571,2.157142E-03,.206701,
,69,10.0438,33.61099,1489.432,25.86036,2.143281E-03,.2077843,
,69.5,10.0174,33.6228,1489.36,25.87404,2.130343E-03,.2088599,
,70,9.998164,33.6353,1489.314,25.88704,2.118039E-03,.2099302,
,70.5,9.99779,33.64717,1489.335,25.8964,2.109265E-03,.2109948,
,71,10.00984,33.65863,1489.401,25.90336,2.102816E-03,.2120555,
,71.5,10.02611,33.6678,1489.479,25.90779,2.098757E-03,.2131141,
,72,10.04699,33.67447,1489.57,25.90946,2.097298E-03,.2141706,
,72.5,10.06678,33.68079,1489.658,25.91105,2.095925E-03,.2152269,
,73,10.07389,33.68302,1489.694,25.91153,2.095547E-03,.2162822,
,73.5,10.081,33.68525,1489.731,25.91202,2.095169E-03,.2173374,
,74,10.08625,33.68724,1489.76,25.91269,2.094621E-03,.2183924,
,74.5,10.09004,33.68905,1489.785,25.9135,2.093939E-03,.2194471,
,75,10.09359,33.69074,1489.808,25.91425,2.093327E-03,.2205015,
,75.5,10.09664,33.69219,1489.829,25.91485,2.092863E-03,.2215556,
,76,10.09984,33.69364,1489.85,25.91544,2.092408E-03,.2226095,
,76.5,10.10343,33.69511,1489.873,25.91601,2.091978E-03,.2236632,
,77,10.10729,33.69645,1489.897,25.91642,2.091713E-03,.2247167,
,77.5,10.11168,33.69756,1489.922,25.91654,2.091757E-03,.2257701,
,78,10.11616,33.69846,1489.948,25.91647,2.091967E-03,.2268237,
,78.5,10.12101,33.69859,1489.974,25.91569,2.092796E-03,.2278776,
,79,10.12586,33.69871,1490,25.91492,2.093625E-03,.2289315,
,79.5,10.12892,33.69904,1490.019,25.91471,2.093969E-03,.2299861,
,80,10.13197,33.69936,1490.039,25.91449,2.094313E-03,.2310407,
,80.5,10.13279,33.69978,1490.051,25.91468,2.094205E-03,.2320953,
,81,10.1327,33.70024,1490.059,25.91503,2.09391E-03,.2331499,
,81.5,10.13272,33.70083,1490.068,25.91546,2.093557E-03,.2342044,
,82,10.13308,33.70177,1490.079,25.91615,2.093044E-03,.2352586,
,82.5,10.13343,33.70272,1490.089,25.91685,2.092531E-03,.2363127,
,83,10.13327,33.7035,1490.098,25.91747,2.092025E-03,.2373663,
,83.5,10.13309,33.70427,1490.107,25.9181,2.091518E-03,.2384198,
,84,10.13245,33.70485,1490.114,25.91864,2.091094E-03,.2394731,
,84.5,10.13156,33.70531,1490.119,25.91914,2.090719E-03,.2405261,
,85,10.13051,33.70576,1490.124,25.91968,2.090303E-03,.241579,
,85.5,10.12924,33.7062,1490.129,25.92028,2.089831E-03,.2426316,
,86,10.12767,33.70658,1490.132,25.92087,2.089367E-03,.2436841,
,86.5,10.12454,33.70663,1490.129,25.92142,2.088952E-03,.2447362,
,87,10.1215,33.70668,1490.126,25.92196,2.088537E-03,.2457882,
,87.5,10.11902,33.70674,1490.126,25.92245,2.088126E-03,.2468399,
,88,10.11642,33.70735,1490.125,25.92338,2.087349E-03,.2478913,
,88.5,10.11366,33.7087,1490.125,25.92488,2.086089E-03,.2489423,
,89,10.10928,33.71025,1490.12,25.9268,2.084373E-03,.2499923,
,89.5,10.10316,33.71202,1490.108,25.92916,2.082171E-03,.2510413,
,90,10.09723,33.71386,1490.098,25.93155,2.079949E-03,.25209,
,90.5,10.09297,33.71628,1490.094,25.93421,2.077554E-03,.2531361,
,91,10.08871,33.71871,1490.089,25.93686,2.075159E-03,.2541822,
,91.5,10.0823,33.72104,1490.078,25.93979,2.072508E-03,.2552266,
,92,10.07397,33.72329,1490.059,25.94296,2.06963E-03,.2562693,
,92.5,10.06565,33.72554,1490.04,25.94612,2.066753E-03,.2573121,
,93,10.05556,33.72918,1490.016,25.95065,2.062496E-03,.2583505,
,93.5,10.04544,33.73283,1489.992,25.95519,2.058217E-03,.2593888,
,94,10.03296,33.73664,1489.96,25.96029,2.053451E-03,.2604239,
,94.5,10.01888,33.74056,1489.923,25.96576,2.048357E-03,.2614569,
,95,10.00654,33.74444,1489.891,25.9709,2.043581E-03,.2624878,
,95.5,9.996966,33.74824,1489.87,25.9755,2.039312E-03,.2635157,
,96,9.987476,33.7518,1489.848,25.97988,2.035249E-03,.2645424,
,96.5,9.978199,33.75475,1489.827,25.98375,2.031688E-03,.2655662,
,97,9.969274,33.75756,1489.806,25.98744,2.028272E-03,.2665891,
,97.5,9.961308,33.76005,1489.789,25.99067,2.025248E-03,.2676095,
,98,9.95402,33.76246,1489.774,25.99375,2.022379E-03,.2686294,
,98.5,9.949565,33.76458,1489.769,25.99614,2.020154E-03,.2696471,
,99,9.94522,33.76646,1489.764,25.99833,2.018148E-03,.2706644,
,99.5,9.941194,33.76765,1489.759,25.99994,2.016775E-03,.2716803,
,100,9.937228,33.76877,1489.754,26.0015,2.01544E-03,.2726961,
,100.5,9.933657,33.7695,1489.75,26.00268,2.014356E-03,.2737106,
,101,9.930085,33.77024,1489.747,26.00387,2.013273E-03,.2747252,
,101.5,9.927224,33.77095,1489.745,26.00488,2.01241E-03,.2757388,
,102,9.924585,33.77164,1489.745,26.00585,2.011616E-03,.2767522,
,102.5,9.921982,33.77227,1489.745,26.00677,2.010858E-03,.2777655,
,103,9.919684,33.77242,1489.745,26.00733,2.010415E-03,.2787781,
,103.5,9.917387,33.77256,1489.745,26.00789,2.009972E-03,.2797907,
,104,9.915952,33.7725,1489.748,26.00806,2.009908E-03,.2808031,
,104.5,9.91489,33.77234,1489.752,26.00806,2.010009E-03,.2818155,
,105,9.913637,33.772,1489.756,26.00798,2.010195E-03,.282828,
,105.5,9.912247,33.77153,1489.759,26.00784,2.010441E-03,.2838406,
,106,9.91081,33.77148,1489.762,26.00806,2.010303E-03,.2848531,
,106.5,9.90936,33.77155,1489.765,26.00837,2.010053E-03,.2858656,
,107,9.907926,33.77175,1489.768,26.00877,2.009821E-03,.286878,
,107.5,9.906495,33.77197,1489.771,26.00917,2.009593E-03,.2878903,
,108,9.905721,33.77265,1489.778,26.00986,2.009052E-03,.2889022,
,108.5,9.905185,33.7735,1489.785,26.01064,2.008398E-03,.289914,
,109,9.903748,33.77496,1489.79,26.01204,2.007152E-03,.2909251,
,109.5,9.900945,33.77736,1489.791,26.01439,2.00501E-03,.2919353,
,110,9.898115,33.77975,1489.792,26.01674,2.002865E-03,.2929454,
,110.5,9.891444,33.78216,1489.779,26.01969,2.000164E-03,.2939528,
,111,9.884772,33.78458,1489.766,26.02264,1.997463E-03,.2949601,
,111.5,9.88314,33.78572,1489.77,26.02381,1.996401E-03,.295966,
,112,9.882673,33.78657,1489.778,26.02458,1.995718E-03,.2969714,
,112.5,9.882595,33.7865,1489.786,26.02454,1.995855E-03,.2979769,
,113,9.882801,33.78576,1489.794,26.02393,1.996593E-03,.2989825,
,113.5,9.881289,33.78511,1489.796,26.02367,1.996942E-03,.2999881,
,114,9.877264,33.7846,1489.789,26.02395,1.996724E-03,.3009939,
,114.5,9.873196,33.78423,1489.782,26.02434,1.996403E-03,.3019996,
,115,9.86895,33.78449,1489.776,26.02523,1.995653E-03,.3030049,
,115.5,9.864706,33.78476,1489.769,26.02612,1.994902E-03,.3040102,
,116,9.861206,33.78569,1489.766,26.02748,1.993716E-03,.3050144,
,116.5,9.857706,33.78663,1489.762,26.02884,1.992529E-03,.3060187,
,117,9.851417,33.78792,1489.75,26.03087,1.990716E-03,.3070215,
,117.5,9.845115,33.78926,1489.737,26.03294,1.988871E-03,.3080241,
,118,9.841967,33.79094,1489.736,26.0348,1.987212E-03,.3090252,
,118.5,9.8388,33.7926,1489.734,26.03663,1.985569E-03,.3100262,
,119,9.834675,33.79283,1489.728,26.03749,1.984799E-03,.3110259,
,119.5,9.83055,33.79305,1489.722,26.03834,1.98403E-03,.3120257,
,120,9.828783,33.79386,1489.725,26.03927,1.983255E-03,.3130248,
,120.5,9.827875,33.79488,1489.731,26.04022,1.982479E-03,.3140236,
,121,9.826093,33.796,1489.734,26.04141,1.981478E-03,.315022,
,121.5,9.8199,33.79765,1489.722,26.04374,1.979345E-03,.316019,
,122,9.813705,33.79929,1489.71,26.04608,1.977212E-03,.317016,
,122.5,9.810049,33.80115,1489.707,26.04812,1.975364E-03,.3180114,
,123,9.807422,33.80309,1489.708,26.05005,1.973632E-03,.3190061,
,123.5,9.807339,33.80481,1489.719,26.05141,1.972443E-03,.3200002,
,124,9.809874,33.80631,1489.738,26.0522,1.971813E-03,.3209936,
,124.5,9.809137,33.80759,1489.745,26.0533,1.970879E-03,.3219866,
,125,9.806468,33.80873,1489.745,26.05459,1.969765E-03,.3229792,
,125.5,9.802923,33.81012,1489.742,26.05627,1.968236E-03,.3239708,
,126,9.79907,33.81159,1489.738,26.05809,1.96656E-03,.324962,
,126.5,9.797052,33.81289,1489.741,26.05945,1.965349E-03,.3259523,
,127,9.796001,33.81411,1489.747,26.06055,1.964381E-03,.3269421,
,127.5,9.794429,33.81538,1489.751,26.0618,1.963299E-03,.3279315,
,128,9.791193,33.81686,1489.749,26.06347,1.961858E-03,.3289198,
,128.5,9.787957,33.81833,1489.748,26.06515,1.960416E-03,.3299082,
,129,9.781022,33.81993,1489.733,26.06756,1.958176E-03,.3308946,
,129.5,9.773993,33.82154,1489.718,26.06999,1.955917E-03,.331881,
,130,9.772657,33.82327,1489.723,26.07159,1.954508E-03,.3328656,
,130.5,9.771507,33.82501,1489.729,26.07315,1.953126E-03,.3338502,
,131,9.768391,33.82644,1489.728,26.07481,1.951645E-03,.3348333,
,131.5,9.765157,33.82784,1489.727,26.07647,1.950157E-03,.3358162,
,132,9.761382,33.82952,1489.723,26.0784,1.94844E-03,.336798,
,132.5,9.757238,33.83138,1489.719,26.08051,1.946566E-03,.3377789,
,133,9.753068,33.83326,1489.714,26.08263,1.944674E-03,.3387596,
,133.5,9.748389,33.83532,1489.708,26.08504,1.942432E-03,.339738,
,134,9.743711,33.83739,1489.702,26.08744,1.94019E-03,.3407164,
,134.5,9.738636,33.83871,1489.693,26.08931,1.938513E-03,.3416934,
,135,9.733403,33.83973,1489.684,26.09097,1.937064E-03,.3426698,
,135.5,9.731666,33.84145,1489.688,26.09264,1.935547E-03,.343645,
,136,9.730084,33.84322,1489.693,26.09432,1.934014E-03,.3446199,
,136.5,9.725403,33.84451,1489.686,26.09608,1.932445E-03,.3455935,
,137,9.720787,33.84581,1489.679,26.09783,1.930882E-03,.346567,
,137.5,9.718118,33.84733,1489.679,26.09945,1.929482E-03,.3475388,
,138,9.715447,33.84884,1489.68,26.10106,1.928082E-03,.3485107,
,138.5,9.713475,33.85008,1489.682,26.10236,1.926933E-03,.3494818,
,139,9.712109,33.85107,1489.687,26.10338,1.926002E-03,.3504522,
,139.5,9.710449,33.85204,1489.691,26.10442,1.925065E-03,.3514225,
,140,9.707126,33.85283,1489.688,26.10555,1.924092E-03,.3523919,
,140.5,9.703802,33.85362,1489.685,26.10668,1.923119E-03,.3533612,
,141,9.702907,33.85468,1489.691,26.10767,1.922229E-03,.3543296,
,141.5,9.702055,33.85574,1489.698,26.10865,1.921345E-03,.355298,
,142,9.702238,33.85668,1489.708,26.10937,1.92081E-03,.3562656,
,142.5,9.70242,33.85762,1489.718,26.11009,1.920275E-03,.3572333,
,143,9.701036,33.85812,1489.722,26.11072,1.919787E-03,.3582005,
,143.5,9.699291,33.85852,1489.724,26.11132,1.919309E-03,.3591675,
,144,9.698195,33.85925,1489.729,26.11207,1.918694E-03,.3601342,
,144.5,9.697556,33.8602,1489.737,26.11293,1.917981E-03,.3611007,
,145,9.69612,33.86138,1489.741,26.11409,1.916952E-03,.3620666,
,145.5,9.693707,33.86285,1489.742,26.11564,1.915536E-03,.363032,
,146,9.69048,33.86463,1489.741,26.11756,1.913805E-03,.3639965,
,146.5,9.685993,33.86687,1489.736,26.12007,1.911588E-03,.36496,
,147,9.682136,33.86919,1489.733,26.12252,1.909377E-03,.3659227,
,147.5,9.67946,33.87167,1489.735,26.1249,1.907178E-03,.3668839,
,148,9.676116,33.87411,1489.734,26.12736,1.904906E-03,.3678444,
,148.5,9.671099,33.87649,1489.727,26.13005,1.902447E-03,.3688031,
,149,9.666009,33.87907,1489.72,26.13292,1.899822E-03,.3697613,
,149.5,9.660542,33.88282,1489.713,26.13671,1.896325E-03,.3707168,
,150,9.655073,33.88656,1489.706,26.14051,1.892828E-03,.3716722,
,150.5,9.648605,33.89041,1489.695,26.1446,1.888988E-03,.3726237,
,151,9.642068,33.89427,1489.684,26.14872,1.885124E-03,.373575,
,151.5,9.636583,33.8979,1489.677,26.15246,1.881683E-03,.3745237,
,152,9.631735,33.90137,1489.672,26.15597,1.878497E-03,.3754709,
,152.5,9.627804,33.90445,1489.67,26.15901,1.875738E-03,.3764171,
,153,9.625477,33.9068,1489.673,26.16124,1.873725E-03,.3773613,
,153.5,9.623346,33.90903,1489.676,26.16334,1.871831E-03,.3783053,
,154,9.622187,33.91066,1489.682,26.16482,1.870525E-03,.3792478,
,154.5,9.620978,33.91229,1489.688,26.16632,1.869203E-03,.3801902,
,155,9.617951,33.91431,1489.688,26.1684,1.867282E-03,.381131,
,155.5,9.614735,33.91633,1489.687,26.17052,1.86534E-03,.3820716,
,156,9.610443,33.91843,1489.682,26.17282,1.863278E-03,.3830107,
,156.5,9.606349,33.92051,1489.678,26.1751,1.861208E-03,.383949,
,157,9.602549,33.92254,1489.675,26.17735,1.859125E-03,.3848861,
,157.5,9.598981,33.92462,1489.673,26.17957,1.857099E-03,.3858221,
,158,9.595597,33.92672,1489.672,26.18177,1.855119E-03,.3867573,
,158.5,9.591846,33.92884,1489.669,26.18404,1.853061E-03,.3876914,
,159,9.587643,33.93098,1489.664,26.18641,1.850907E-03,.3886243,
,159.5,9.583411,33.93316,1489.66,26.18881,1.848718E-03,.3895569,
,160,9.578834,33.93587,1489.655,26.19168,1.846093E-03,.3904869,
,160.5,9.574255,33.93858,1489.65,26.19454,1.843468E-03,.3914169,
,161,9.569899,33.94064,1489.645,26.19685,1.841332E-03,.3923449,
,161.5,9.565607,33.94251,1489.64,26.199,1.839341E-03,.3932723,
,162,9.562739,33.94466,1489.64,26.20114,1.837414E-03,.3941984,
,162.5,9.56077,33.94699,1489.644,26.20329,1.835528E-03,.3951237,
,163,9.558067,33.94893,1489.645,26.20526,1.833787E-03,.3960482,
,163.5,9.554232,33.95023,1489.641,26.20696,1.832269E-03,.3969716,
,164,9.550622,33.95158,1489.638,26.20864,1.83076E-03,.3978948,
,164.5,9.549225,33.9533,1489.643,26.21019,1.829332E-03,.3988164,
,165,9.547828,33.95503,1489.648,26.21174,1.827905E-03,.3997381,
,165.5,9.544569,33.95632,1489.646,26.21328,1.826536E-03,.4006585,
,166,9.540869,33.95751,1489.643,26.21482,1.825181E-03,.4015787,
,166.5,9.537814,33.95928,1489.642,26.2167,1.823505E-03,.4024977,
,167,9.534978,33.96125,1489.642,26.2187,1.821721E-03,.4034163,
,167.5,9.533328,33.96313,1489.647,26.22042,1.82016E-03,.4043335,
,168,9.531877,33.96499,1489.652,26.22208,1.818638E-03,.4052505,
,168.5,9.532054,33.96667,1489.663,26.22343,1.817507E-03,.4061663,
,169,9.532326,33.96835,1489.674,26.22476,.0018164,.407082,
,169.5,9.532234,33.97018,1489.685,26.22619,1.815106E-03,.4079965,
,170,9.532072,33.97204,1489.695,26.22763,1.813778E-03,.4089109,
,170.5,9.532144,33.97438,1489.706,26.22943,1.812147E-03,.4098242,
,171,9.532398,33.97709,1489.719,26.23149,1.810278E-03,.4107367,
,171.5,9.533106,33.98007,1489.733,26.23372,1.808263E-03,.4116486,
,172,9.535116,33.98385,1489.753,26.2364,1.805827E-03,.4125588,
,172.5,9.536803,33.9878,1489.773,26.23926,1.803231E-03,.4134684,
,173,9.536804,33.99266,1489.787,26.24305,1.799807E-03,.4143756,
,173.5,9.536622,33.99755,1489.801,26.24689,1.79632E-03,.4152821,
,174,9.535495,34.00261,1489.811,26.25101,1.792514E-03,.4161855,
,174.5,9.5348,34.00764,1489.823,26.25504,1.788787E-03,.4170887,
,175,9.540934,34.01247,1489.859,26.25776,1.786312E-03,.4179888,
,175.5,9.547069,34.01729,1489.896,26.26048,1.783838E-03,.4188889,
,176,9.554826,34.02053,1489.936,26.26176,1.782781E-03,.4197872,
,176.5,9.562674,34.02368,1489.977,26.26296,1.781803E-03,.4206855,
,177,9.568063,34.02566,1490.007,26.2636,1.781256E-03,.4215831,
,177.5,9.573238,34.02755,1490.037,26.26419,1.780746E-03,.4224806,
,178,9.576006,34.02837,1490.056,26.26438,1.780703E-03,.4233779,
,178.5,9.578327,34.029,1490.074,26.26449,1.780747E-03,.4242751,
,179,9.580112,34.02985,1490.09,26.26487,1.780501E-03,.4251723,
,179.5,9.58158,34.03085,1490.104,26.26541,1.780083E-03,.4260693,
,180,9.582455,34.03166,1490.117,26.26591,1.779701E-03,.4269662,
,180.5,9.582327,34.03215,1490.125,26.26635,1.779382E-03,.4278629,
,181,9.58211,34.03268,1490.133,26.26682,1.779019E-03,.4287595,
,181.5,9.581328,34.03354,1490.14,26.2676,1.778379E-03,.4296556,
,182,9.580547,34.0344,1490.147,26.26838,1.777739E-03,.4305517,
,182.5,9.576348,34.03539,1490.141,26.26988,1.776425E-03,.4314468,
,183,9.571923,34.03639,1490.134,26.27143,1.775066E-03,.4323418,
,183.5,9.567117,34.03762,1490.126,26.27317,1.773472E-03,.4332356,
,184,9.562259,34.03889,1490.119,26.27493,1.771847E-03,.4341291,
,184.5,9.559497,34.03984,1490.118,26.2761,1.770835E-03,.4350215,
,185,9.557025,34.04074,1490.119,26.27719,1.769908E-03,.4359137,
,185.5,9.554325,34.04119,1490.117,26.27799,1.769208E-03,.4368053,
,186,9.551588,34.04155,1490.116,26.27874,1.768545E-03,.4376967,
,186.5,9.548902,34.04208,1490.115,26.27959,1.767869E-03,.4385876,
,187,9.546231,34.04266,1490.115,26.28047,1.767189E-03,.4394784,
,187.5,9.543986,34.0434,1490.116,26.28144,1.766391E-03,.4403685,
,188,9.541945,34.04422,1490.118,26.28245,1.765537E-03,.4412584,
,188.5,9.540121,34.04442,1490.12,26.28291,1.765195E-03,.4421482,
,189,9.538526,34.04398,1490.121,26.2828,1.765388E-03,.4430377,
,189.5,9.537325,34.04327,1490.125,26.28242,1.765822E-03,.4439274,
,190,9.537807,34.0414,1490.132,26.28093,1.767288E-03,.444818,
,190.5,9.53829,34.03954,1490.14,26.27943,1.768755E-03,.4457085,
,191,9.530252,34.03651,1490.115,26.27837,1.769806E-03,.4466003,
,191.5,9.521406,34.03337,1490.088,26.27735,1.770818E-03,.4474922,
,192,9.51009,34.03176,1490.053,26.27793,1.770375E-03,.4483842,
,192.5,9.498411,34.03038,1490.017,26.27873,1.76972E-03,.4492763,
,193,9.485671,34.03185,1489.98,26.28196,1.766713E-03,.4501666,
,193.5,9.472819,34.03362,1489.944,26.28544,1.763462E-03,.4510567,
,194,9.460968,34.03764,1489.914,26.29058,1.758647E-03,.4519431,
,194.5,9.449177,34.0418,1489.884,26.29582,1.753739E-03,.4528292,
,195,9.446596,34.04675,1489.889,26.30011,1.74978E-03,.453711,
,195.5,9.4444,34.05165,1489.896,26.30431,1.745909E-03,.4545927,
,196,9.447356,34.05544,1489.919,26.30678,1.74362E-03,.4554715,
,196.5,9.450199,34.05886,1489.942,26.30898,1.741622E-03,.45635,
,197,9.452636,34.06094,1489.962,26.31016,1.740668E-03,.4572273,
,197.5,9.4545,34.06276,1489.979,26.31124,1.739795E-03,.4581043,
,198,9.45472,34.06383,1489.99,26.31202,1.739153E-03,.4589808,
,198.5,9.454527,34.06499,1489.999,26.31293,1.738378E-03,.4598571,
,199,9.448903,34.06726,1489.989,26.31567,1.735878E-03,.4607317,
,199.5,9.443278,34.06954,1489.98,26.3184,1.733378E-03,.4616063,
,200,9.434867,34.07278,1489.961,26.32234,1.729706E-03,.4624782,
,200.5,9.425001,34.07652,1489.938,26.32689,1.725423E-03,.4633487,
,201,9.414724,34.08044,1489.914,26.33165,1.720955E-03,.4642178,
,201.5,9.403207,34.08488,1489.885,26.337,1.715933E-03,.4650828,
,202,9.39169,34.08933,1489.857,26.34234,1.710911E-03,.4659478,
,202.5,9.381757,34.09221,1489.833,26.34619,1.707364E-03,.4668082,
,203,9.371881,34.09503,1489.808,26.34998,1.703871E-03,.4676684,
,203.5,9.364542,34.09664,1489.792,26.35243,1.701604E-03,.4685262,
,204,9.357807,34.09796,1489.777,26.35456,1.69963E-03,.4693835,
,204.5,9.351209,34.09871,1489.762,26.35623,1.698146E-03,.4702395,
,205,9.344655,34.09927,1489.747,26.35773,1.696826E-03,.4710951,
,205.5,9.339431,34.0998,1489.737,26.359,1.695686E-03,.4719499,
,206,9.334975,34.10032,1489.73,26.36015,1.69465E-03,.4728042,
,206.5,9.331642,34.10072,1489.726,26.36102,1.693885E-03,.4736581,
,207,9.329034,34.10104,1489.725,26.3617,1.693295E-03,.4745117,
,207.5,9.325429,34.10119,1489.72,26.36238,1.692754E-03,.4753648,
,208,9.321616,34.1013,1489.715,26.36306,1.692229E-03,.4762178,
,208.5,9.318041,34.10125,1489.71,26.36358,1.691791E-03,.4770705,
,209,9.314631,34.10126,1489.706,26.36413,1.691328E-03,.477923,
,209.5,9.312054,34.10165,1489.705,26.36486,1.690743E-03,.4787751,
,210,9.309347,34.10207,1489.704,26.36564,1.690104E-03,.479627,
,210.5,9.305949,34.10266,1489.701,26.36667,1.689178E-03,.4804783,
,211,9.302552,34.10324,1489.697,26.36769,1.688252E-03,.4813296,
,211.5,9.299368,34.10423,1489.695,26.36895,1.687187E-03,.4821799,
,212,9.29621,34.10525,1489.693,26.37024,1.686105E-03,.4830301,
,212.5,9.292747,34.10598,1489.69,26.37137,1.685121E-03,.4838796,
,213,9.289004,34.10643,1489.685,26.37236,1.684227E-03,.4847285,
,213.5,9.285371,34.10703,1489.681,26.37344,1.68327E-03,.4855772,
,214,9.281985,34.10796,1489.678,26.3747,1.682169E-03,.4864251,
,214.5,9.2784,34.10881,1489.674,26.37594,1.681085E-03,.4872728,
,215,9.273953,34.10929,1489.666,26.37706,1.680073E-03,.4881195,
,215.5,9.26951,34.10978,1489.659,26.37817,1.679058E-03,.4889663,
,216,9.26683,34.11182,1489.66,26.38018,1.677305E-03,.4898115,
,216.5,9.26415,34.11385,1489.661,26.38219,1.675551E-03,.4906568,
,217,9.255184,34.11699,1489.64,26.3861,1.671874E-03,.4914995,
,217.5,9.244118,34.12051,1489.612,26.39066,1.667553E-03,.4923415,
,218,9.23225,34.1255,1489.583,26.39649,1.662062E-03,.49318,
,218.5,9.220058,34.1311,1489.553,26.40284,1.656097E-03,.4940171,
,219,9.211164,34.13559,1489.535,26.40774,1.651516E-03,.4948499,
,219.5,9.202896,34.13987,1489.518,26.41235,1.647202E-03,.495682,
,220,9.198968,34.14245,1489.515,26.41504,1.644764E-03,.496511,
,220.5,9.195068,34.14497,1489.512,26.41768,1.642375E-03,.4973399,
,221,9.191753,34.14633,1489.51,26.41925,1.640971E-03,.4981669,
,221.5,9.188437,34.14769,1489.508,26.42083,1.639568E-03,.4989938,
,222,9.186006,34.14894,1489.508,26.4222,1.638356E-03,.4998197,
,222.5,9.184062,34.15012,1489.511,26.42345,1.637249E-03,.500645,
,223,9.182206,34.15123,1489.514,26.42464,1.636207E-03,.5014703,
,223.5,9.180998,34.15182,1489.519,26.42532,1.635649E-03,.5022946,
,224,9.17979,34.15241,1489.523,26.426,1.635091E-03,.5031189,
,224.5,9.179092,34.1528,1489.529,26.42641,1.634809E-03,.503943,
,225,9.178736,34.15306,1489.537,26.42665,1.634711E-03,.5047669,
,225.5,9.17837,34.15331,1489.544,26.42688,1.634615E-03,.5055908,
,226,9.17751,34.15326,1489.549,26.42703,1.634563E-03,.5064147,
,226.5,9.176651,34.15321,1489.554,26.42717,1.63451E-03,.5072384,
,227,9.175859,34.15326,1489.559,26.42736,1.634417E-03,.5080622,
,227.5,9.175156,34.15345,1489.565,26.4276,1.634269E-03,.5088859,
,228,9.174452,34.15363,1489.571,26.42785,1.634123E-03,.5097096,
,228.5,9.173307,34.15372,1489.576,26.42805,1.634016E-03,.5105332,
,229,9.172139,34.1538,1489.58,26.42825,1.633912E-03,.5113567,
,229.5,9.171575,34.15382,1489.586,26.42834,1.633888E-03,.5121803,
,230,9.171503,34.15379,1489.594,26.42834,1.633929E-03,.5130038,
,230.5,9.171458,34.15377,1489.602,26.42834,1.633986E-03,.5138273,
,231,9.171544,34.15377,1489.611,26.42834,1.634125E-03,.5146509,
,231.5,9.171629,34.15378,1489.619,26.42834,1.634263E-03,.5154746,
,232,9.171512,34.15365,1489.627,26.42826,1.634442E-03,.5162984,
,232.5,9.171341,34.15348,1489.634,26.42816,1.63463E-03,.5171222,
,233,9.171295,34.15336,1489.642,26.42808,1.634794E-03,.5179461,
,233.5,9.171412,34.1533,1489.651,26.42803,1.634928E-03,.5187701,
,234,9.17153,34.15324,1489.66,26.42798,1.635061E-03,.5195941,
,234.5,9.171379,34.15293,1489.667,26.42774,1.635371E-03,.5204185,
,235,9.17122,34.15261,1489.674,26.4275,1.635688E-03,.5212427,
,235.5,9.170805,34.15264,1489.681,26.42758,1.635717E-03,.5220671,
,236,9.170103,34.15307,1489.688,26.42804,1.635423E-03,.5228915,
,236.5,9.169258,34.15348,1489.693,26.4285,1.635124E-03,.5237158,
,237,9.165521,34.15338,1489.688,26.42901,1.634723E-03,.5245397,
,237.5,9.161784,34.15329,1489.682,26.42953,1.634323E-03,.5253636,
,238,9.160562,34.15322,1489.686,26.42969,1.634229E-03,.5261874,
,238.5,9.160449,34.15317,1489.694,26.42969,1.634272E-03,.5270111,
,239,9.158799,34.15307,1489.696,26.42988,1.634149E-03,.5278347,
,239.5,9.154544,34.15288,1489.688,26.4304,1.633748E-03,.5286582,
,240,9.150224,34.15271,1489.68,26.43095,1.633318E-03,.5294817,
,240.5,9.143156,34.15359,1489.664,26.43275,1.631656E-03,.530304,
,241,9.136089,34.15446,1489.647,26.43455,1.629994E-03,.5311263,
,241.5,9.131668,34.15556,1489.641,26.43613,1.628581E-03,.5319474,
,242,9.128294,34.15674,1489.638,26.43761,1.627265E-03,.532768,
,242.5,9.125483,34.15778,1489.637,26.4389,1.626141E-03,.533588,
,243,9.123454,34.15861,1489.639,26.43989,1.625284E-03,.5344073,
,243.5,9.121425,34.15944,1489.641,26.44089,1.624427E-03,.5352266,
,244,9.120115,34.16029,1489.645,26.44172,1.623722E-03,.536045,
,244.5,9.11883,34.16113,1489.65,26.44255,1.623022E-03,.5368633,
,245,9.117877,34.1622,1489.656,26.44353,.0016222,.5376812,
,245.5,9.117308,34.16355,1489.664,26.44468,1.621236E-03,.5384984,
,246,9.116738,34.1649,1489.672,26.44583,1.620273E-03,.5393157,
,246.5,9.117001,34.16662,1489.683,26.44717,1.619096E-03,.5401317,
,247,9.117332,34.16838,1489.695,26.44852,1.617901E-03,.5409477,
,247.5,9.118134,34.1701,1489.708,26.44977,1.616803E-03,.541763,
,248,9.119668,34.17177,1489.724,26.45086,1.615856E-03,.5425776,
,248.5,9.121202,34.17345,1489.74,26.45196,1.614908E-03,.5433921,
,249,9.123536,34.17487,1489.759,26.45264,1.614354E-03,.5442059,
,249.5,9.125927,34.17628,1489.778,26.45329,1.613827E-03,.5450196,
,250,9.127099,34.17763,1489.792,26.45416,1.613146E-03,.5458328,
,250.5,9.127758,34.17895,1489.804,26.45511,.0016124,.5466458,
,251,9.126118,34.17984,1489.808,26.45609,1.61157E-03,.5474583,
,251.5,9.122301,34.18032,1489.802,26.45709,1.610662E-03,.5482703,
,252,9.11792,34.18081,1489.795,26.45819,1.609672E-03,.5490822,
,252.5,9.111342,34.18137,1489.78,26.45967,1.608368E-03,.5498929,
,253,9.104766,34.18192,1489.765,26.46114,1.607064E-03,.5507037,
,253.5,9.089792,34.1814,1489.717,26.46314,1.60517E-03,.5515128,
,254,9.074607,34.18087,1489.669,26.46515,1.603261E-03,.5523218,
,254.5,9.067043,34.18085,1489.65,26.46633,1.602173E-03,.5531296,
,255,9.06154,34.18098,1489.638,26.46729,1.601308E-03,.553937,
,255.5,9.055238,34.18081,1489.623,26.46815,1.600557E-03,.5547441,
,256,9.048129,34.18033,1489.604,26.46891,1.599921E-03,.5555506,
,256.5,9.0412,34.17988,1489.586,26.46967,1.599296E-03,.5563571,
,257,9.035824,34.17964,1489.575,26.47034,1.598756E-03,.5571631,
,257.5,9.030448,34.17941,1489.563,26.471,1.598216E-03,.5579689,
,258,9.027394,34.17933,1489.56,26.47144,1.597853E-03,.5587744,
,258.5,9.025267,34.17932,1489.56,26.4718,1.597561E-03,.5595798,
,259,9.023224,34.17925,1489.561,26.47209,1.597336E-03,.5603852,
,259.5,9.021397,34.17904,1489.562,26.47224,1.597281E-03,.5611903,
,260,9.019569,34.17883,1489.563,26.47239,1.597227E-03,.5619954,
,260.5,9.019093,34.17897,1489.57,26.47254,1.59717E-03,.5628005,
,261,9.018889,34.17918,1489.578,26.4727,1.597113E-03,.5636056,
,261.5,9.018616,34.1792,1489.585,26.47275,1.59718E-03,.5644107,
,262,9.018268,34.17902,1489.592,26.4727,1.597375E-03,.5652159,
,262.5,9.017746,34.17887,1489.598,26.47268,1.597518E-03,.5660212,
,263,9.016555,34.17884,1489.602,26.47278,1.597462E-03,.5668265,
,263.5,9.015364,34.1788,1489.606,26.47289,1.597405E-03,.5676317,
,264,9.0139,34.17867,1489.609,26.47304,1.597348E-03,.568437,
,264.5,9.012387,34.17853,1489.611,26.4732,1.597291E-03,.5692422,
,265,9.010102,34.17854,1489.611,26.47359,1.596982E-03,.5700473,
,265.5,9.007135,34.1787,1489.609,26.4742,1.596452E-03,.5708522,
,266,9.003669,34.17923,1489.605,26.47517,1.59559E-03,.5716567,
,266.5,8.999145,34.18054,1489.598,26.47693,1.594021E-03,.5724604,
,267,8.994452,34.18185,1489.591,26.47872,1.592425E-03,.5732639,
,267.5,8.98823,34.18315,1489.578,26.48071,1.590579E-03,.5740656,
,268,8.982008,34.18446,1489.565,26.4827,1.588732E-03,.5748674,
,268.5,8.978556,34.18579,1489.562,26.48426,1.587369E-03,.5756677,
,269,8.975914,34.18713,1489.562,26.4857,1.586147E-03,.5764678,
,269.5,8.973183,34.18808,1489.561,26.48689,1.585125E-03,.5772672,
,270,8.970312,34.18846,1489.559,26.48769,1.58441E-03,.5780661,
,270.5,8.967536,34.18888,1489.558,26.4885,1.583686E-03,.5788647,
,271,8.965512,34.18972,1489.56,26.48944,1.582894E-03,.5796627,
,271.5,8.963488,34.19056,1489.562,26.49039,1.582103E-03,.5804607,
,272,8.962043,34.19155,1489.566,26.49141,1.581231E-03,.5812578,
,272.5,8.960663,34.19257,1489.57,26.49244,1.580349E-03,.5820549,
,273,8.959455,34.19393,1489.576,26.49372,1.57923E-03,.5828511,
,273.5,8.958339,34.19548,1489.582,26.49513,1.577984E-03,.5836468,
,274,8.957604,34.19692,1489.589,26.49638,1.576883E-03,.5844424,
,274.5,8.958182,34.19801,1489.601,26.49711,1.57628E-03,.585237,
,275,8.958761,34.1991,1489.613,26.49784,1.575676E-03,.5860317,
,275.5,8.962438,34.19985,1489.636,26.49787,1.575793E-03,.5868261,
,276,8.966463,34.20056,1489.66,26.49782,1.575992E-03,.5876206,
,276.5,8.969372,34.20132,1489.68,26.49795,1.575953E-03,.588415,
,277,8.97169,34.2021,1489.698,26.49817,1.575788E-03,.5892094,
,277.5,8.972978,34.20301,1489.712,26.49867,1.575398E-03,.5900037,
,278,8.973045,34.2041,1489.722,26.49952,1.574742E-03,.5907977,
,278.5,8.973332,34.20516,1489.732,26.5003,1.574134E-03,.5915915,
,279,8.974941,34.20608,1489.748,26.50074,1.573819E-03,.592385,
,279.5,8.97655,34.207,1489.763,26.50117,1.573504E-03,.5931785,
,280,8.978256,34.20753,1489.778,26.50131,1.573463E-03,.5939717,
,280.5,8.979975,34.20801,1489.794,26.50142,1.573455E-03,.5947649,
,281,8.98178,34.20838,1489.809,26.50146,1.57351E-03,.5955582,
,281.5,8.983639,34.20869,1489.824,26.50146,1.573603E-03,.5963515,
,282,8.985389,34.20916,1489.84,26.50156,1.573601E-03,.5971447,
,282.5,8.986905,34.20996,1489.855,26.50188,1.573392E-03,.5979379,
,283,8.988438,34.21078,1489.87,26.50221,1.573177E-03,.5987312,
,283.5,8.99067,34.21203,1489.888,26.50283,1.572688E-03,.5995241,
,284,8.992903,34.21328,1489.906,26.50345,1.572199E-03,.600317,
,284.5,8.995849,34.2152,1489.927,26.50453,1.571332E-03,.6011092,
,285,8.998908,34.21723,1489.949,26.50567,1.570406E-03,.6019013,
,285.5,9.001493,34.21935,1489.97,26.50693,1.569325E-03,.6026925,
,286,9.0039,34.22151,1489.99,26.50823,1.568186E-03,.6034834,
,286.5,9.007154,34.22406,1490.013,26.5097,1.566914E-03,.6042737,
,287,9.011327,34.22705,1490.041,26.51135,.0015655,.6050632,
,287.5,9.015903,34.23022,1490.07,26.51307,1.564003E-03,.6058524,
,288,9.022305,34.23419,1490.107,26.51515,1.562134E-03,.60664,
,288.5,9.028708,34.23817,1490.143,26.51722,1.560265E-03,.6074276,
,289,9.037541,34.2424,1490.189,26.51914,1.558591E-03,.6082133,
,289.5,9.046512,34.24665,1490.236,26.52106,1.556927E-03,.608999,
,290,9.057773,34.25001,1490.29,26.52193,1.556295E-03,.6097838,
,290.5,9.069951,34.25301,1490.347,26.52237,1.556076E-03,.6105684,
,291,9.080044,34.25484,1490.395,26.52221,1.556375E-03,.6113532,
,291.5,9.088306,34.25563,1490.434,26.52152,1.557128E-03,.6121381,
,292,9.09516,34.25628,1490.469,26.52093,1.55779E-03,.6129231,
,292.5,9.09786,34.25652,1490.487,26.52067,1.55818E-03,.6137087,
,293,9.100561,34.25676,1490.506,26.52041,1.558571E-03,.6144943,
,293.5,9.100266,34.25742,1490.514,26.52099,1.558117E-03,.6152798,
,294,9.099747,34.25811,1490.521,26.52163,1.557601E-03,.6160653,
,294.5,9.099558,34.2595,1490.53,26.52274,1.556651E-03,.6168502,
,295,9.099539,34.26126,1490.541,26.52408,1.555479E-03,.6176348,
,295.5,9.100618,34.26282,1490.555,26.52511,1.554603E-03,.6184189,
,296,9.102893,34.26416,1490.573,26.52581,1.554049E-03,.6192026,
,296.5,9.105287,34.26527,1490.592,26.52629,1.553696E-03,.6199861,
,297,9.107885,34.26599,1490.61,26.52641,1.553688E-03,.6207694,
,297.5,9.109318,34.26667,1490.625,26.52668,1.553524E-03,.6215526,
,298,9.107306,34.2672,1490.626,26.52745,1.552895E-03,.6223356,
,298.5,9.105241,34.26774,1490.628,26.52822,1.552257E-03,.6231186,
,299,9.100863,34.26829,1490.621,26.52938,1.551203E-03,.6239007,
,299.5,9.096485,34.26883,1490.614,26.53054,1.550149E-03,.6246827,
,300,9.093731,34.2693,1490.612,26.53134,1.549509E-03,.6254641,
,300.5,9.091657,34.26975,1490.614,26.53199,1.549043E-03,.6262452,
,301,9.088916,34.26972,1490.612,26.5324,1.548755E-03,.6270262,
,301.5,9.085322,34.26908,1490.606,26.53251,1.548696E-03,.6278071,
,302,9.081394,34.2682,1490.599,26.53246,1.548779E-03,.628588,
,302.5,9.076228,34.26646,1490.586,26.53187,1.549383E-03,.6293691,
,303,9.071062,34.26472,1490.573,26.53128,1.549987E-03,.6301503,
,303.5,9.065072,34.2628,1490.557,26.53076,1.550526E-03,.6309321,
,304,9.059036,34.26086,1490.541,26.53024,1.55106E-03,.6317139,
,304.5,9.049026,34.25846,1490.509,26.52997,1.551362E-03,.632496,
,305,9.036362,34.25574,1490.467,26.52986,1.551509E-03,.6332782,
,305.5,9.024339,34.25311,1490.428,26.52971,1.551693E-03,.6340606,
,306,9.013484,34.25063,1490.393,26.52949,1.551945E-03,.6348431,
,306.5,9.002272,34.24807,1490.357,26.52928,1.552184E-03,.6356255,
,307,8.988469,34.24506,1490.311,26.52911,1.552334E-03,.6364082,
,307.5,8.974667,34.24204,1490.264,26.52895,1.552484E-03,.6371909,
,308,8.962099,34.24188,1490.226,26.53082,.0015507,.6379727,
,308.5,8.949649,34.24199,1490.188,26.53289,1.548734E-03,.6387543,
,309,8.932879,34.24334,1490.136,26.53662,1.545192E-03,.6395337,
,309.5,8.913393,34.24548,1490.075,26.54141,1.540661E-03,.6403117,
,310,8.90153,34.24846,1490.043,26.54562,1.536715E-03,.6410878,
,310.5,8.899223,34.25251,1490.048,26.54911,1.533504E-03,.6418616,
,311,8.898392,34.25621,1490.058,26.55211,1.530773E-03,.6426349,
,311.5,8.903161,34.25858,1490.087,26.55323,1.529866E-03,.6434063,
,312,8.908069,34.26093,1490.116,26.5543,1.529005E-03,.6441778,
,312.5,8.918185,34.26198,1490.163,26.5535,1.529913E-03,.6449492,
,313,8.928301,34.26304,1490.21,26.55271,1.530821E-03,.6457207,
,313.5,8.933279,34.26199,1490.236,26.55115,1.532407E-03,.6464933,
,314,8.937548,34.26065,1490.258,26.54948,1.534087E-03,.6472661,
,314.5,8.939311,34.25795,1490.27,26.54707,1.536471E-03,.6480407,
,315,8.940265,34.25481,1490.278,26.54442,1.539082E-03,.6488158,
,315.5,8.936252,34.25134,1490.267,26.54232,1.54113E-03,.6495925,
,316,8.929425,34.24767,1490.245,26.54054,1.542859E-03,.6503699,
,316.5,8.915251,34.24517,1490.198,26.54082,1.54258E-03,.6511473,
,317,8.895657,34.24352,1490.132,26.54262,1.540821E-03,.6519246,
,317.5,8.876356,34.24266,1490.068,26.54501,1.538547E-03,.6527008,
,318,8.857391,34.24272,1490.006,26.54809,1.535685E-03,.6534758,
,318.5,8.842024,34.24301,1489.958,26.55075,1.533174E-03,.6542499,
,319,8.834237,34.24378,1489.938,26.55256,1.531402E-03,.6550223,
,319.5,8.826771,34.24447,1489.919,26.55426,1.529757E-03,.6557946,
,320,8.822322,34.2444,1489.911,26.55489,1.529301E-03,.6565657,
,320.5,8.817873,34.24434,1489.903,26.55552,1.528845E-03,.6573367,
,321,8.815452,34.24391,1489.902,26.55558,1.528857E-03,.6581077,
,321.5,8.813605,34.24338,1489.903,26.55547,1.529001E-03,.6588787,
,322,8.811326,34.24229,1489.901,26.55499,1.52951E-03,.6596499,
,322.5,8.808591,34.24059,1489.897,26.55409,1.530405E-03,.6604214,
,323,8.805373,34.23873,1489.891,26.55313,1.531373E-03,.6611933,
,323.5,8.801084,34.23651,1489.881,26.55205,1.532502E-03,.6619658,
,324,8.796028,34.2344,1489.868,26.55118,1.533404E-03,.6627386,
,324.5,8.787355,34.23284,1489.842,26.55135,1.533234E-03,.6635117,
,325,8.778645,34.23135,1489.816,26.55157,1.533015E-03,.6642848,
,325.5,8.76918,34.23115,1489.789,26.55293,1.531835E-03,.6650572,
,326,8.759716,34.23095,1489.762,26.55428,1.530655E-03,.6658295,
,326.5,8.754248,34.23058,1489.75,26.55479,1.530225E-03,.6666012,
,327,8.749314,34.23019,1489.739,26.55519,1.529895E-03,.6673728,
,327.5,8.747284,34.22958,1489.739,26.55504,1.530089E-03,.6681445,
,328,8.746314,34.2289,1489.743,26.55469,1.530474E-03,.668916,
,328.5,8.742809,34.22795,1489.737,26.55449,1.530703E-03,.6696879,
,329,8.73805,34.22686,1489.726,26.55438,1.530856E-03,.6704598,
,329.5,8.733552,34.22604,1489.717,26.55442,1.530879E-03,.6712317,
,330,8.729314,34.22549,1489.709,26.55463,1.530773E-03,.6720036,
,330.5,8.725106,34.22489,1489.701,26.55481,1.530691E-03,.6727756,
,331,8.72106,34.22407,1489.693,26.55481,1.530735E-03,.6735474,
,331.5,8.717014,34.22325,1489.685,26.55481,1.530779E-03,.6743194,
,332,8.712034,34.22179,1489.673,26.55447,1.531151E-03,.6750915,
,332.5,8.706942,34.22026,1489.661,26.55408,1.531562E-03,.6758636,
,333,8.700601,34.21841,1489.643,26.55363,1.53204E-03,.6766361,
,333.5,8.693678,34.21642,1489.623,26.55314,1.53255E-03,.6774088,
,334,8.683655,34.2147,1489.592,26.55333,1.532424E-03,.6781815,
,334.5,8.672117,34.2131,1489.556,26.55385,1.531988E-03,.6789541,
,335,8.660705,34.21236,1489.521,26.5551,1.530763E-03,.6797261,
,335.5,8.649324,34.21186,1489.486,26.55655,1.529325E-03,.6804979,
,336,8.640085,34.21228,1489.46,26.55829,1.527755E-03,.6812684,
,336.5,8.631222,34.21286,1489.436,26.56008,1.526162E-03,.6820386,
,337,8.623015,34.21362,1489.415,26.56194,1.524427E-03,.6828075,
,337.5,8.615041,34.21445,1489.395,26.56382,1.522641E-03,.6835759,
,338,8.608045,34.21536,1489.378,26.56561,1.52096E-03,.6843434,
,338.5,8.602169,34.21636,1489.366,26.56731,.0015194,.6851099,
,339,8.596617,34.21731,1489.354,26.56891,1.517927E-03,.6858761,
,339.5,8.592751,34.21799,1489.349,26.57004,1.516909E-03,.6866411,
,340,8.588885,34.21868,1489.344,26.57116,1.51589E-03,.6874061,
,340.5,8.586856,34.21884,1489.345,26.57158,1.515596E-03,.6881703,
,341,8.584842,34.21899,1489.346,26.57199,1.515307E-03,.6889346,
,341.5,8.583185,34.21886,1489.348,26.57219,1.51523E-03,.6896988,
,342,8.581552,34.21872,1489.35,26.57237,1.515167E-03,.6904629,
,342.5,8.579503,34.21827,1489.35,26.57234,1.515256E-03,.6912271,
,343,8.577409,34.21779,1489.35,26.57228,1.515361E-03,.6919912,
,343.5,8.576374,34.21762,1489.354,26.57232,1.515418E-03,.6927554,
,344,8.575528,34.21751,1489.359,26.57238,1.515466E-03,.6935197,
,344.5,8.573652,34.21751,1489.36,26.57265,1.515306E-03,.6942838,
,345,8.571455,34.21756,1489.36,26.573,1.515082E-03,.6950479,
,345.5,8.569489,34.21766,1489.362,26.57337,1.514794E-03,.6958119,
,346,8.567651,34.2178,1489.363,26.57376,1.51447E-03,.6965758,
,346.5,8.566508,34.21781,1489.367,26.57395,1.514358E-03,.6973395,
,347,8.566202,34.21767,1489.374,26.57389,1.514501E-03,.6981032,
,347.5,8.565764,34.21745,1489.381,26.5738,1.51469E-03,.6988671,
,348,8.564577,34.21673,1489.384,26.57342,1.515137E-03,.6996312,
,348.5,8.56339,34.21601,1489.387,26.57305,1.515584E-03,.7003953,
,349,8.562714,34.21569,1489.392,26.5729,1.515775E-03,.7011597,
,349.5,8.562119,34.21544,1489.398,26.57279,1.515925E-03,.7019241,
,350,8.559173,34.21527,1489.395,26.57312,1.515664E-03,.7026885,
,350.5,8.55498,34.21514,1489.387,26.57368,1.515186E-03,.7034528,
,351,8.550953,34.21527,1489.381,26.57438,1.514619E-03,.7042167,
,351.5,8.546999,34.21551,1489.375,26.57514,1.514013E-03,.7049804,
,352,8.542957,34.21528,1489.368,26.57556,1.513641E-03,.7057438,
,352.5,8.538888,34.2149,1489.36,26.57587,1.51334E-03,.7065072,
,353,8.533828,34.21521,1489.35,26.57692,1.51243E-03,.70727,
,353.5,8.528525,34.21568,1489.339,26.57816,1.511372E-03,.7080326,
,354,8.518273,34.21737,1489.311,26.58106,1.508632E-03,.7087935,
,354.5,8.506983,34.21933,1489.28,26.58433,1.505538E-03,.709554,
,355,8.495466,34.22157,1489.248,26.58785,1.502238E-03,.7103119,
,355.5,8.483883,34.22389,1489.216,26.59146,1.498876E-03,.711069,
,356,8.478248,34.22567,1489.205,26.59373,1.496771E-03,.7118245,
,356.5,8.475547,34.22719,1489.205,26.59536,1.495285E-03,.7125791,
,357,8.47304,34.22769,1489.205,26.59613,1.494599E-03,.7133332,
,357.5,8.470686,34.22739,1489.204,26.59624,1.494539E-03,.7140869,
,358,8.468577,34.22714,1489.204,26.59636,.0014945,.7148407,
,358.5,8.466823,34.22696,1489.206,26.59648,1.494493E-03,.7155944,
,359,8.464163,34.22657,1489.203,26.59658,1.494486E-03,.7163481,
,359.5,8.459181,34.22564,1489.192,26.59663,1.494479E-03,.7171019,
,360,8.454819,34.2248,1489.183,26.59666,1.494514E-03,.7178556,
,360.5,8.452517,34.22428,1489.182,26.5966,1.494687E-03,.7186094,
,361,8.449301,34.22377,1489.178,26.59669,1.494698E-03,.7193632,
,361.5,8.444023,34.2233,1489.166,26.59712,1.494344E-03,.7201169,
,362,8.438589,34.22336,1489.154,26.59797,1.493568E-03,.7208703,
,362.5,8.432805,34.22458,1489.142,26.59978,1.491847E-03,.7216229,
,363,8.426871,34.22562,1489.129,26.60149,1.490241E-03,.7223752,
,363.5,8.420568,34.22623,1489.115,26.60294,1.488918E-03,.7231263,
,364,8.415313,34.22673,1489.104,26.60415,1.487836E-03,.7238773,
,364.5,8.41471,34.22672,1489.11,26.60426,1.487829E-03,.7246276,
,365,8.414108,34.22672,1489.116,26.60437,1.487822E-03,.725378,
,365.5,8.411503,34.22638,1489.114,26.60452,1.487719E-03,.7261283,
,366,8.408886,34.22603,1489.112,26.60468,1.487615E-03,.7268786,
,366.5,8.404563,34.22577,1489.104,26.60513,1.487238E-03,.7276288,
,367,8.399199,34.22556,1489.092,26.60575,1.486695E-03,.7283788,
,367.5,8.39557,34.22556,1489.087,26.60627,1.486271E-03,.7291285,
,368,8.393931,34.2258,1489.089,26.60669,1.485981E-03,.7298781,
,368.5,8.391766,34.22532,1489.089,26.60666,1.48609E-03,.7306277,
,369,8.388891,34.22389,1489.084,26.60603,1.486738E-03,.7313774,
,369.5,8.3868,34.22232,1489.083,26.60516,1.487628E-03,.7321274,
,370,8.386449,34.22046,1489.088,26.60375,1.489057E-03,.7328783,
,370.5,8.385515,34.21855,1489.09,26.60239,1.490435E-03,.7336294,
,371,8.382501,34.21645,1489.084,26.60118,1.491636E-03,.7343817,
,371.5,8.379126,34.21483,1489.078,26.6004,1.492422E-03,.7351339,
,372,8.374407,34.21504,1489.069,26.60126,1.491662E-03,.7358863,
,372.5,8.369071,34.21548,1489.058,26.60241,1.490626E-03,.7366384,
,373,8.361534,34.21674,1489.039,26.6046,1.488608E-03,.7373895,
,373.5,8.355689,34.21802,1489.027,26.60652,1.486841E-03,.7381401,
,374,8.353357,34.21934,1489.029,26.60789,1.485595E-03,.7388895,
,374.5,8.3511,34.2204,1489.03,26.60904,1.484565E-03,.7396389,
,375,8.349175,34.22028,1489.031,26.60921,1.484504E-03,.7403876,
,375.5,8.347293,34.22021,1489.032,26.60942,1.484412E-03,.7411364,
,376,8.346267,34.2211,1489.037,26.61027,1.483713E-03,.7418847,
,376.5,8.345241,34.22199,1489.043,26.61111,1.483013E-03,.7426331,
,377,8.339404,34.22315,1489.031,26.61293,1.481293E-03,.7433802,
,377.5,8.332924,34.22434,1489.016,26.61489,1.479436E-03,.7441273,
,378,8.329265,34.22588,1489.013,26.61667,1.477838E-03,.7448727,
,378.5,8.325974,34.22747,1489.011,26.61843,1.476274E-03,.7456179,
,379,8.323015,34.2279,1489.008,26.61919,1.475618E-03,.7463624,
,379.5,8.320177,34.22791,1489.006,26.61959,1.47529E-03,.7471066,
,380,8.318284,34.22794,1489.007,26.61988,1.475086E-03,.7478507,
,380.5,8.317065,34.228,1489.011,26.62011,1.474971E-03,.7485946,
,381,8.314371,34.22806,1489.01,26.6206,1.474589E-03,.7493384,
,381.5,8.309846,34.22813,1489.001,26.6214,1.473875E-03,.7500821,
,382,8.305797,34.22839,1488.994,26.62226,1.473115E-03,.7508253,
,382.5,8.302743,34.22905,1488.992,26.62321,1.472258E-03,.751568,
,383,8.299705,34.22969,1488.99,26.62416,1.471411E-03,.7523107,
,383.5,8.297563,34.22974,1488.99,26.62449,1.471178E-03,.7530527,
,384,8.295421,34.22978,1488.99,26.62482,1.470946E-03,.7537947,
,384.5,8.294175,34.2296,1488.994,26.62485,1.47101E-03,.7545367,
,385,8.293993,34.22915,1489.001,26.62451,1.471425E-03,.7552789,
,385.5,8.293675,34.22852,1489.007,26.62406,1.471952E-03,.7560212,
,386,8.292987,34.22738,1489.011,26.62328,1.472786E-03,.756764,
,386.5,8.292347,34.22623,1489.016,26.62248,1.473635E-03,.7575069,
,387,8.292327,34.22485,1489.022,26.62143,1.474678E-03,.7582507,
,387.5,8.292308,34.22348,1489.029,26.62037,1.475722E-03,.7589946,
,388,8.290779,34.2218,1489.029,26.6193,1.476825E-03,.7597395,
,388.5,8.289033,34.22009,1489.029,26.61823,1.477936E-03,.7604845,
,389,8.286329,34.21878,1489.026,26.61764,1.478526E-03,.7612301,
,389.5,8.283228,34.21766,1489.021,26.61724,1.478898E-03,.761976,
,390,8.277953,34.21729,1489.009,26.61773,1.478487E-03,.7627217,
,390.5,8.271076,34.21748,1488.992,26.61889,1.477498E-03,.7634672,
,391,8.263307,34.21768,1488.971,26.62021,1.476301E-03,.7642121,
,391.5,8.254493,34.21788,1488.946,26.62172,1.47486E-03,.7649563,
,392,8.246946,34.21822,1488.927,26.62314,1.473529E-03,.7657002,
,392.5,8.242551,34.21887,1488.919,26.62431,1.472471E-03,.7664431,
,393,8.237216,34.21928,1488.908,26.62543,1.47145E-03,.7671857,
,393.5,8.228136,34.21868,1488.881,26.62635,1.470575E-03,.7679276,
,394,8.219227,34.21815,1488.855,26.6273,1.469674E-03,.7686694,
,394.5,8.212483,34.21864,1488.839,26.62866,1.468432E-03,.7694101,
,395,8.20574,34.21913,1488.823,26.63003,1.467189E-03,.7701508,
,395.5,8.199222,34.21892,1488.806,26.63086,1.466448E-03,.7708905,
,396,8.192721,34.21865,1488.79,26.63165,1.465748E-03,.7716302,
,396.5,8.187955,34.21881,1488.78,26.63247,1.464977E-03,.7723693,
,397,8.183326,34.21901,1488.771,26.63328,1.464201E-03,.7731082,
,397.5,8.176491,34.21826,1488.753,26.63373,1.463827E-03,.7738466,
,398,8.169618,34.21752,1488.734,26.6342,1.463439E-03,.7745849,
,398.5,8.163006,34.21755,1488.718,26.63521,1.462536E-03,.7753227,
,399,8.156395,34.21757,1488.701,26.63622,1.461632E-03,.7760605,
,399.5,8.14557,34.21758,1488.669,26.63789,1.460042E-03,.776797,
,400,8.134677,34.21758,1488.636,26.63958,1.45844E-03,.7775335,
,400.5,8.12355,34.21728,1488.602,26.64097,1.457167E-03,.7782686,
,401,8.112393,34.21695,1488.568,26.64232,1.455936E-03,.7790035,
,401.5,8.099882,34.21717,1488.529,26.64438,1.453945E-03,.7797371,
,402,8.087056,34.21753,1488.489,26.64661,1.451776E-03,.7804703,
,402.5,8.067369,34.21825,1488.424,26.65009,1.448415E-03,.7812011,
,403,8.046336,34.21905,1488.354,26.65383,1.444818E-03,.7819315,
,403.5,8.036175,34.22086,1488.326,26.6568,1.441999E-03,.7826591,
,404,8.027571,34.22282,1488.304,26.65966,1.439291E-03,.7833863,
,404.5,8.019189,34.22393,1488.282,26.66175,1.437346E-03,.7841116,
,405,8.01087,34.2248,1488.26,26.66363,1.435614E-03,.7848365,
,405.5,8.004785,34.22575,1488.247,26.66529,1.434095E-03,.7855602,
,406,7.999621,34.22673,1488.237,26.66686,1.432662E-03,.7862834,
,406.5,7.994305,34.22732,1488.226,26.66814,1.431469E-03,.7870058,
,407,7.988888,34.22766,1488.214,26.66923,1.430431E-03,.7877277,
,407.5,7.985236,34.22779,1488.208,26.66988,1.429873E-03,.7884492,
,408,7.98282,34.22778,1488.208,26.67022,1.42965E-03,.7891705,
,408.5,7.980968,34.22769,1488.209,26.67041,1.429573E-03,.7898917,
,409,7.979803,34.22749,1488.212,26.67041,1.429671E-03,.7906129,
,409.5,7.977961,34.22728,1488.214,26.6705,1.429671E-03,.7913341,
,410,7.974115,34.22702,1488.207,26.67086,1.429382E-03,.7920552,
,410.5,7.970808,34.2269,1488.203,26.67124,1.429069E-03,.7927762,
,411,7.969546,34.22729,1488.207,26.67172,1.428665E-03,.793497,
,411.5,7.968027,34.22765,1488.21,26.67222,1.428232E-03,.7942177,
,412,7.965345,34.22786,1488.208,26.67281,1.427676E-03,.7949379,
,412.5,7.962729,34.22813,1488.207,26.67342,.0014271,.7956581,
,413,7.960853,34.22902,1488.209,26.67439,1.426287E-03,.7963777,
,413.5,7.958906,34.22984,1488.211,26.67532,1.425514E-03,.7970971,
,414,7.956106,34.22977,1488.209,26.67569,1.42522E-03,.7978162,
,414.5,7.953444,34.22966,1488.207,26.676,1.424984E-03,.7985352,
,415,7.952665,34.22889,1488.211,26.67552,1.425536E-03,.7992543,
,415.5,7.951882,34.22813,1488.216,26.67505,1.426088E-03,.7999735,
,416,7.949519,34.22676,1488.213,26.67432,1.426819E-03,.8006933,
,416.5,7.947156,34.22539,1488.211,26.6736,1.42755E-03,.8014132,
,417,7.94208,34.22405,1488.198,26.67333,1.427854E-03,.8021334,
,417.5,7.936373,34.22272,1488.183,26.67316,1.428059E-03,.8028538,
,418,7.930203,34.22185,1488.167,26.67337,1.427911E-03,.8035741,
,418.5,7.923763,34.22126,1488.15,26.6738,1.427558E-03,.8042943,
,419,7.914796,34.2211,1488.124,26.67497,1.426457E-03,.8050141,
,419.5,7.904383,34.2212,1488.093,26.67658,1.424929E-03,.8057335,
,420,7.893919,34.2219,1488.063,26.67864,1.422927E-03,.8064516,
,420.5,7.883435,34.22281,1488.032,26.68087,1.42076E-03,.8071691,
,421,7.87201,34.22418,1487.999,26.68365,1.418167E-03,.8078849,
,421.5,7.860447,34.22562,1487.965,26.68652,1.415511E-03,.8086002,
,422,7.845213,34.2271,1487.917,26.68992,1.412239E-03,.8093126,
,422.5,7.829976,34.22858,1487.87,26.69332,1.408965E-03,.810025,
,423,7.818616,34.22972,1487.836,26.69589,1.40652E-03,.8107347,
,423.5,7.807784,34.23082,1487.805,26.69835,1.404188E-03,.811444,
,424,7.798721,34.23185,1487.78,26.70053,1.402161E-03,.8121519,
,424.5,7.790621,34.23285,1487.759,26.70255,.0014003,.8128589,
,425,7.782827,34.23388,1487.739,26.7045,1.398477E-03,.8135648,
,425.5,7.775241,34.23491,1487.719,26.70639,1.396681E-03,.8142701,
,426,7.769562,34.23553,1487.707,26.70766,1.395522E-03,.8149744,
,426.5,7.764389,34.23605,1487.696,26.70877,1.394531E-03,.8156784,
,427,7.762999,34.23649,1487.7,26.70931,1.394068E-03,.8163817,
,427.5,7.761965,34.23693,1487.704,26.70981,1.393655E-03,.817085,
,428,7.755905,34.23676,1487.69,26.71062,1.39288E-03,.8177878,
,428.5,7.749513,34.23654,1487.673,26.71145,1.392098E-03,.8184905,
,429,7.744042,34.23614,1487.66,26.71187,1.391745E-03,.8191926,
,429.5,7.738483,34.23568,1487.647,26.71227,1.391414E-03,.8198947,
,430,7.731156,34.2341,1487.625,26.71215,1.391523E-03,.8205968,
,430.5,7.723714,34.23248,1487.603,26.71202,1.391642E-03,.8212989,
,431,7.713645,34.23016,1487.57,26.71164,1.391994E-03,.8220012,
,431.5,7.703575,34.22784,1487.537,26.71126,1.392347E-03,.8227035,
,432,7.692868,34.22514,1487.501,26.7107,1.392872E-03,.8234062,
,432.5,7.681995,34.22235,1487.465,26.71009,1.393443E-03,.824109,
,433,7.667743,34.21943,1487.415,26.70984,1.393639E-03,.824812,
,433.5,7.651188,34.21642,1487.356,26.70984,1.393578E-03,.8255151,
,434,7.630645,34.21368,1487.283,26.71066,1.392694E-03,.8262178,
,434.5,7.605247,34.21128,1487.191,26.71246,1.390808E-03,.8269199,
,435,7.579532,34.21023,1487.1,26.71536,1.387911E-03,.8276207,
,435.5,7.553391,34.21101,1487.009,26.71973,1.383658E-03,.8283198,
,436,7.527375,34.21273,1486.92,26.7248,1.378738E-03,.8290164,
,436.5,7.501473,34.21531,1486.832,26.73051,1.373213E-03,.829711,
,437,7.481424,34.2184,1486.767,26.7358,1.368121E-03,.8304021,
,437.5,7.464612,34.22178,1486.715,26.74087,1.363267E-03,.8310916,
,438,7.451131,34.22415,1486.675,26.74463,1.359697E-03,.8317783,
,438.5,7.439128,34.22606,1486.64,26.7478,1.356695E-03,.8324638,
,439,7.430327,34.22733,1486.616,26.75004,1.354568E-03,.8331477,
,439.5,7.423238,34.22826,1486.598,26.75179,1.352907E-03,.8338308,
,440,7.417747,34.22916,1486.586,26.7533,1.351496E-03,.8345132,
,440.5,7.414461,34.23004,1486.583,26.75448,1.35043E-03,.8351948,
,441,7.410922,34.23074,1486.579,26.75554,1.349472E-03,.835876,
,441.5,7.406602,34.23091,1486.571,26.75626,1.34885E-03,.8365567,
,442,7.402505,34.23104,1486.563,26.75692,1.348268E-03,.8372372,
,442.5,7.399388,34.23101,1486.56,26.75734,1.347864E-03,.8379173,
,443,7.396334,34.23074,1486.556,26.75758,1.347658E-03,.8385974,
,443.5,7.393619,34.22922,1486.552,26.75683,1.34853E-03,.8392777,
,444,7.390864,34.22755,1486.547,26.75598,1.349467E-03,.8399583,
,444.5,7.387932,34.22531,1486.542,26.7546,1.350696E-03,.8406396,
,445,7.383917,34.22306,1486.532,26.75339,1.351813E-03,.8413212,
,445.5,7.377575,34.22082,1486.513,26.75253,1.352688E-03,.8420035,
,446,7.369214,34.2199,1486.488,26.75297,1.352263E-03,.8426856,
,446.5,7.358711,34.22036,1486.456,26.75481,1.350458E-03,.8433676,
,447,7.346467,34.2215,1486.419,26.75743,1.34795E-03,.844048,
,447.5,7.332862,34.22317,1486.377,26.76066,1.344891E-03,.8447273,
,448,7.321684,34.22519,1486.345,26.76383,1.341917E-03,.8454053,
,448.5,7.313528,34.22764,1486.325,26.76692,1.339047E-03,.8460816,
,449,7.305805,34.22949,1486.306,26.76947,1.336662E-03,.8467569,
,449.5,7.298754,34.23041,1486.288,26.77119,1.335032E-03,.8474308,
,450,7.293661,34.23103,1486.278,26.77239,1.333916E-03,.8481044,
,450.5,7.291461,34.23122,1486.278,26.77282,1.33356E-03,.8487773,
,451,7.289021,34.23166,1486.277,26.77353,1.332948E-03,.8494499,
,451.5,7.286256,34.23244,1486.276,26.7746,1.331986E-03,.8501222,
,452,7.282106,34.23314,1486.269,26.77573,1.330942E-03,.8507941,
,452.5,7.27562,34.23368,1486.253,26.77698,1.329757E-03,.8514654,
,453,7.271575,34.23408,1486.246,26.77786,1.328987E-03,.8521363,
,453.5,7.269847,34.23435,1486.248,26.77838,1.328611E-03,.8528067,
,454,7.267075,34.23374,1486.245,26.77827,1.328788E-03,.8534772,
,454.5,7.263724,34.23264,1486.239,26.77782,1.329272E-03,.8541478,
,455,7.259313,34.23152,1486.229,26.77753,1.329556E-03,.8548186,
,455.5,7.25457,34.23039,1486.218,26.77728,1.329777E-03,.8554895,
,456,7.248187,34.22968,1486.2,26.77765,1.329424E-03,.8561602,
,456.5,7.241199,34.22913,1486.181,26.77824,1.328859E-03,.8568309,
,457,7.229749,34.22913,1486.145,26.77986,1.327284E-03,.8575008,
,457.5,7.21606,34.22942,1486.101,26.782,1.325201E-03,.8581703,
,458,7.204616,34.23029,1486.066,26.78427,1.32303E-03,.8588381,
,458.5,7.19362,34.23127,1486.033,26.78658,1.320842E-03,.8595056,
,459,7.186892,34.2325,1486.017,26.78846,1.319059E-03,.8601712,
,459.5,7.180195,34.23371,1486.001,26.79032,1.317297E-03,.8608367,
,460,7.172288,34.23412,1485.979,26.79177,1.315985E-03,.8615008,
,460.5,7.16438,34.23452,1485.958,26.79321,1.314672E-03,.8621649,
,461,7.160657,34.23439,1485.952,26.79363,1.314269E-03,.862828,
,461.5,7.156937,34.23426,1485.945,26.79405,1.313866E-03,.8634912,
,462,7.155688,34.23386,1485.948,26.7939,1.31411E-03,.8641543,
,462.5,7.154528,34.23344,1485.952,26.79372,1.314377E-03,.8648174,
,463,7.151073,34.23317,1485.946,26.79401,1.314163E-03,.8654805,
,463.5,7.147229,34.23293,1485.939,26.79438,1.313869E-03,.8661436,
,464,7.142068,34.23349,1485.928,26.79553,1.312835E-03,.866806,
,464.5,7.136685,34.23419,1485.917,26.79682,1.311675E-03,.8674684,
,465,7.130634,34.23482,1485.902,26.79816,1.310401E-03,.8681297,
,465.5,7.124471,34.23543,1485.888,26.79952,1.309108E-03,.8687908,
,466,7.118723,34.23616,1485.875,26.80089,1.307814E-03,.8694509,
,466.5,7.113025,34.23692,1485.862,26.80226,1.30652E-03,.8701108,
,467,7.10675,34.23729,1485.846,26.80345,1.305386E-03,.8707696,
,467.5,7.100923,34.23765,1485.833,26.80454,1.304364E-03,.8714282,
,468,7.097334,34.23787,1485.827,26.80515,1.303899E-03,.8720862,
,468.5,7.093927,34.23802,1485.823,26.8057,1.30348E-03,.8727441,
,469,7.091521,34.23782,1485.821,26.80593,1.30331E-03,.8734018,
,469.5,7.089156,34.23761,1485.82,26.80615,1.30315E-03,.8740595,
,470,7.087533,34.23729,1485.822,26.80609,1.303199E-03,.8747171,
,470.5,7.08591,34.23698,1485.823,26.80603,1.303249E-03,.8753747,
,471,7.084601,34.23717,1485.827,26.80641,1.302942E-03,.8760321,
,471.5,7.083076,34.23734,1485.83,26.8068,1.302637E-03,.8766896,
,472,7.08007,34.23723,1485.826,26.80706,1.302441E-03,.8773469,
,472.5,7.078139,34.23733,1485.827,26.80738,1.302216E-03,.8780041,
,473,7.078567,34.23787,1485.838,26.8078,1.301927E-03,.878661,
,473.5,7.078119,34.23817,1485.845,26.80814,1.301701E-03,.879318,
,474,7.075346,34.23785,1485.842,26.80826,1.301638E-03,.8799749,
,474.5,7.072979,34.23767,1485.841,26.80843,1.301527E-03,.8806317,
,475,7.072032,34.23797,1485.846,26.80878,1.301245E-03,.8812884,
,475.5,7.070846,34.23819,1485.85,26.80909,.001301,.8819451,
,476,7.068116,34.23778,1485.847,26.80915,1.300994E-03,.8826016,
,476.5,7.065569,34.2375,1485.845,26.80929,1.300915E-03,.8832581,
,477,7.063738,34.2377,1485.847,26.80973,1.300555E-03,.8839144,
,477.5,7.061914,34.2379,1485.848,26.81015,1.30021E-03,.8845707,
,478,7.060109,34.23809,1485.85,26.81052,1.299913E-03,.8852267,
,478.5,7.058308,34.23819,1485.851,26.81084,1.299666E-03,.8858827,
,479,7.056518,34.23811,1485.852,26.81101,1.29955E-03,.8865384,
,479.5,7.054795,34.23783,1485.854,26.81103,1.299583E-03,.8871943,
,480,7.053384,34.2367,1485.855,26.81033,1.300298E-03,.8878505,
,480.5,7.05202,34.2356,1485.857,26.80963,1.301009E-03,.8885067,
,481,7.051077,34.23466,1485.86,26.80903,1.301687E-03,.8891636,
,481.5,7.049676,34.23369,1485.862,26.80846,1.302321E-03,.8898205,
,482,7.042881,34.2323,1485.842,26.80834,1.302433E-03,.8904777,
,482.5,7.036307,34.23109,1485.823,26.80832,1.302443E-03,.8911349,
,483,7.031162,34.23109,1485.812,26.80901,1.30179E-03,.8917919,
,483.5,7.024029,34.23096,1485.792,26.80987,1.300973E-03,.8924487,
,484,7.013243,34.23057,1485.758,26.81104,1.299856E-03,.8931049,
,484.5,7.003369,34.23073,1485.729,26.81253,1.298444E-03,.8937604,
,485,6.994462,34.23146,1485.703,26.81435,1.296721E-03,.8944153,
,485.5,6.986646,34.23194,1485.682,26.8158,1.295342E-03,.8950694,
,486,6.979761,34.23219,1485.664,26.81694,1.294259E-03,.8957229,
,486.5,6.975341,34.233,1485.656,26.81819,1.293079E-03,.8963757,
,487,6.972475,34.23416,1485.655,26.8195,1.291837E-03,.897028,
,487.5,6.968689,34.23511,1485.649,26.82079,1.290649E-03,.8976796,
,488,6.964416,34.23595,1485.642,26.82208,1.289488E-03,.8983307,
,488.5,6.962251,34.2368,1485.643,26.82301,1.288701E-03,.8989813,
,489,6.960763,34.23765,1485.647,26.82384,1.288033E-03,.8996316,
,489.5,6.959144,34.2379,1485.649,26.82425,1.287712E-03,.9002815,
,490,6.9575,34.23803,1485.651,26.82458,1.287457E-03,.9009314,
,490.5,6.954541,34.23839,1485.648,26.82527,1.286863E-03,.9015808,
,491,6.951619,34.23875,1485.646,26.82595,1.286272E-03,.9022303,
,491.5,6.94981,34.23893,1485.647,26.82638,1.285858E-03,.9028792,
,492,6.948077,34.23914,1485.649,26.82681,1.28545E-03,.9035282,
,492.5,6.947398,34.23951,1485.655,26.8272,1.285133E-03,.9041768,
,493,6.946354,34.23993,1485.66,26.82768,1.284753E-03,.9048253,
,493.5,6.943988,34.24056,1485.66,26.82846,1.284143E-03,.9054735,
,494,6.941134,34.24073,1485.657,26.82896,1.283737E-03,.9061214,
,494.5,6.937787,34.24043,1485.652,26.82916,1.283536E-03,.9067693,
,495,6.938141,34.23979,1485.661,26.82858,1.284163E-03,.9074174,
,495.5,6.93991,34.23902,1485.675,26.8277,1.285106E-03,.9080656,
,496,6.939891,34.23826,1485.683,26.82713,1.285711E-03,.9087144,
,496.5,6.939367,34.2375,1485.688,26.82665,1.286222E-03,.9093633,
,497,6.937082,34.23791,1485.688,26.82726,1.285695E-03,.9100121,
,497.5,6.934272,34.23866,1485.686,26.8282,1.28486E-03,.9106609,
,498,6.929732,34.2396,1485.678,26.82957,1.283612E-03,.9113089,
,498.5,6.9244,34.24062,1485.667,26.83115,1.282176E-03,.9119565,
,499,6.918895,34.24107,1485.655,26.83224,1.281149E-03,.9126033,
,499.5,6.913333,34.24131,1485.641,26.83319,1.280257E-03,.9132498,
,500,6.91038,34.24114,1485.638,26.83344,1.280016E-03,.9138958,
,500.5,6.90759,34.24097,1485.635,26.83366,1.279803E-03,.9145418,
,501,6.904399,34.24108,1485.631,26.83422,1.279334E-03,.9151875,
,501.5,6.900945,34.2412,1485.626,26.83481,1.278821E-03,.9158331,
,502,6.894671,34.24149,1485.611,26.83591,1.277837E-03,.9164781,
,502.5,6.888642,34.24174,1485.596,26.83694,1.276908E-03,.917123,
,503,6.885318,34.24171,1485.591,26.83734,1.276595E-03,.9177673,
,503.5,6.881828,34.24161,1485.586,26.83772,1.276282E-03,.9184116,
,504,6.877692,34.24128,1485.578,26.83805,1.275964E-03,.9190556,
,504.5,6.873301,34.24108,1485.569,26.8385,1.275525E-03,.9196995,
,505,6.86845,34.24111,1485.558,26.8392,1.274868E-03,.920343,
,505.5,6.863163,34.24094,1485.546,26.83978,1.274302E-03,.9209864,
,506,6.857568,34.24063,1485.532,26.84031,1.273802E-03,.9216294,
,506.5,6.852203,34.23993,1485.518,26.84045,1.273702E-03,.9222724,
,507,6.846927,34.23909,1485.505,26.84045,1.273755E-03,.9229152,
,507.5,6.838937,34.23771,1485.48,26.84045,1.273763E-03,.9235581,
,508,6.830119,34.23615,1485.453,26.84045,1.273756E-03,.9242011,
,508.5,6.817704,34.23362,1485.409,26.84013,1.273953E-03,.924844,
,509,6.804594,34.2309,1485.363,26.83975,1.274189E-03,.925487,
,509.5,6.790965,34.2281,1485.315,26.83941,1.27443E-03,.9261302,
,510,6.776542,34.22533,1485.263,26.83921,1.274545E-03,.9267733,
,510.5,6.751887,34.22299,1485.172,26.84072,1.272931E-03,.927416,
,511,6.726516,34.22192,1485.08,26.8433,1.270297E-03,.9280577,
,511.5,6.699273,34.22415,1484.985,26.8487,1.264997E-03,.9286972,
,512,6.66581,34.22778,1484.867,26.85603,1.257805E-03,.9293334,
,512.5,6.624691,34.23313,1484.721,26.86572,1.248284E-03,.9299659,
,513,6.588943,34.23874,1484.596,26.8749,1.239325E-03,.9305936,
,513.5,6.557649,34.24456,1484.489,26.88363,1.230833E-03,.9312173,
,514,6.535413,34.24794,1484.414,26.88925,1.225361E-03,.9318373,
,514.5,6.518442,34.24991,1484.359,26.89305,1.221646E-03,.9324551,
,515,6.503918,34.25021,1484.31,26.89521,1.219522E-03,.9330713,
,515.5,6.490571,34.24971,1484.266,26.89658,1.218161E-03,.9336866,
,516,6.474483,34.24967,1484.211,26.89868,1.216106E-03,.9343006,
,516.5,6.458028,34.24979,1484.154,26.90095,1.213881E-03,.9349142,
,517,6.441339,34.25075,1484.098,26.90391,1.21096E-03,.9355257,
,517.5,6.426239,34.25165,1484.048,26.90662,1.208293E-03,.9361365,
,518,6.415868,34.25241,1484.017,26.90857,1.206382E-03,.9367458,
,518.5,6.406621,34.25276,1483.989,26.91005,1.204943E-03,.9373544,
,519,6.398822,34.25259,1483.966,26.91093,1.204112E-03,.9379625,
,519.5,6.392481,34.25285,1483.95,26.91196,1.203136E-03,.93857,
,520,6.387705,34.25354,1483.94,26.91315,1.202003E-03,.939177,
,520.5,6.382667,34.2539,1483.929,26.91409,1.201141E-03,.9397835,
,521,6.377405,34.25397,1483.917,26.91482,1.20051E-03,.9403897,
,521.5,6.375074,34.25432,1483.917,26.9154,1.20002E-03,.9409955,
,522,6.374007,34.2548,1483.921,26.91591,1.19959E-03,.9416012,
,522.5,6.371303,34.25476,1483.919,26.91622,1.199355E-03,.9422066,
,523,6.368184,34.25459,1483.915,26.91647,1.19917E-03,.9428119,
,523.5,6.365825,34.2547,1483.914,26.91688,1.198789E-03,.943417,
,524,6.363578,34.25485,1483.913,26.91731,1.19838E-03,.944022,
,524.5,6.360691,34.25455,1483.91,26.91747,1.198273E-03,.9446269,
,525,6.357713,34.25419,1483.906,26.91759,1.19821E-03,.9452317,
,525.5,6.353709,34.25391,1483.898,26.91788,1.197985E-03,.9458364,
,526,6.349583,34.25363,1483.89,26.9182,1.197742E-03,.9464411,
,526.5,6.344304,34.25352,1483.877,26.91882,1.197087E-03,.9470454,
,527,6.338819,34.25352,1483.864,26.91954,1.196368E-03,.9476495,
,527.5,6.332834,34.25383,1483.849,26.92053,1.195498E-03,.9482531,
,528,6.327464,34.25362,1483.836,26.92105,1.195026E-03,.9488565,
,528.5,6.32271,34.2529,1483.825,26.92113,1.194954E-03,.9494597,
,529,6.320701,34.25214,1483.824,26.92075,1.195356E-03,.950063,
,529.5,6.319225,34.25143,1483.826,26.92033,1.195814E-03,.9506664,
,530,6.314903,34.25137,1483.817,26.92084,1.195318E-03,.9512698,
,530.5,6.309808,34.25162,1483.805,26.92172,1.194483E-03,.9518729,
,531,6.301462,34.25324,1483.783,26.92411,1.192223E-03,.952475,
,531.5,6.293666,34.25491,1483.762,26.92646,.00119,.9530764,
,532,6.287141,34.25671,1483.747,26.92872,1.187864E-03,.9536765,
,532.5,6.281571,34.25842,1483.736,26.93077,1.185917E-03,.9542757,
,533,6.277376,34.26,1483.729,26.93254,1.184243E-03,.9548739,
,533.5,6.272783,34.261,1483.721,26.93391,1.182984E-03,.9554714,
,534,6.267859,34.26151,1483.71,26.93494,1.182069E-03,.9560684,
,534.5,6.264921,34.2611,1483.707,26.93504,1.182033E-03,.9566652,
,535,6.262572,34.26043,1483.705,26.93485,1.182258E-03,.9572618,
,535.5,6.261793,34.26004,1483.71,26.93462,1.182532E-03,.9578587,
,536,6.261478,34.25972,1483.716,26.93438,1.182821E-03,.9584556,
,536.5,6.253998,34.25967,1483.695,26.93534,1.181875E-03,.9590522,
,537,6.244862,34.25968,1483.667,26.93657,1.180645E-03,.9596486,
,537.5,6.235935,34.2599,1483.64,26.9379,1.179368E-03,.9602441,
,538,6.227082,34.2602,1483.614,26.93926,1.178076E-03,.9608393,
,538.5,6.218771,34.25867,1483.588,26.9391,1.178228E-03,.9614341,
,539,6.210224,34.2569,1483.56,26.93877,1.178522E-03,.9620289,
,539.5,6.197503,34.25576,1483.516,26.93951,1.177693E-03,.9626235,
,540,6.183852,34.25508,1483.47,26.94074,1.176405E-03,.9632176,
,540.5,6.167462,34.25575,1483.414,26.94342,1.173764E-03,.9638104,
,541,6.151085,34.25689,1483.359,26.94644,1.170803E-03,.9644025,
,541.5,6.134761,34.25989,1483.306,26.95088,1.166556E-03,.9649919,
,542,6.119132,34.26278,1483.256,26.95515,1.162446E-03,.9655804,
,542.5,6.106013,34.26525,1483.216,26.95884,1.158835E-03,.9661659,
,543,6.096229,34.26757,1483.188,26.96193,1.155861E-03,.9667504,
,543.5,6.091525,34.26963,1483.18,26.96411,1.15386E-03,.9673335,
,544,6.086807,34.27013,1483.171,26.96508,1.152906E-03,.9679158,
,544.5,6.082546,34.27011,1483.162,26.96559,1.152378E-03,.9684976,
,545,6.079662,34.2703,1483.159,26.96615,1.151925E-03,.9690792,
,545.5,6.074337,34.27005,1483.146,26.96661,1.151504E-03,.9696606,
,546,6.068696,34.26935,1483.131,26.9668,1.151429E-03,.9702419,
,546.5,6.069409,34.26887,1483.142,26.96626,1.151828E-03,.9708232,
