,0,20.73978,33.46379,1521.846,23.39612,4.477996E-03,0,
,.5,20.73978,33.46379,1521.846,23.39612,4.477996E-03,0,
,1,20.73978,33.46379,1521.846,23.39612,4.477996E-03,0,
,1.5,20.73978,33.46379,1521.846,23.39612,4.477996E-03,0,
,2,20.73978,33.46379,1521.846,23.39612,4.477996E-03,0,
,2.5,20.73978,33.46379,1521.846,23.39612,4.477996E-03,0,
,3,20.73978,33.46379,1521.846,23.39612,4.477996E-03,0,
,3.5,20.73978,33.46379,1521.846,23.39612,4.477996E-03,0,
,4,20.70069,33.45473,1521.732,23.39963,4.474703E-03,1.802992E-02,
,4.5,20.54432,33.42949,1521.284,23.42195,4.453538E-03,2.027279E-02,
,5,20.37282,33.40569,1520.795,23.44934,4.427526E-03,2.251148E-02,
,5.5,19.85579,33.38144,1519.33,23.56491,4.317346E-03,2.468307E-02,
,6,19.28944,33.35714,1517.725,23.69306,4.195154E-03,2.684508E-02,
,6.5,18.46515,33.32592,1515.315,23.87416,4.02254E-03,.0288923,
,7,17.56237,33.29261,1512.66,24.07137,3.834583E-03,.0309046,
,7.5,16.83954,33.23147,1510.431,24.19558,3.716151E-03,3.280319E-02,
,8,16.33144,33.1936,1508.848,24.28387,3.632044E-03,3.464977E-02,
,8.5,15.84816,33.19535,1507.362,24.39423,3.526967E-03,3.644679E-02,
,9,15.38031,33.20394,1505.923,24.50533,3.421227E-03,3.820143E-02,
,9.5,15.20934,33.21899,1505.41,24.55437,3.374686E-03,3.991186E-02,
,10,15.10431,33.21715,1505.084,24.57584,3.354336E-03,.041605,
,10.5,15.02014,33.2256,1504.836,24.60064,3.330855E-03,4.328691E-02,
,11,14.94542,33.23223,1504.614,24.6219,3.310714E-03,4.495637E-02,
,11.5,14.87553,33.23793,1504.407,24.64136,3.292275E-03,4.661949E-02,
,12,14.81345,33.24356,1504.224,24.65906,3.275551E-03,4.827244E-02,
,12.5,14.75674,33.24915,1504.058,24.67556,3.260006E-03,4.991839E-02,
,13,14.68674,33.24634,1503.839,24.68835,3.247927E-03,.0515568,
,13.5,14.60256,33.23998,1503.57,24.70136,3.235611E-03,5.318937E-02,
,14,14.46572,33.24019,1503.138,24.7305,3.207987E-03,5.480836E-02,
,14.5,14.32157,33.23963,1502.681,24.76044,3.179565E-03,.0564153,
,15,14.16914,33.23819,1502.194,24.79128,3.150238E-03,5.800858E-02,
,15.5,14.05993,33.2407,1501.851,24.81604,3.126759E-03,5.959017E-02,
,16,13.98784,33.2466,1501.631,24.83557,3.108302E-03,6.116171E-02,
,16.5,13.90557,33.24931,1501.375,24.85462,3.090302E-03,6.271978E-02,
,17,13.82218,33.25217,1501.114,24.87397,3.071999E-03,6.427084E-02,
,17.5,13.73825,33.25577,1500.851,24.89395,3.053084E-03,6.581126E-02,
,18,13.64542,33.26009,1500.56,24.91625,3.031972E-03,6.734428E-02,
,18.5,13.53718,33.26566,1500.218,24.94255,3.007052E-03,6.886446E-02,
,19,13.42004,33.26868,1499.843,24.96858,2.982368E-03,7.037219E-02,
,19.5,13.3,33.27049,1499.456,24.99413,2.958122E-03,7.186816E-02,
,20,13.18474,33.27269,1499.084,25.01886,2.934652E-03,7.335155E-02,
,20.5,13.07761,33.27591,1498.739,25.04261,2.912142E-03,7.482006E-02,
,21,12.97348,33.2795,1498.404,25.066,2.889984E-03,7.628308E-02,
,21.5,12.87222,33.28258,1498.077,25.08831,2.868868E-03,7.773084E-02,
,22,12.77206,33.28546,1497.753,25.1102,2.848153E-03,7.917272E-02,
,22.5,12.71937,33.28681,1497.585,25.12158,2.83739E-03,8.060369E-02,
,23,12.67476,33.28766,1497.444,25.13095,2.828543E-03,8.203051E-02,
,23.5,12.61901,33.28788,1497.265,25.14186,2.818269E-03,8.345061E-02,
,24,12.55352,33.28941,1497.054,25.15568,2.80521E-03,8.486611E-02,
,24.5,12.46366,33.29422,1496.764,25.17677,2.785187E-03,8.627013E-02,
,25,12.37458,33.29882,1496.475,25.19752,2.765495E-03,8.767264E-02,
,25.5,12.29521,33.30063,1496.216,25.21404,2.749921E-03,8.905645E-02,
,26,12.21585,33.30245,1495.956,25.23056,2.734346E-03,9.044027E-02,
,26.5,12.17173,33.30273,1495.814,25.23914,2.726286E-03,.0918146,
,27,12.13865,33.30253,1495.71,25.24523,2.720579E-03,9.318595E-02,
,27.5,12.08922,33.30212,1495.548,25.25424,2.712092E-03,9.455304E-02,
,28,12.01493,33.30141,1495.301,25.2677,2.699374E-03,9.591361E-02,
,28.5,11.94179,33.30091,1495.058,25.28111,2.686709E-03,9.727298E-02,
,29,11.88114,33.30287,1494.86,25.29393,2.67461E-03,9.861929E-02,
,29.5,11.82048,33.30483,1494.663,25.30675,2.66251E-03,9.996559E-02,
,30,11.78623,33.30694,1494.555,25.31475,2.654993E-03,.1013032,
,30.5,11.75749,33.30908,1494.467,25.32175,2.64843E-03,.102639,
,31,11.72974,33.31066,1494.382,25.32812,2.642457E-03,.1039703,
,31.5,11.70256,33.31192,1494.298,25.33413,2.63683E-03,.105299,
,32,11.67316,33.31376,1494.207,25.34099,2.630383E-03,.1066262,
,32.5,11.62859,33.31956,1494.068,25.35373,2.618348E-03,.1079434,
,33,11.58403,33.32536,1493.928,25.36646,2.606312E-03,.1092606,
,33.5,11.51612,33.33064,1493.707,25.383,2.590645E-03,.1105676,
,34,11.42678,33.33542,1493.411,25.40302,2.571645E-03,.1118653,
,34.5,11.34285,33.34015,1493.133,25.42201,2.553632E-03,.1131617,
,35,11.31893,33.34422,1493.063,25.4295,2.546595E-03,.1144436,
,35.5,11.29501,33.34829,1492.993,25.437,2.539558E-03,.1157256,
,36,11.2805,33.34886,1492.951,25.44007,2.536769E-03,.1170036,
,36.5,11.26854,33.34848,1492.917,25.44195,2.535134E-03,.1182806,
,37,11.25958,33.3489,1492.895,25.44389,2.533406E-03,.1195565,
,37.5,11.25288,33.34991,1492.881,25.44589,2.531608E-03,.1208317,
,38,11.24867,33.35098,1492.876,25.44746,2.530187E-03,.122106,
,38.5,11.24644,33.35209,1492.878,25.4487,2.529066E-03,.1233798,
,39,11.24303,33.35317,1492.875,25.45016,2.527829E-03,.1246527,
,39.5,11.23923,33.35426,1492.872,25.45172,2.526538E-03,.1259254,
,40,11.23289,33.35568,1492.859,25.45401,2.524404E-03,.1271965,
,40.5,11.2262,33.35711,1492.846,25.45637,2.522223E-03,.1284674,
,41,11.21352,33.35854,1492.812,25.4597,2.519235E-03,.1297361,
,41.5,11.19667,33.36052,1492.764,25.46422,2.515068E-03,.1310037,
,42,11.16808,33.36403,1492.676,25.4721,2.507572E-03,.1322684,
,42.5,11.12587,33.36812,1492.541,25.48288,2.497437E-03,.1335274,
,43,11.08805,33.37215,1492.422,25.49282,2.488106E-03,.134783,
,43.5,11.06352,33.37583,1492.349,25.50009,2.481251E-03,.136034,
,44,11.04692,33.37868,1492.302,25.50525,2.476402E-03,.1372823,
,44.5,11.03545,33.381,1492.273,25.50904,2.472852E-03,.1385288,
,45,11.02764,33.38228,1492.255,25.51142,2.47077E-03,.1397729,
,45.5,11.02011,33.38353,1492.239,25.51372,2.468747E-03,.1410169,
,46,11.01503,33.38451,1492.23,25.51539,2.467245E-03,.1422591,
,46.5,11.00995,33.38549,1492.222,25.51707,2.465744E-03,.1435014,
,47,11.00729,33.38639,1492.222,25.51825,2.464714E-03,.1447426,
,47.5,11.00538,33.38728,1492.224,25.51927,2.463829E-03,.1459834,
,48,11.00335,33.38796,1492.226,25.52017,2.463067E-03,.1472239,
,48.5,11.00121,33.38845,1492.228,25.52094,2.462424E-03,.1484639,
,49,10.99817,33.38902,1492.226,25.52193,2.46158E-03,.1497036,
,49.5,10.99308,33.38979,1492.217,25.52345,2.46026E-03,.1509424,
,50,10.98798,33.39055,1492.209,25.52497,2.458941E-03,.1521812,
,50.5,10.976,33.39123,1492.176,25.52761,2.456554E-03,.153418,
,51,10.96142,33.39187,1492.133,25.53067,2.453763E-03,.154654,
,51.5,10.94683,33.39251,1492.091,25.53372,2.450973E-03,.15589,
,52,10.93097,33.39234,1492.043,25.53641,2.448499E-03,.1571227,
,52.5,10.915,33.39211,1491.995,25.53906,2.446049E-03,.1583551,
,53,10.89654,33.39165,1491.938,25.542,2.443325E-03,.1595865,
,53.5,10.87259,33.39073,1491.861,25.54555,2.439994E-03,.1608156,
,54,10.84028,33.39014,1491.754,25.55081,2.435036E-03,.1620431,
,54.5,10.76982,33.39106,1491.515,25.56389,2.422649E-03,.1632638,
,55,10.70123,33.39201,1491.281,25.57667,2.410563E-03,.1644836,
,55.5,10.65397,33.39321,1491.124,25.58585,2.401924E-03,.1656929,
,56,10.60671,33.39441,1490.966,25.59504,2.393286E-03,.1669021,
,56.5,10.58439,33.39596,1490.897,25.60012,2.388541E-03,.1681055,
,57,10.5675,33.39759,1490.847,25.60432,2.384645E-03,.1693076,
,57.5,10.55242,33.39911,1490.803,25.60812,2.381095E-03,.1705075,
,58,10.53897,33.40054,1490.766,25.61156,2.377862E-03,.1717053,
,58.5,10.52547,33.40204,1490.728,25.61508,2.374558E-03,.172903,
,59,10.51042,33.40568,1490.687,25.62054,.0023695,.1740956,
,59.5,10.49538,33.40931,1490.646,25.62599,2.364441E-03,.1752882,
,60,10.4801,33.41349,1490.605,25.63188,2.358951E-03,.1764773,
,60.5,10.46461,33.41818,1490.564,25.63819,2.353046E-03,.1776631,
,61,10.44923,33.42283,1490.523,25.64445,2.347187E-03,.1788482,
,61.5,10.43481,33.42715,1490.485,25.65032,2.341688E-03,.1800271,
,62,10.4204,33.43147,1490.447,25.65619,2.336189E-03,.1812059,
,62.5,10.40854,33.43462,1490.417,25.66067,2.332041E-03,.182381,
,63,10.39801,33.43715,1490.391,25.66442,2.328594E-03,.1835542,
,63.5,10.38747,33.43969,1490.365,25.66818,2.325146E-03,.1847274,
,64,10.38395,33.4415,1490.362,25.67022,2.323284E-03,.185897,
,64.5,10.38048,33.4433,1490.361,25.67225,2.321434E-03,.1870665,
,65,10.37709,33.44501,1490.359,25.67418,2.319676E-03,.1882356,
,65.5,10.37399,33.44637,1490.358,25.67575,2.318251E-03,.1894029,
,66,10.37089,33.44773,1490.357,25.67733,2.316826E-03,.1905703,
,66.5,10.36728,33.44952,1490.354,25.67936,2.315002E-03,.1917364,
,67,10.36317,33.45174,1490.35,25.68181,2.312796E-03,.1929013,
,67.5,10.35906,33.45396,1490.347,25.68427,2.31059E-03,.1940662,
,68,10.35517,33.45626,1490.344,25.68673,2.308342E-03,.1952285,
,68.5,10.35129,33.45856,1490.341,25.68919,2.306092E-03,.1963907,
,69,10.34925,33.4605,1490.344,25.69104,2.304417E-03,.1975516,
,69.5,10.34846,33.46219,1490.352,25.69248,2.303135E-03,.1987117,
,70,10.34788,33.46379,1490.36,25.69381,2.301956E-03,.1998716,
,70.5,10.34862,33.46476,1490.372,25.69445,2.301464E-03,.2010305,
,71,10.34936,33.46572,1490.384,25.6951,2.300972E-03,.2021895,
,71.5,10.35005,33.46671,1490.396,25.69575,2.300451E-03,.2033481,
,72,10.35068,33.46772,1490.408,25.69642,2.299898E-03,.2045064,
,72.5,10.35132,33.46872,1490.42,25.69708,2.299345E-03,.2056646,
,73,10.35406,33.46988,1490.439,25.69752,2.299065E-03,.2068224,
,73.5,10.357,33.47105,1490.459,25.69793,2.29881E-03,.2079802,
,74,10.36005,33.47222,1490.48,25.69833,2.298563E-03,.2091378,
,74.5,10.3632,33.47337,1490.501,25.69871,2.298324E-03,.2102952,
,75,10.36634,33.47453,1490.522,25.6991,2.298083E-03,.2114527,
,75.5,10.36734,33.47563,1490.535,25.6998,2.297497E-03,.2126096,
,76,10.36833,33.47674,1490.548,25.7005,2.296911E-03,.2137666,
,76.5,10.3699,33.47802,1490.564,25.70122,2.296321E-03,.2149232,
,77,10.37239,33.47956,1490.583,25.70198,2.295726E-03,.2160794,
,77.5,10.37487,33.48112,1490.602,25.70273,2.295129E-03,.2172355,
,78,10.37826,33.48429,1490.626,25.70461,2.293442E-03,.2183904,
,78.5,10.38188,33.48785,1490.652,25.70675,2.291493E-03,.2195451,
,79,10.38796,33.49176,1490.686,25.70875,2.289711E-03,.2206988,
,79.5,10.39756,33.49615,1490.734,25.71053,2.288167E-03,.2218514,
,80,10.40656,33.50074,1490.78,25.71256,2.286357E-03,.2230035,
,80.5,10.41345,33.50603,1490.82,25.7155,2.283612E-03,.2241538,
,81,10.41923,33.51113,1490.855,25.71847,2.280851E-03,.2253037,
,81.5,10.41843,33.51503,1490.865,25.72164,2.277989E-03,.2264509,
,82,10.41763,33.51894,1490.875,25.7248,2.275127E-03,.2275982,
,82.5,10.41221,33.52272,1490.869,25.7287,2.271514E-03,.228742,
,83,10.40608,33.52648,1490.859,25.73271,2.267785E-03,.2298853,
,83.5,10.39926,33.52984,1490.848,25.73653,2.264262E-03,.2310268,
,84,10.39141,33.5326,1490.831,25.74005,2.261044E-03,.2321658,
,84.5,10.38356,33.53537,1490.815,25.74358,2.257826E-03,.2333048,
,85,10.37726,33.53704,1490.803,25.74593,2.255695E-03,.2344408,
,85.5,10.37104,33.53865,1490.791,25.74821,2.253626E-03,.2355767,
,86,10.36713,33.53955,1490.786,25.7496,2.252396E-03,.2367113,
,86.5,10.36399,33.54021,1490.784,25.75069,2.251447E-03,.2378455,
,87,10.36117,33.54073,1490.783,25.75159,2.25067E-03,.2389793,
,87.5,10.35882,33.54103,1490.783,25.75223,2.25015E-03,.2401126,
,88,10.35648,33.54132,1490.783,25.75286,2.249629E-03,.2412459,
,88.5,10.3555,33.54157,1490.788,25.75322,2.249381E-03,.2423787,
,89,10.35467,33.54181,1490.794,25.75355,2.249164E-03,.2435116,
,89.5,10.35457,33.54217,1490.802,25.75383,2.249003E-03,.2446443,
,90,10.35485,33.5426,1490.812,25.75409,2.248871E-03,.245777,
,90.5,10.35303,33.54336,1490.815,25.755,2.248073E-03,.2469092,
,91,10.35051,33.54424,1490.815,25.75613,2.247051E-03,.2480413,
,91.5,10.34458,33.54529,1490.804,25.75797,2.245408E-03,.2491723,
,92,10.33834,33.54636,1490.791,25.75987,2.243706E-03,.2503031,
,92.5,10.33514,33.54713,1490.789,25.76105,2.242678E-03,.2514326,
,93,10.33219,33.54788,1490.787,25.76217,2.241703E-03,.252562,
,93.5,10.32936,33.5485,1490.786,25.76313,2.240903E-03,.2536908,
,94,10.32661,33.54903,1490.786,25.76401,2.240201E-03,.2548192,
,94.5,10.32384,33.54966,1490.785,25.76495,2.239433E-03,.2559474,
,95,10.321,33.55085,1490.784,25.76635,2.238225E-03,.2570746,
,95.5,10.31816,33.55205,1490.784,25.76775,2.237017E-03,.2582018,
,96,10.31309,33.55367,1490.776,25.76988,2.235079E-03,.2593277,
,96.5,10.30593,33.55569,1490.761,25.77268,2.232454E-03,.2604525,
,97,10.29871,33.55772,1490.746,25.77552,2.229806E-03,.261577,
,97.5,10.2906,33.56003,1490.728,25.77872,2.226862E-03,.2626986,
,98,10.28249,33.56233,1490.71,25.78192,2.223919E-03,.2638201,
,98.5,10.2767,33.56491,1490.701,25.7849,2.22119E-03,.264939,
,99,10.27127,33.56754,1490.693,25.78785,2.218495E-03,.2660576,
,99.5,10.257,33.57047,1490.654,25.79259,2.214054E-03,.267173,
,100,10.24146,33.57345,1490.61,25.7976,2.20935E-03,.268288,
,100.5,10.22374,33.57759,1490.56,25.80382,2.203541E-03,.2693977,
,101,10.20601,33.58172,1490.51,25.81004,2.197731E-03,.2705074,
,101.5,10.18269,33.58555,1490.439,25.81703,2.19114E-03,.271611,
,102,10.15861,33.58934,1490.365,25.82413,2.184442E-03,.2727138,
,102.5,10.13775,33.5934,1490.304,25.83083,2.178149E-03,.2738129,
