,0,20.39481,33.44117,1520.821,23.47064,4.405759E-03,0,
,.5,20.39481,33.44117,1520.821,23.47064,4.405759E-03,0,
,1,20.34385,33.44072,1520.688,23.48376,4.393355E-03,4.431612E-03,
,1.5,20.25407,33.44357,1520.451,23.50958,4.368896E-03,6.636745E-03,
,2,20.17998,33.44313,1520.254,23.52878,4.350735E-03,8.83095E-03,
,2.5,20.15041,33.43983,1520.177,23.53403,4.345858E-03,1.101936E-02,
,3,20.12324,33.43611,1520.106,23.53829,4.34196E-03,1.320566E-02,
,3.5,20.0925,33.43521,1520.028,23.54565,4.335121E-03,1.538962E-02,
,4,20.0736,33.43624,1519.985,23.55139,4.329788E-03,1.756973E-02,
,4.5,20.05899,33.43717,1519.954,23.55591,4.325606E-03,1.974822E-02,
,5,20.0488,33.43758,1519.935,23.55887,4.322922E-03,2.192494E-02,
,5.5,20.04054,33.43777,1519.92,23.56118,4.320932E-03,2.410004E-02,
,6,20.03053,33.4378,1519.901,23.56381,4.318591E-03,2.627436E-02,
,6.5,20.01546,33.43752,1519.867,23.56754,4.315188E-03,2.844721E-02,
,7,19.99055,33.43678,1519.805,23.5735,4.309722E-03,3.061781E-02,
,7.5,19.94933,33.43489,1519.697,23.58279,4.300987E-03,3.278403E-02,
,8,19.86783,33.43528,1519.478,23.60427,4.280603E-03,3.494311E-02,
,8.5,19.72501,33.43696,1519.089,23.64258,4.244179E-03,3.708879E-02,
,9,19.49916,33.43623,1518.462,23.7003,4.189278E-03,3.921145E-02,
,9.5,19.25092,33.434,1517.765,23.76208,4.130526E-03,4.130597E-02,
,10,19.03514,33.42746,1517.152,23.81181,4.083157E-03,4.337096E-02,
,10.5,18.83734,33.42095,1516.587,23.85669,4.040428E-03,4.541487E-02,
,11,18.64398,33.41665,1516.034,23.90188,3.997496E-03,4.744047E-02,
,11.5,18.35821,33.40801,1515.205,23.96621,3.93625E-03,4.943817E-02,
,12,18.07175,33.39952,1514.368,24.03008,3.875493E-03,5.140407E-02,
,12.5,17.74528,33.38666,1513.4,24.09942,3.809466E-03,5.333322E-02,
,13,17.32534,33.37348,1512.144,24.18982,3.723362E-03,5.522989E-02,
,13.5,16.811,33.36262,1510.594,24.30274,3.615814E-03,.0570785,
,14,16.32338,33.3564,1509.109,24.41053,3.513154E-03,5.887178E-02,
,14.5,15.88244,33.34175,1507.739,24.49928,3.428673E-03,6.061675E-02,
,15,15.53831,33.32265,1506.656,24.56182,3.369158E-03,6.233273E-02,
,15.5,15.36799,33.3008,1506.105,24.58267,3.349377E-03,6.402513E-02,
,16,15.11714,33.27709,1505.294,24.61923,3.314634E-03,6.570066E-02,
,16.5,14.86027,33.27408,1504.483,24.67247,3.264011E-03,6.735438E-02,
,17,14.61436,33.27897,1503.711,24.72886,3.210389E-03,6.898335E-02,
,17.5,14.39215,33.28412,1503.011,24.77995,3.161806E-03,7.059156E-02,
,18,14.28078,33.28551,1502.661,24.80441,3.138575E-03,7.217488E-02,
,18.5,14.17939,33.2836,1502.339,24.8242,3.119841E-03,7.375164E-02,
,19,14.09723,33.27892,1502.075,24.83778,3.107064E-03,7.531965E-02,
,19.5,14.04553,33.27774,1501.914,24.84762,3.097794E-03,.0768817,
,20,14.00092,33.27979,1501.78,24.85847,3.087615E-03,7.843798E-02,
,20.5,13.93587,33.28258,1501.579,24.87411,3.072825E-03,7.998778E-02,
,21,13.8629,33.28562,1501.353,24.89153,3.056317E-03,8.153164E-02,
,21.5,13.79644,33.28832,1501.147,24.90722,3.041463E-03,8.306733E-02,
,22,13.70016,33.29066,1500.842,24.92879,3.02111E-03,.0845927,
,22.5,13.59551,33.29347,1500.51,24.95226,2.998797E-03,8.610645E-02,
,23,13.48106,33.29731,1500.145,24.97841,2.973942E-03,.0876108,
,23.5,13.36475,33.30169,1499.774,25.00525,2.948521E-03,8.910127E-02,
,24,13.26236,33.30515,1499.447,25.02849,2.926563E-03,9.058139E-02,
,24.5,13.17254,33.30817,1499.161,25.04876,2.907268E-03,9.204914E-02,
,25,13.09048,33.31152,1498.9,25.06771,2.889384E-03,9.350856E-02,
,25.5,13.03449,33.31423,1498.724,25.08091,2.876944E-03,9.495986E-02,
,26,12.99792,33.31692,1498.614,25.09023,2.868149E-03,9.640577E-02,
,26.5,12.96947,33.31996,1498.53,25.09821,2.860627E-03,9.784867E-02,
,27,12.94388,33.3238,1498.458,25.1062,2.853212E-03,9.928569E-02,
,27.5,12.91735,33.32785,1498.382,25.11454,2.84542E-03,.1007209,
,28,12.88824,33.33253,1498.298,25.12389,2.836585E-03,.1021511,
,28.5,12.86167,33.33695,1498.223,25.13256,2.828458E-03,.103577,
,29,12.8359,33.34095,1498.149,25.14074,2.820815E-03,.1049997,
,29.5,12.80708,33.34414,1498.065,25.1488,2.813227E-03,.1064181,
,30,12.7679,33.34723,1497.945,25.15886,2.803694E-03,.1078316,
,30.5,12.72702,33.35016,1497.819,25.16919,2.794037E-03,.1092414,
,31,12.66962,33.35432,1497.639,25.18365,2.78037E-03,.110644,
,31.5,12.61848,33.35774,1497.479,25.19621,2.768487E-03,.1120398,
,32,12.56929,33.36068,1497.325,25.20798,2.757367E-03,.1134318,
,32.5,12.52107,33.36275,1497.173,25.21889,2.747162E-03,.1148179,
,33,12.48511,33.36388,1497.061,25.22671,2.739716E-03,.1161992,
,33.5,12.46671,33.36501,1497.008,25.23113,2.735602E-03,.1175775,
,34,12.44933,33.36667,1496.959,25.23576,2.73136E-03,.1189535,
,34.5,12.43188,33.36915,1496.911,25.24103,2.726461E-03,.1203273,
,35,12.41204,33.37206,1496.856,25.2471,2.720759E-03,.1216988,
,35.5,12.38412,33.37443,1496.773,25.25431,2.713982E-03,.1230671,
,36,12.35559,33.37691,1496.687,25.26172,2.70708E-03,.1244313,
,36.5,12.3155,33.37928,1496.562,25.27119,2.698183E-03,.125792,
,37,12.25354,33.38287,1496.363,25.28575,2.68442E-03,.1271473,
,37.5,12.15309,33.39129,1496.039,25.31142,2.660085E-03,.1284938,
,38,12.02671,33.39944,1495.625,25.3416,2.631382E-03,.1298242,
,38.5,11.92959,33.40642,1495.309,25.36524,2.608959E-03,.1311433,
,39,11.86231,33.40902,1495.089,25.37987,2.595128E-03,.1324534,
,39.5,11.81215,33.40787,1494.923,25.3884,2.587083E-03,.1337589,
,40,11.77029,33.40688,1494.786,25.39543,2.580472E-03,.1350592,
,40.5,11.72593,33.40659,1494.641,25.40343,2.57293E-03,.1363564,
,41,11.68142,33.40718,1494.496,25.41212,2.564755E-03,.1376504,
,41.5,11.64697,33.40983,1494.389,25.42049,2.556951E-03,.1389398,
,42,11.61757,33.41199,1494.298,25.42762,2.550274E-03,.1402253,
,42.5,11.59569,33.41442,1494.234,25.43354,2.544719E-03,.141508,
,43,11.57922,33.4169,1494.188,25.43848,2.540095E-03,.1427883,
,43.5,11.56079,33.41809,1494.134,25.44285,2.53602E-03,.1440663,
,44,11.55152,33.42004,1494.112,25.44608,2.53303E-03,.1453424,
,44.5,11.54388,33.42136,1494.096,25.44845,2.530894E-03,.1466172,
,45,11.53711,33.4222,1494.081,25.45027,2.529318E-03,.1478913,
,45.5,11.53348,33.42339,1494.079,25.45188,2.527944E-03,.1491644,
,46,11.52892,33.42413,1494.072,25.45329,2.526699E-03,.150437,
,46.5,11.52525,33.42488,1494.068,25.45455,2.525586E-03,.1517089,
,47,11.52291,33.42571,1494.069,25.45563,2.524648E-03,.1529804,
,47.5,11.52073,33.4264,1494.071,25.45657,2.523848E-03,.1542514,
,48,11.51877,33.42736,1494.074,25.45776,2.522891E-03,.155522,
,48.5,11.51564,33.42825,1494.072,25.45901,2.521785E-03,.156792,
,49,11.5126,33.42917,1494.071,25.46028,2.520696E-03,.1580614,
,49.5,11.50943,33.43012,1494.07,25.4616,2.519576E-03,.1593305,
,50,11.50336,33.43105,1494.058,25.46336,2.517888E-03,.1605986,
,50.5,11.49566,33.43242,1494.041,25.46581,2.515648E-03,.1618657,
,51,11.48591,33.43396,1494.017,25.46881,2.512945E-03,.1631319,
,51.5,11.47088,33.43523,1493.975,25.47257,2.509517E-03,.1643963,
,52,11.46067,33.43633,1493.949,25.4753,2.507075E-03,.1656593,
,52.5,11.45361,33.43716,1493.934,25.47725,2.50533E-03,.1669214,
,53,11.4474,33.43763,1493.921,25.47878,2.50388E-03,.1681826,
,53.5,11.43818,33.43866,1493.899,25.48121,2.501727E-03,.1694427,
,54,11.42262,33.44124,1493.856,25.4861,2.497235E-03,.1707009,
,54.5,11.39863,33.44464,1493.785,25.49312,2.490656E-03,.1719568,
,55,11.36226,33.44862,1493.671,25.50274,2.481503E-03,.1732094,
,55.5,11.33379,33.45187,1493.585,25.51049,2.474222E-03,.1744567,
,56,11.31615,33.45302,1493.533,25.51464,2.470356E-03,.1757016,
,56.5,11.30363,33.45333,1493.498,25.51713,2.468067E-03,.176945,
,57,11.29171,33.4538,1493.465,25.5196,2.465803E-03,.1781872,
,57.5,11.27672,33.45538,1493.423,25.52354,2.462149E-03,.1794281,
,58,11.26404,33.45732,1493.389,25.52735,2.458609E-03,.1806669,
,58.5,11.25678,33.45863,1493.374,25.52969,2.45652E-03,.1819043,
,59,11.25238,33.45944,1493.368,25.53114,2.455299E-03,.1831411,
,59.5,11.25032,33.45974,1493.369,25.53178,2.454858E-03,.1843774,
,60,11.24888,33.4601,1493.373,25.53224,2.454496E-03,.1856134,
,60.5,11.2475,33.46064,1493.377,25.53292,2.453979E-03,.1868492,
,61,11.2461,33.46135,1493.381,25.53376,2.453304E-03,.1880848,
,61.5,11.24462,33.46231,1493.385,25.53481,2.452369E-03,.1893199,
,62,11.24224,33.46322,1493.387,25.5359,2.451398E-03,.1905545,
,62.5,11.24011,33.46404,1493.388,25.5369,2.450552E-03,.1917888,
,63,11.23888,33.46471,1493.393,25.53769,2.449957E-03,.1930227,
,63.5,11.23852,33.46498,1493.401,25.53789,2.449838E-03,.1942564,
,64,11.23832,33.46519,1493.408,25.53807,2.449741E-03,.19549,
,64.5,11.23808,33.46544,1493.416,25.53835,2.449575E-03,.1967235,
,65,11.23754,33.46584,1493.423,25.5389,2.449217E-03,.197957,
,65.5,11.23611,33.46673,1493.427,25.53984,2.448405E-03,.1991901,
,66,11.23399,33.46752,1493.429,25.54078,2.447594E-03,.2004228,
,66.5,11.23189,33.46828,1493.431,25.54171,2.446821E-03,.2016551,
,67,11.2303,33.46915,1493.435,25.54268,2.446064E-03,.2028871,
,67.5,11.22742,33.47019,1493.434,25.54403,2.444844E-03,.2041185,
,68,11.22339,33.47114,1493.43,25.54547,2.443627E-03,.2053494,
,68.5,11.2204,33.47193,1493.429,25.54663,2.442609E-03,.2065797,
,69,11.21902,33.47249,1493.433,25.54737,2.441943E-03,.2078096,
,69.5,11.21716,33.47275,1493.435,25.54786,2.441618E-03,.2090392,
,70,11.21398,33.47356,1493.433,25.54905,2.440637E-03,.2102684,
,70.5,11.20994,33.47481,1493.429,25.55074,2.439131E-03,.2114971,
,71,11.20455,33.47684,1493.421,25.55327,2.436718E-03,.212725,
,71.5,11.19701,33.47872,1493.405,25.55604,2.434275E-03,.2139514,
,72,11.19292,33.47987,1493.4,25.55771,2.432792E-03,.2151768,
,72.5,11.18936,33.48059,1493.397,25.55894,2.431696E-03,.2164017,
,73,11.18468,33.48114,1493.39,25.56021,2.430592E-03,.217626,
,73.5,11.17755,33.48169,1493.374,25.56187,2.429182E-03,.2188497,
,74,11.17046,33.4827,1493.358,25.56399,2.427251E-03,.2200724,
,74.5,11.16165,33.48426,1493.338,25.56677,2.424674E-03,.2212939,
,75,11.151,33.486,1493.311,25.57001,2.421679E-03,.2225144,
,75.5,11.13659,33.48763,1493.271,25.5739,2.418123E-03,.223733,
,76,11.12731,33.4894,1493.248,25.57699,2.415223E-03,.22495,
,76.5,11.12029,33.4905,1493.233,25.57911,2.41329E-03,.2261659,
,77,11.11465,33.49073,1493.222,25.58027,2.412339E-03,.227381,
,77.5,11.1116,33.49093,1493.22,25.58098,2.411759E-03,.2285957,
,78,11.10934,33.49106,1493.221,25.58157,2.411379E-03,.2298102,
,78.5,11.10588,33.49128,1493.217,25.58229,2.410782E-03,.2310244,
,79,11.10222,33.49155,1493.213,25.58314,2.410058E-03,.2322382,
,79.5,11.09874,33.49182,1493.209,25.58401,2.409316E-03,.2334518,
,80,11.09543,33.49207,1493.206,25.58481,2.408651E-03,.234665,
,80.5,11.09136,33.49255,1493.201,25.58588,2.407786E-03,.2358777,
,81,11.08406,33.49362,1493.185,25.58801,2.405867E-03,.2370898,
,81.5,11.07255,33.49511,1493.155,25.59126,2.402814E-03,.2383006,
,82,11.05948,33.49666,1493.119,25.5948,2.399497E-03,.2395099,
,82.5,11.04857,33.49783,1493.09,25.59761,2.39691E-03,.2407176,
,83,11.0389,33.49861,1493.066,25.60001,2.394708E-03,.2419244,
,83.5,11.02912,33.4995,1493.041,25.60244,2.392543E-03,.2431296,
,84,11.02007,33.5004,1493.018,25.60475,2.390451E-03,.244334,
,84.5,11.01173,33.50132,1492.998,25.60695,2.388426E-03,.2455376,
,85,11.00348,33.50324,1492.98,25.6099,2.385696E-03,.2467395,
,85.5,10.98745,33.5056,1492.935,25.61456,2.381437E-03,.2479399,
,86,10.96667,33.50858,1492.874,25.62062,2.375754E-03,.2491378,
,86.5,10.94511,33.51186,1492.81,25.62702,2.369703E-03,.2503327,
,87,10.92227,33.51516,1492.742,25.6336,2.363541E-03,.2515247,
,87.5,10.89573,33.51852,1492.661,25.64094,2.356657E-03,.2527137,
,88,10.87407,33.5221,1492.597,25.6476,2.350413E-03,.2538987,
,88.5,10.85143,33.52519,1492.529,25.65395,2.344379E-03,.2550807,
,89,10.82712,33.52954,1492.457,25.66164,2.337134E-03,.2562595,
,89.5,10.79586,33.53473,1492.361,25.67123,2.328113E-03,.2574344,
,90,10.76095,33.53948,1492.252,25.6811,2.318825E-03,.2586047,
,90.5,10.73873,33.54316,1492.186,25.68787,2.312477E-03,.2597712,
,91,10.72676,33.54403,1492.153,25.69066,2.30991E-03,.2609352,
,91.5,10.71879,33.54459,1492.134,25.69242,2.308318E-03,.2620981,
,92,10.71303,33.54526,1492.122,25.69397,2.306984E-03,.2632603,
,92.5,10.70774,33.54623,1492.113,25.69571,2.305452E-03,.2644219,
