,0,21.27766,33.67736,1523.501,23.41345,4.460665E-03,0,
,.5,21.27766,33.67736,1523.501,23.41345,4.460665E-03,0,
,1,21.27766,33.67736,1523.501,23.41345,4.460665E-03,0,
,1.5,21.27766,33.67736,1523.501,23.41345,4.460665E-03,0,
,2,21.27782,33.67226,1523.502,23.40947,4.464569E-03,8.981011E-03,
,2.5,21.24004,33.66937,1523.406,23.41756,4.457123E-03,1.122621E-02,
,3,21.14467,33.65528,1523.142,23.43272,4.442825E-03,1.346553E-02,
,3.5,21.01626,33.64031,1522.787,23.45607,4.420638E-03,1.569564E-02,
,4,20.80729,33.63633,1522.223,23.5092,4.370058E-03,1.790559E-02,
,4.5,20.38127,33.633,1521.06,23.61987,4.264579E-03,2.008402E-02,
,5,19.89206,33.56062,1519.636,23.69354,4.194471E-03,2.221198E-02,
,5.5,19.57221,33.56741,1518.756,23.78159,4.110549E-03,2.430156E-02,
,6,19.44978,33.57328,1518.426,23.8176,4.076433E-03,2.636199E-02,
,6.5,19.25664,33.55587,1517.868,23.85366,4.042133E-03,2.840473E-02,
,7,19.02664,33.54641,1517.211,23.90483,3.993483E-03,3.042543E-02,
,7.5,18.83092,33.53467,1516.647,23.94528,3.955043E-03,3.242698E-02,
,8,18.66145,33.51072,1516.141,23.96944,3.932164E-03,3.441264E-02,
,8.5,18.29719,33.49705,1515.078,24.04939,3.856055E-03,3.637373E-02,
,9,17.87278,33.48639,1513.831,24.14499,3.765004E-03,3.828939E-02,
,9.5,17.61976,33.47874,1513.085,24.20036,.0037124,.0401716,
,10,17.43611,33.47013,1512.538,24.23781,3.676801E-03,4.202903E-02,
,10.5,17.26876,33.4627,1512.038,24.27207,3.64422E-03,4.387364E-02,
,11,17.11791,33.45676,1511.588,24.30323,3.61464E-03,4.570178E-02,
,11.5,16.84432,33.44338,1510.756,24.35719,3.563371E-03,4.750976E-02,
,12,16.4077,33.4364,1509.427,24.45286,3.472313E-03,4.927762E-02,
,12.5,15.85791,33.43917,1507.741,24.57961,3.351578E-03,5.099016E-02,
,13,15.43382,33.44299,1506.435,24.67748,3.258407E-03,5.265759E-02,
,13.5,15.2086,33.44107,1505.733,24.72556,3.212678E-03,5.428759E-02,
,14,15.10882,33.44032,1505.425,24.74684,3.192552E-03,5.589892E-02,
,14.5,15.01938,33.44413,1505.154,24.76917,3.171459E-03,5.750193E-02,
,15,14.95992,33.44981,1504.98,24.78653,3.155034E-03,5.909443E-02,
,15.5,14.90518,33.45165,1504.817,24.79976,3.142576E-03,6.067947E-02,
,16,14.78447,33.44674,1504.435,24.82188,3.121582E-03,6.225672E-02,
,16.5,14.57467,33.44359,1503.768,24.86432,3.081273E-03,6.381635E-02,
,17,14.39986,33.43691,1503.207,24.89634,3.050816E-03,6.535991E-02,
,17.5,14.29814,33.44022,1502.891,24.92033,3.02809E-03,6.689016E-02,
,18,14.21913,33.45053,1502.655,24.94489,3.00489E-03,6.840851E-02,
,18.5,14.16365,33.47443,1502.512,24.97492,2.976533E-03,6.991573E-02,
,19,14.06048,33.47799,1502.19,24.99915,2.953457E-03,7.140758E-02,
,19.5,13.93151,33.47587,1501.775,25.02424,2.929639E-03,7.288764E-02,
,20,13.84898,33.47385,1501.512,25.03972,2.915087E-03,7.435931E-02,
,20.5,13.81738,33.47102,1501.414,25.04408,2.911012E-03,.0758259,
,21,13.7728,33.4747,1501.28,25.05611,2.899691E-03,7.728804E-02,
,21.5,13.73251,33.47802,1501.161,25.06695,2.889463E-03,7.874561E-02,
,22,13.70122,33.47757,1501.066,25.07297,2.883922E-03,8.019865E-02,
,22.5,13.65563,33.4795,1500.927,25.08376,2.873656E-03,8.164793E-02,
,23,13.58268,33.48285,1500.699,25.10123,2.857193E-03,8.308945E-02,
,23.5,13.51671,33.48709,1500.495,25.11792,2.841435E-03,8.452401E-02,
,24,13.46325,33.48847,1500.329,25.12984,2.830188E-03,8.595183E-02,
,24.5,13.41811,33.48724,1500.187,25.13806,2.822517E-03,8.737465E-02,
,25,13.3598,33.48561,1500,25.14858,2.812627E-03,8.879315E-02,
,25.5,13.27496,33.48368,1499.725,25.16417,2.797809E-03,9.020557E-02,
,26,13.18862,33.4835,1499.446,25.18127,2.781613E-03,9.161098E-02,
,26.5,13.1001,33.48386,1499.16,25.19919,2.764728E-03,9.300568E-02,
,27,13.03527,33.48433,1498.953,25.21242,2.752251E-03,9.439433E-02,
,27.5,12.99211,33.48461,1498.818,25.22118,2.743985E-03,9.577864E-02,
,28,12.97428,33.48381,1498.765,25.22414,2.741261E-03,9.715951E-02,
,28.5,12.93991,33.48144,1498.656,25.22902,2.736727E-03,9.853829E-02,
,29,12.87519,33.48133,1498.448,25.24173,2.724723E-03,9.991359E-02,
,29.5,12.82854,33.48107,1498.299,25.25072,2.716247E-03,.1012826,
,30,12.79149,33.48197,1498.184,25.25866,2.708822E-03,.1026482,
,30.5,12.75286,33.48337,1498.064,25.26729,2.70076E-03,.1040104,
,31,12.6891,33.48378,1497.859,25.28011,2.688695E-03,.1053674,
,31.5,12.59952,33.48607,1497.568,25.29929,2.670505E-03,.1067161,
,32,12.50037,33.48905,1497.245,25.32078,2.650108E-03,.1080544,
,32.5,12.40844,33.4917,1496.945,25.34057,2.631364E-03,.109385,
,33,12.34311,33.49367,1496.734,25.35464,2.618067E-03,.1107068,
,33.5,12.29603,33.49235,1496.58,25.36263,2.61047E-03,.112023,
,34,12.23597,33.49308,1496.385,25.37463,2.599153E-03,.1133348,
,34.5,12.16398,33.49384,1496.149,25.38898,2.585698E-03,.1146399,
,35,12.09739,33.49374,1495.93,25.40149,2.573912E-03,.1159385,
,35.5,11.99627,33.49508,1495.594,25.4216,2.554794E-03,.1172289,
,36,11.89762,33.49808,1495.267,25.44245,2.53502E-03,.1185103,
,36.5,11.8295,33.50329,1495.047,25.45922,2.519178E-03,.1197829,
,37,11.77552,33.50788,1494.875,25.47285,2.506279E-03,.1210479,
,37.5,11.70777,33.50947,1494.652,25.48671,2.493121E-03,.1223067,
,38,11.63441,33.51167,1494.409,25.50204,2.478619E-03,.1235586,
,38.5,11.55143,33.51788,1494.138,25.52209,2.459576E-03,.1248017,
,39,11.47466,33.52332,1493.887,25.54035,2.442325E-03,.1260356,
,39.5,11.46393,33.52778,1493.863,25.54586,2.437205E-03,.1272642,
,40,11.4602,33.5262,1493.856,25.54525,2.437975E-03,.1284915,
,40.5,11.4587,33.52673,1493.86,25.54593,2.437408E-03,.1297189,
,41,11.45707,33.52828,1493.865,25.54748,2.436014E-03,.1309457,
,41.5,11.45409,33.53074,1493.865,25.54994,2.433768E-03,.1321717,
,42,11.4499,33.53519,1493.865,25.55416,2.429884E-03,.1333964,
,42.5,11.44489,33.54333,1493.865,25.56138,2.42314E-03,.1346182,
,43,11.43684,33.55193,1493.856,25.56955,2.415453E-03,.1358356,
,43.5,11.42501,33.56052,1493.833,25.5784,2.407108E-03,.1370498,
,44,11.40953,33.56889,1493.798,25.58774,2.398324E-03,.1382603,
,44.5,11.39581,33.57431,1493.765,25.59447,2.392129E-03,.1394665,
,45,11.38831,33.5756,1493.749,25.59684,2.390002E-03,.1406704,
,45.5,11.37545,33.57694,1493.714,25.60022,2.386872E-03,.141873,
,46,11.35761,33.58031,1493.664,25.60605,2.381379E-03,.1430734,
,46.5,11.33716,33.58393,1493.606,25.61263,2.375296E-03,.1442712,
,47,11.32243,33.58824,1493.568,25.61862,2.369687E-03,.1454658,
,47.5,11.30496,33.59341,1493.521,25.62582,2.362845E-03,.1466572,
,48,11.2806,33.59956,1493.452,25.63506,2.354141E-03,.1478445,
,48.5,11.25438,33.60391,1493.374,25.64314,2.346544E-03,.1490277,
,49,11.23072,33.6063,1493.303,25.64927,2.340809E-03,.150208,
,49.5,11.20692,33.60769,1493.23,25.6547,2.335733E-03,.1513856,
,50,11.1527,33.61226,1493.054,25.66798,2.323197E-03,.1525587,
,50.5,11.05281,33.62162,1492.723,25.69327,2.299204E-03,.1537222,
,51,10.99515,33.62904,1492.538,25.7093,2.284079E-03,.1548756,
,51.5,10.97403,33.63161,1492.475,25.71512,2.27864E-03,.1560244,
,52,10.96303,33.63278,1492.446,25.71791,2.276064E-03,.1571713,
,52.5,10.93959,33.63719,1492.378,25.72558,2.26888E-03,.1583157,
,53,10.89697,33.64264,1492.243,25.73738,2.257666E-03,.1594552,
,53.5,10.88468,33.64724,1492.213,25.74324,2.252207E-03,.1605907,
,54,10.87676,33.64793,1492.194,25.74512,2.250524E-03,.1617244,
,54.5,10.87001,33.64684,1492.177,25.74544,2.250341E-03,.1628576,
,55,10.85867,33.64597,1492.145,25.74674,2.24922E-03,.1639905,
,55.5,10.84182,33.64582,1492.094,25.74964,2.24666E-03,.1651225,
,56,10.83063,33.64709,1492.064,25.75269,2.243749E-03,.166253,
,56.5,10.82272,33.64835,1492.046,25.755,2.241644E-03,.1673823,
,57,10.81902,33.64967,1492.042,25.75665,2.240188E-03,.1685108,
,57.5,10.81937,33.65067,1492.053,25.75731,2.239686E-03,.1696388,
,58,10.81965,33.65191,1492.064,25.75832,2.238855E-03,.1707664,
,58.5,10.8207,33.65301,1492.078,25.75896,2.238346E-03,.1718936,
,59,10.82238,33.65436,1492.093,25.75972,2.237713E-03,.1730206,
,59.5,10.82184,33.65516,1492.101,25.76041,2.237174E-03,.1741473,
,60,10.82296,33.65587,1492.114,25.76078,2.236952E-03,.1752738,
,60.5,10.82105,33.6571,1492.117,25.76211,2.235821E-03,.1764,
,61,10.8179,33.65941,1492.117,25.76444,2.233708E-03,.1775253,
,61.5,10.81287,33.66169,1492.11,25.76708,2.231297E-03,.1786495,
,62,10.80611,33.66376,1492.097,25.76989,2.228744E-03,.1797725,
,62.5,10.7876,33.66645,1492.043,25.77533,2.223619E-03,.1808937,
,63,10.75956,33.6717,1491.959,25.78432,2.215185E-03,.1820117,
,63.5,10.72302,33.67636,1491.844,25.79439,2.205732E-03,.1831244,
,64,10.70708,33.67826,1491.798,25.79873,2.201608E-03,.1842342,
,64.5,10.70357,33.6789,1491.794,25.79978,2.200715E-03,.1853426,
,65,10.70014,33.67954,1491.791,25.80085,2.199804E-03,.1864506,
,65.5,10.69687,33.68026,1491.789,25.80204,2.198782E-03,.1875581,
,66,10.69568,33.68019,1491.793,25.80212,2.198819E-03,.1886654,
,66.5,10.69523,33.67923,1491.798,25.80145,2.199557E-03,.1897729,
,67,10.69523,33.67849,1491.806,25.80092,2.200249E-03,.1908807,
,67.5,10.69162,33.67749,1491.8,25.80079,2.200373E-03,.1919888,
,68,10.68968,33.67566,1491.799,25.79971,2.201517E-03,.1930971,
,68.5,10.68659,33.67408,1491.795,25.79898,2.202302E-03,.194206,
,69,10.68293,33.67408,1491.79,25.79967,2.201693E-03,.1953149,
,69.5,10.67912,33.67525,1491.786,25.8012,2.200406E-03,.1964233,
,70,10.67666,33.67613,1491.787,25.80231,2.199506E-03,.1975312,
,70.5,10.6743,33.67659,1491.787,25.80311,2.198834E-03,.1986387,
,71,10.67244,33.6767,1491.789,25.80354,2.198546E-03,.1997459,
,71.5,10.66549,33.67656,1491.773,25.80465,2.197558E-03,.2008529,
,72,10.65918,33.67785,1491.76,25.80678,2.195554E-03,.2019591,
,72.5,10.65723,33.67965,1491.764,25.8085,2.194078E-03,.2030643,
,73,10.65677,33.68016,1491.771,25.80897,2.193657E-03,.2041691,
,73.5,10.64821,33.6807,1491.75,25.81096,2.191984E-03,.2052734,
,74,10.6429,33.6816,1491.74,25.81253,2.190595E-03,.206377,
,74.5,10.64097,33.68208,1491.742,25.81314,2.190006E-03,.20748,
,75,10.63696,33.68215,1491.736,25.81397,2.189315E-03,.2085827,
,75.5,10.63492,33.68179,1491.737,25.81406,2.189365E-03,.2096853,
,76,10.63496,33.6814,1491.745,25.81382,2.189683E-03,.210788,
,76.5,10.62702,33.68185,1491.726,25.81545,2.188238E-03,.2118905,
,77,10.61831,33.68151,1491.703,25.81677,2.187122E-03,.2129922,
,77.5,10.61021,33.68171,1491.683,25.81829,2.185748E-03,.2140933,
,78,10.60386,33.68321,1491.67,25.82055,2.183764E-03,.2151936,
,78.5,10.60341,33.6836,1491.677,25.82093,2.183452E-03,.2162932,
,79,10.60416,33.68188,1491.686,25.81953,2.184891E-03,.2173932,
,79.5,10.60184,33.68205,1491.687,25.8201,2.184468E-03,.2184935,
,80,10.59445,33.68283,1491.67,25.82199,2.182796E-03,.2195931,
,80.5,10.59438,33.68296,1491.678,25.82207,2.182796E-03,.2206924,
,81,10.59273,33.68258,1491.68,25.82208,2.182865E-03,.2217917,
,81.5,10.59114,33.68313,1491.683,25.82273,2.182363E-03,.2228909,
,82,10.58793,33.68414,1491.681,25.82408,2.181188E-03,.2239897,
,82.5,10.57912,33.68615,1491.661,25.82713,2.178319E-03,.2250876,
,83,10.56924,33.68715,1491.635,25.82968,2.176057E-03,.2261839,
