,0,21.32181,33.5064,1523.409,23.27142,4.595873E-03,0,
,.5,21.34411,33.49385,1523.457,23.25584,4.610781E-03,2.314143E-03,
,1,21.34988,33.48516,1523.471,23.24762,4.618847E-03,4.637806E-03,
,1.5,21.33583,33.4821,1523.439,23.24913,4.617553E-03,6.962089E-03,
,2,21.31023,33.47809,1523.374,23.25306,4.613976E-03,9.28511E-03,
,2.5,21.26619,33.47227,1523.258,23.26064,4.606894E-03,1.160601E-02,
,3,21.16973,33.46554,1522.999,23.28171,4.586992E-03,1.391745E-02,
,3.5,21.02125,33.45804,1522.598,23.31608,4.554347E-03,1.621671E-02,
,4,20.8078,33.44939,1522.017,23.36683,4.506032E-03,1.849912E-02,
,4.5,20.48691,33.43817,1521.136,23.44383,4.432631E-03,2.074842E-02,
,5,20.03875,33.41288,1519.875,23.54216,4.338902E-03,2.294737E-02,
,5.5,19.41582,33.39736,1518.112,23.69063,4.197347E-03,2.509288E-02,
,6,18.51902,33.40563,1515.57,23.92374,3.975052E-03,2.715922E-02,
,6.5,17.61333,33.37987,1512.887,24.12433,3.783916E-03,2.909995E-02,
,7,16.9544,33.35243,1510.909,24.26159,3.653162E-03,3.098333E-02,
,7.5,16.72081,33.33472,1510.191,24.30261,3.614134E-03,3.281521E-02,
,8,16.49791,33.28916,1509.467,24.31908,3.598557E-03,3.462883E-02,
,8.5,16.29274,33.25336,1508.807,24.33875,3.579947E-03,3.643546E-02,
,9,16.13394,33.25122,1508.324,24.3732,3.547294E-03,.0382272,
,9.5,15.98921,33.2522,1507.887,24.40674,3.515454E-03,.040006,
,10,15.8597,33.25654,1507.499,24.43929,3.484495E-03,.0417708,
,10.5,15.69706,33.26405,1507.009,24.48143,3.444504E-03,4.351195E-02,
,11,15.54803,33.26944,1506.558,24.51872,3.40915E-03,.0452377,
,11.5,15.41578,33.27248,1506.156,24.55026,3.379246E-03,4.694692E-02,
,12,15.28617,33.27493,1505.759,24.5806,3.350425E-03,4.864081E-02,
,12.5,15.14733,33.27784,1505.333,24.61321,3.319439E-03,5.032104E-02,
,13,15.01712,33.27732,1504.928,24.64113,3.292923E-03,5.198319E-02,
,13.5,14.87191,33.27695,1504.474,24.6722,3.263476E-03,5.363403E-02,
,14,14.68901,33.27365,1503.894,24.70885,3.22867E-03,.0552686,
,14.5,14.49999,33.27075,1503.293,24.74685,3.192529E-03,.0568847,
,15,14.33806,33.27105,1502.779,24.78126,3.159856E-03,5.848262E-02,
,15.5,14.1931,33.2708,1502.319,24.81151,3.131154E-03,6.006714E-02,
,16,14.08846,33.27127,1501.988,24.83366,3.110213E-03,6.163844E-02,
,16.5,14.00604,33.2699,1501.726,24.84976,3.094989E-03,6.320034E-02,
,17,13.93966,33.26754,1501.516,24.86168,3.083745E-03,6.475578E-02,
,17.5,13.90512,33.26929,1501.413,24.87012,3.075813E-03,6.630619E-02,
,18,13.88455,33.27255,1501.358,24.87687,3.069491E-03,6.785298E-02,
,18.5,13.87162,33.27589,1501.328,24.88213,3.064636E-03,6.939684E-02,
,19,13.8548,33.27942,1501.286,24.88836,3.058845E-03,7.093818E-02,
,19.5,13.81979,33.28266,1501.183,24.89809,3.049714E-03,7.247575E-02,
,20,13.76822,33.28461,1501.025,24.91017,3.038373E-03,7.400826E-02,
,20.5,13.72009,33.28488,1500.876,24.92018,3.028925E-03,.0755361,
,21,13.6551,33.28498,1500.671,24.93349,3.016334E-03,7.705718E-02,
,21.5,13.57525,33.28585,1500.417,24.95045,3.000273E-03,.0785712,
,22,13.47845,33.2888,1500.11,24.97234,2.979537E-03,8.007624E-02,
,22.5,13.37041,33.2914,1499.764,24.99612,2.956991E-03,8.157074E-02,
,23,13.26066,33.29327,1499.411,25.01962,2.934717E-03,8.305344E-02,
,23.5,13.1536,33.29646,1499.067,25.04352,2.912045E-03,8.452635E-02,
,24,13.04918,33.29929,1498.73,25.06648,2.890271E-03,8.598597E-02,
,24.5,12.96302,33.30429,1498.457,25.08736,2.870471E-03,8.743493E-02,
,25,12.88103,33.31021,1498.198,25.10805,2.850866E-03,8.887672E-02,
,25.5,12.78492,33.31629,1497.891,25.1316,2.828614E-03,9.030622E-02,
,26,12.68893,33.32252,1497.583,25.15513,2.806321E-03,9.172389E-02,
,26.5,12.60026,33.32786,1497.299,25.1765,2.786063E-03,9.313175E-02,
,27,12.51798,33.33217,1497.035,25.19579,2.767793E-03,9.453081E-02,
,27.5,12.43005,33.3361,1496.75,25.21579,2.748847E-03,9.591984E-02,
,28,12.31124,33.34282,1496.362,25.2437,2.72237E-03,9.729534E-02,
,28.5,12.19122,33.3495,1495.97,25.27176,2.695714E-03,9.865891E-02,
,29,12.08241,33.35612,1495.615,25.29753,2.671245E-03,.1000108,
,29.5,11.99716,33.36314,1495.339,25.31898,.002651,.1013518,
,30,11.92543,33.36697,1495.106,25.3354,2.635382E-03,.1026809,
,30.5,11.86576,33.37038,1494.913,25.34923,2.622286E-03,.1040048,
,31,11.82011,33.37352,1494.768,25.36022,2.611973E-03,.1053233,
,31.5,11.78632,33.37603,1494.663,25.36847,2.604205E-03,.1066359,
,32,11.74716,33.37988,1494.541,25.37874,2.594545E-03,.1079446,
,32.5,11.69871,33.38564,1494.389,25.39222,2.58189E-03,.1092485,
,33,11.64378,33.393,1494.216,25.40802,2.566922E-03,.1105435,
,33.5,11.58425,33.39894,1494.026,25.42356,2.552208E-03,.1118316,
,34,11.52149,33.40387,1493.823,25.43892,2.537674E-03,.1131149,
,34.5,11.4819,33.40593,1493.696,25.44777,2.529316E-03,.1143896,
,35,11.4475,33.4073,1493.586,25.45516,2.522362E-03,.1156617,
,35.5,11.41835,33.40803,1493.494,25.46108,2.516809E-03,.1169308,
,36,11.38896,33.40966,1493.402,25.4676,2.510782E-03,.1181962,
,36.5,11.36269,33.41217,1493.322,25.47439,2.504432E-03,.1194586,
,37,11.33511,33.41452,1493.237,25.48122,2.498008E-03,.1207177,
,37.5,11.30577,33.41665,1493.146,25.48815,2.491495E-03,.1219742,
,38,11.27533,33.41901,1493.051,25.49556,2.484519E-03,.1232266,
,38.5,11.24658,33.42164,1492.962,25.50283,2.477678E-03,.1244756,
,39,11.21849,33.42434,1492.875,25.51,2.470943E-03,.1257218,
,39.5,11.18975,33.42682,1492.786,25.51711,2.464339E-03,.1269642,
,40,11.16524,33.42935,1492.711,25.52345,2.458395E-03,.1282032,
,40.5,11.14367,33.43173,1492.647,25.52914,2.45306E-03,.1294402,
,41,11.12784,33.43325,1492.602,25.53318,2.449353E-03,.1306742,
,41.5,11.11635,33.43559,1492.573,25.53703,2.445794E-03,.1319066,
,42,11.10433,33.43872,1492.543,25.5416,2.441534E-03,.1331372,
,42.5,11.08283,33.44268,1492.48,25.54859,2.434994E-03,.1343649,
,43,11.05385,33.44736,1492.392,25.55741,2.426696E-03,.1355891,
,43.5,11.02351,33.44968,1492.297,25.56467,2.419871E-03,.1368089,
,44,11.00392,33.45171,1492.239,25.56972,2.41514E-03,.138026,
,44.5,10.98601,33.45374,1492.187,25.57447,2.410722E-03,.1392411,
,45,10.96384,33.456,1492.12,25.58019,2.405444E-03,.140454,
,45.5,10.93637,33.45945,1492.036,25.58779,2.398294E-03,.1416625,
,46,10.91018,33.46259,1491.956,25.59489,2.391612E-03,.1428686,
,46.5,10.88647,33.46513,1491.883,25.60104,2.385822E-03,.1440717,
,47,10.86704,33.46653,1491.825,25.60553,2.381626E-03,.1452718,
,47.5,10.84892,33.46723,1491.77,25.60926,2.378155E-03,.1464703,
,48,10.83121,33.46735,1491.716,25.61247,2.375193E-03,.1476672,
,48.5,10.81284,33.46731,1491.659,25.61566,2.372326E-03,.1488623,
,49,10.79934,33.4672,1491.62,25.618,2.370205E-03,.1500563,
,49.5,10.78636,33.46692,1491.582,25.6201,2.368301E-03,.1512494,
,50,10.77037,33.46752,1491.534,25.62337,2.365288E-03,.152441,
,50.5,10.75083,33.46901,1491.475,25.62794,2.361015E-03,.1536309,
,51,10.72676,33.47058,1491.401,25.63345,2.355856E-03,.1548186,
,51.5,10.7057,33.47255,1491.337,25.63866,2.351038E-03,.1560034,
,52,10.68503,33.47468,1491.274,25.64393,2.346129E-03,.1571861,
,52.5,10.66349,33.47704,1491.209,25.64954,2.340795E-03,.1583665,
,53,10.63836,33.48091,1491.133,25.65694,2.333843E-03,.1595434,
,53.5,10.61329,33.48722,1491.06,25.66623,2.325177E-03,.1607159,
,54,10.58871,33.49301,1490.988,25.675,2.316902E-03,.1618844,
,54.5,10.56905,33.49819,1490.933,25.68244,2.309842E-03,.1630497,
,55,10.56266,33.50317,1490.924,25.68746,2.305144E-03,.1642117,
,55.5,10.555,33.5069,1490.91,25.69174,2.30122E-03,.1653713,
,56,10.5474,33.5112,1490.896,25.69641,2.296907E-03,.166529,
,56.5,10.54008,33.51681,1490.885,25.70199,2.291682E-03,.1676847,
,57,10.52652,33.52273,1490.853,25.70895,2.285206E-03,.1688363,
,57.5,10.51181,33.52941,1490.817,25.71672,2.277889E-03,.1699854,
,58,10.49654,33.53711,1490.78,25.72539,2.269668E-03,.1711307,
,58.5,10.48272,33.54541,1490.749,25.73424,2.261362E-03,.1722716,
,59,10.46566,33.55152,1490.704,25.74194,2.25421E-03,.1734085,
,59.5,10.44789,33.55739,1490.656,25.74964,2.246979E-03,.1745411,
,60,10.42966,33.56279,1490.606,25.75705,2.240009E-03,.1756715,
,60.5,10.41038,33.56663,1490.551,25.76333,2.234115E-03,.176798,
,61,10.39901,33.56958,1490.522,25.76757,2.230173E-03,.1779221,
,61.5,10.39197,33.57103,1490.507,25.76988,2.228078E-03,.1790446,
,62,10.386,33.57345,1490.497,25.77278,2.225412E-03,.1801658,
,62.5,10.3799,33.57615,1490.486,25.77595,2.222474E-03,.1812858,
,63,10.37331,33.578,1490.474,25.77856,2.220051E-03,.1824044,
,63.5,10.37318,33.57898,1490.483,25.7793,2.219481E-03,.1835223,
,64,10.37466,33.57917,1490.496,25.77916,2.219749E-03,.18464,
,64.5,10.37529,33.57822,1490.506,25.77832,2.220622E-03,.185758,
,65,10.37351,33.57778,1490.507,25.77832,2.220707E-03,.1868763,
,65.5,10.37315,33.57806,1490.514,25.77859,2.220587E-03,.1879946,
,66,10.37234,33.57834,1490.52,25.77896,2.220363E-03,.1891128,
,66.5,10.37009,33.57831,1490.52,25.77936,2.220049E-03,.1902308,
,67,10.36972,33.57889,1490.528,25.77987,2.219643E-03,.1913487,
,67.5,10.36828,33.57913,1490.531,25.78035,2.219514E-03,.1924664,
,68,10.36764,33.57953,1490.538,25.7807,2.219114E-03,.193584,
,68.5,10.3675,33.57957,1490.546,25.78076,2.219193E-03,.1947016,
,69,10.36812,33.57981,1490.557,25.78082,2.219251E-03,.1958192,
,69.5,10.36835,33.5803,1490.566,25.78114,2.219053E-03,.1969367,
,70,10.36721,33.58097,1490.571,25.78186,2.218504E-03,.198054,
,70.5,10.36535,33.58166,1490.574,25.78277,2.217733E-03,.199171,
,71,10.36397,33.58223,1490.578,25.78345,2.217118E-03,.2002877,
,71.5,10.3635,33.58244,1490.585,25.78366,2.216934E-03,.2014042,
,72,10.36276,33.5823,1490.59,25.78368,2.217022E-03,.2025207,
,72.5,10.36061,33.58286,1490.591,25.78452,2.21639E-03,.203637,
,73,10.35537,33.58409,1490.583,25.7864,2.214759E-03,.2047526,
,73.5,10.34722,33.58649,1490.565,25.78968,2.211758E-03,.2058671,
,74,10.3352,33.59062,1490.535,25.795,2.206785E-03,.2069801,
,74.5,10.3137,33.595,1490.472,25.80198,2.200143E-03,.2080893,
,75,10.29852,33.59903,1490.431,25.80773,2.194743E-03,.209196,
,75.5,10.29069,33.60154,1490.414,25.81108,2.191653E-03,.2103006,
,76,10.28586,33.60257,1490.406,25.81272,2.190185E-03,.211404,
,76.5,10.28057,33.60368,1490.397,25.81448,2.188623E-03,.2125065,
,77,10.27539,33.60602,1490.39,25.81726,2.186152E-03,.2136083,
,77.5,10.26381,33.60839,1490.359,25.82103,2.182577E-03,.214708,
,78,10.25339,33.61113,1490.334,25.82494,2.17895E-03,.2158062,
,78.5,10.24344,33.61415,1490.31,25.82903,2.175216E-03,.2169029,
,79,10.23184,33.61755,1490.281,25.83364,2.170931E-03,.2179973,
,79.5,10.22073,33.62211,1490.255,25.83905,2.165885E-03,.2190892,
,80,10.20892,33.62572,1490.225,25.84399,2.161187E-03,.220179,
,80.5,10.20032,33.62908,1490.207,25.848,2.157538E-03,.2212663,
,81,10.19153,33.63198,1490.187,25.85174,2.154093E-03,.2223519,
,81.5,10.18181,33.63509,1490.164,25.85583,2.150288E-03,.2234359,
,82,10.16843,33.6389,1490.129,25.86109,2.14539E-03,.2245177,
,82.5,10.1464,33.6425,1490.063,25.86759,2.139302E-03,.2255968,
,83,10.13122,33.64567,1490.021,25.87261,2.134527E-03,.2266729,
,83.5,10.11909,33.64811,1489.988,25.87664,2.130776E-03,.227747,
,84,10.10193,33.65092,1489.938,25.88168,.0021262,.228819,
,84.5,10.08162,33.65383,1489.877,25.88748,2.120723E-03,.2298883,
,85,10.06802,33.65595,1489.839,25.89148,2.116979E-03,.2309553,
,85.5,10.05899,33.65726,1489.817,25.89402,2.114642E-03,.232021,
,86,10.05331,33.65751,1489.805,25.89512,2.113655E-03,.2330858,
,86.5,10.04953,33.65756,1489.8,25.89578,2.113162E-03,.2341502,
,87,10.04661,33.65786,1489.798,25.89652,2.112593E-03,.2352143,
,87.5,10.04372,33.65899,1489.797,25.89794,2.111317E-03,.236278,
,88,10.03854,33.66151,1489.79,25.90079,2.108607E-03,.2373407,
,88.5,10.03233,33.66549,1489.78,25.90488,2.104917E-03,.2384017,
,89,10.0252,33.66911,1489.767,25.90891,2.101187E-03,.2394608,
,89.5,10.02197,33.6721,1489.768,25.91183,2.098504E-03,.2405183,
,90,10.02058,33.67414,1489.773,25.91367,2.096861E-03,.2415748,
,90.5,10.01926,33.67526,1489.778,25.91475,2.095978E-03,.2426308,
,91,10.01849,33.67643,1489.785,25.91577,2.095093E-03,.2436861,
,91.5,10.0168,33.67738,1489.789,25.91676,2.094228E-03,.2447411,
,92,10.01515,33.6781,1489.792,25.91758,2.093529E-03,.2457957,
,92.5,10.01609,33.67875,1489.804,25.91798,2.09324E-03,.24685,
,93,10.01546,33.67926,1489.811,25.91846,2.09289E-03,.2479042,
,93.5,10.01346,33.68095,1489.814,25.92011,2.091435E-03,.2489579,
,94,10.01236,33.68406,1489.822,25.92275,2.089036E-03,.2500107,
,94.5,10.00948,33.68768,1489.825,25.92609,2.085949E-03,.251062,
,95,10.0045,33.69197,1489.82,25.93023,2.082088E-03,.2521113,
,95.5,9.997078,33.69642,1489.807,25.93494,2.077733E-03,.2531588,
,96,9.987289,33.70092,1489.786,25.94013,2.072954E-03,.2542046,
,96.5,9.973481,33.70539,1489.75,25.94593,2.067437E-03,.2552468,
,97,9.960225,33.70999,1489.716,25.95177,2.061991E-03,.2562866,
,97.5,9.947515,33.71437,1489.683,25.95736,.0020568,.2573242,
,98,9.935529,33.71786,1489.653,25.96213,2.052257E-03,.2583592,
,98.5,9.929457,33.72225,1489.645,25.96649,2.04821E-03,.2593917,
,99,9.918452,33.72639,1489.618,25.9716,2.043514E-03,.260422,
,99.5,9.90702,33.73072,1489.59,25.97691,2.038551E-03,.2614501,
,100,9.899933,33.73502,1489.578,25.9814,2.034376E-03,.262476,
