,0,21.31156,33.45829,1523.38,23.23767,4.629259E-03,0,
,.5,21.31156,33.45829,1523.38,23.23767,4.629259E-03,0,
,1,21.31156,33.45829,1523.38,23.23767,4.629259E-03,0,
,1.5,21.31156,33.45829,1523.38,23.23767,4.629259E-03,0,
,2,21.31156,33.45829,1523.38,23.23767,4.629259E-03,0,
,2.5,21.31156,33.45829,1523.38,23.23767,4.629259E-03,0,
,3,21.31156,33.45829,1523.38,23.23767,4.629259E-03,0,
,3.5,21.31216,33.45811,1523.382,23.23737,4.629545E-03,1.630931E-02,
,4,21.31327,33.45693,1523.392,23.23614,4.63082E-03,1.863989E-02,
,4.5,21.30993,33.45658,1523.391,23.23677,4.630374E-03,2.097055E-02,
,5,21.30765,33.4565,1523.394,23.23733,4.63002E-03,2.330085E-02,
,5.5,21.30537,33.45641,1523.396,23.23789,4.629666E-03,2.563114E-02,
,6,21.29759,33.45502,1523.382,23.23895,4.628842E-03,2.796084E-02,
,6.5,21.28786,33.45317,1523.362,23.24018,4.627853E-03,3.029031E-02,
,7,21.27338,33.45042,1523.328,23.24202,4.626268E-03,3.261913E-02,
,7.5,21.24074,33.44426,1523.242,23.24622,4.622411E-03,3.494541E-02,
,8,21.20811,33.43811,1523.156,23.25042,4.618555E-03,3.727169E-02,
,8.5,21.12996,33.42967,1522.944,23.26514,4.604659E-03,3.959007E-02,
,9,21.01426,33.41935,1522.628,23.28855,4.582477E-03,4.190193E-02,
,9.5,20.75804,33.38875,1521.905,23.33386,4.539364E-03,4.420017E-02,
,10,20.20124,33.34069,1520.326,23.44425,4.434095E-03,4.645569E-02,
,10.5,19.38371,33.31719,1518.027,23.63899,4.248283E-03,.0486533,
,11,18.30732,33.25976,1514.875,23.86468,4.032958E-03,5.073099E-02,
,11.5,17.7056,33.23862,1513.099,23.99579,3.907885E-03,5.273233E-02,
,12,17.27516,33.20987,1511.792,24.07651,3.83108E-03,5.467654E-02,
,12.5,16.94878,33.20469,1510.814,24.14948,3.761612E-03,5.658162E-02,
,13,16.67098,33.20866,1509.986,24.21745,3.696889E-03,5.846538E-02,
,13.5,16.45207,33.21037,1509.328,24.26916,3.647719E-03,6.030891E-02,
,14,16.22768,33.21178,1508.65,24.32156,3.597871E-03,6.213387E-02,
,14.5,15.99612,33.21278,1507.946,24.37485,3.54714E-03,6.393452E-02,
,15,15.7842,33.21752,1507.302,24.4261,3.498482E-03,6.570523E-02,
,15.5,15.57293,33.22309,1506.657,24.47749,3.449681E-03,6.745774E-02,
,16,15.33947,33.22707,1505.938,24.53199,3.39775E-03,6.918013E-02,
,16.5,15.18039,33.23153,1505.45,24.57026,3.361335E-03,7.088131E-02,
,17,15.04208,33.23407,1505.023,24.60229,3.330927E-03,7.256668E-02,
,17.5,14.88158,33.23208,1504.519,24.63549,3.299454E-03,7.423737E-02,
,18,14.70338,33.23039,1503.956,24.6724,3.264446E-03,7.588528E-02,
,18.5,14.5317,33.22937,1503.413,24.70823,3.230409E-03,7.752182E-02,
,19,14.37575,33.22956,1502.919,24.74132,3.198882E-03,7.914118E-02,
,19.5,14.19493,33.2312,1502.344,24.78049,3.161703E-03,8.073944E-02,
,20,14.03528,33.23358,1501.837,24.81564,3.128356E-03,8.232513E-02,
,20.5,13.9373,33.23672,1501.53,24.8383,3.10685E-03,8.389542E-02,
,21,13.86859,33.23954,1501.317,24.85464,3.091391E-03,8.545332E-02,
,21.5,13.80544,33.24231,1501.122,24.86979,3.077083E-03,8.700886E-02,
,22,13.71388,33.24384,1500.832,24.88972,3.058235E-03,8.855042E-02,
,22.5,13.61687,33.24675,1500.525,24.91179,3.037356E-03,9.008558E-02,
,23,13.51092,33.25281,1500.191,24.93803,3.01251E-03,9.160819E-02,
,23.5,13.39395,33.25635,1499.817,24.96435,2.987537E-03,9.311543E-02,
,24,13.271,33.25853,1499.42,24.9907,2.962495E-03,9.461433E-02,
,24.5,13.17574,33.25949,1499.114,25.0105,2.943719E-03,9.610187E-02,
,25,13.10443,33.2594,1498.884,25.02462,2.930368E-03,.0975796,
,25.5,13.02688,33.25922,1498.634,25.03987,2.915948E-03,9.905381E-02,
,26,12.9233,33.25866,1498.294,25.0598,2.89707E-03,.1005134,
,26.5,12.81888,33.25816,1497.952,25.07994,.002878,.1019723,
,27,12.68349,33.25975,1497.506,25.10754,2.851791E-03,.1034087,
,27.5,12.55085,33.26156,1497.07,25.13475,2.825959E-03,.1048434,
,28,12.45424,33.26616,1496.756,25.15681,2.805072E-03,.1062567,
,28.5,12.36239,33.27065,1496.459,25.17789,2.785127E-03,.1076679,
,29,12.30427,33.27431,1496.274,25.19189,2.771849E-03,.1090643,
,29.5,12.24362,33.27784,1496.08,25.20625,2.758246E-03,.1104585,
,30,12.16813,33.28054,1495.834,25.22265,2.742739E-03,.1118397,
,30.5,12.09264,33.28324,1495.588,25.23905,2.727232E-03,.113221,
,31,12.04852,33.28527,1495.447,25.2489,2.717962E-03,.1145897,
,31.5,12.00604,33.28726,1495.313,25.2584,2.709019E-03,.1159577,
,32,11.9487,33.28901,1495.126,25.27051,2.69756E-03,.1173164,
,32.5,11.88914,33.29071,1494.932,25.283,2.685725E-03,.1186737,
,33,11.79417,33.29332,1494.616,25.30266,2.667136E-03,.1200182,
,33.5,11.6952,33.29612,1494.286,25.32318,2.64773E-03,.1213599,
,34,11.6395,33.29973,1494.106,25.33625,2.635353E-03,.1226875,
,34.5,11.58549,33.30319,1493.932,25.34889,2.623403E-03,.124013,
,35,11.53814,33.30605,1493.78,25.3598,2.613132E-03,.1253298,
,35.5,11.4892,33.30915,1493.622,25.37117,2.602406E-03,.126644,
,36,11.43502,33.31302,1493.446,25.38408,2.590185E-03,.1279497,
,36.5,11.38558,33.31715,1493.288,25.39631,2.578619E-03,.1292522,
,37,11.34803,33.32193,1493.171,25.40685,2.568697E-03,.1305466,
,37.5,11.30979,33.32655,1493.052,25.41737,2.558787E-03,.1318394,
,38,11.26802,33.33033,1492.918,25.42784,2.548937E-03,.1331235,
,38.5,11.22918,33.3339,1492.795,25.43762,2.539729E-03,.1344066,
,39,11.211,33.33598,1492.743,25.44258,2.535063E-03,.1356832,
,39.5,11.19336,33.33798,1492.692,25.44737,2.530563E-03,.1369597,
,40,11.18489,33.33845,1492.671,25.44917,2.528945E-03,.138233,
,40.5,11.17641,33.33892,1492.65,25.45098,2.527328E-03,.1395063,
,41,11.16725,33.33941,1492.627,25.45305,2.52548E-03,.1407781,
,41.5,11.15672,33.33995,1492.599,25.45542,2.523336E-03,.1420493,
,42,11.14244,33.34069,1492.558,25.45859,2.520385E-03,.1433191,
,42.5,11.12725,33.34149,1492.514,25.46191,2.517336E-03,.144587,
,43,11.11177,33.34231,1492.469,25.46527,2.514257E-03,.1458543,
,43.5,11.08666,33.34431,1492.392,25.47136,2.508588E-03,.1471175,
,44,11.05982,33.34652,1492.309,25.4779,2.502471E-03,.1483801,
,44.5,11.01217,33.35129,1492.155,25.49008,2.490947E-03,.1496353,
,45,10.95999,33.35583,1491.985,25.50288,2.478827E-03,.1508874,
,45.5,10.89529,33.35976,1491.771,25.51742,2.465067E-03,.1521309,
,46,10.84848,33.36304,1491.618,25.52826,2.454832E-03,.1533708,
,46.5,10.82936,33.36531,1491.561,25.53339,2.450054E-03,.1546052,
,47,10.81219,33.36724,1491.511,25.53791,2.445847E-03,.1558387,
,47.5,10.80087,33.36817,1491.481,25.54065,2.443348E-03,.1570692,
,48,10.78933,33.36924,1491.45,25.54352,2.440708E-03,.1582993,
,48.5,10.77592,33.37151,1491.413,25.54762,2.436858E-03,.1595265,
,49,10.7626,33.37376,1491.377,25.55169,2.433035E-03,.1607535,
,49.5,10.75108,33.3758,1491.347,25.5553,2.429748E-03,.1619768,
,50,10.73957,33.37783,1491.317,25.55891,2.42646E-03,.1632001,
,50.5,10.73091,33.37893,1491.296,25.56129,2.424295E-03,.1644211,
,51,10.72304,33.37978,1491.278,25.56333,2.42244E-03,.1656414,
,51.5,10.71621,33.38037,1491.262,25.56498,2.420973E-03,.1668611,
,52,10.71151,33.38043,1491.254,25.56583,2.420296E-03,.1680799,
,52.5,10.70682,33.38049,1491.246,25.56668,2.419619E-03,.1692986,
,53,10.70297,33.38083,1491.241,25.56764,2.418797E-03,.1705166,
,53.5,10.69924,33.38119,1491.236,25.56863,2.417957E-03,.1717345,
,54,10.69242,33.38192,1491.221,25.57038,2.416385E-03,.1729513,
,54.5,10.68395,33.38283,1491.201,25.57255,2.414419E-03,.1741676,
,55,10.67368,33.38379,1491.174,25.57507,2.41209E-03,.1753827,
,55.5,10.66127,33.38478,1491.139,25.57802,2.409326E-03,.1765963,
,56,10.64661,33.3858,1491.097,25.58137,2.406198E-03,.1778092,
,56.5,10.6217,33.3869,1491.018,25.58657,2.401404E-03,.1790186,
,57,10.59678,33.388,1490.939,25.59176,2.396609E-03,.1802279,
,57.5,10.55132,33.39081,1490.789,25.60181,2.387119E-03,.1814303,
,58,10.50417,33.39375,1490.634,25.61226,2.37724E-03,.1826322,
,58.5,10.45898,33.39668,1490.484,25.62239,2.367661E-03,.1838243,
,59,10.4138,33.39961,1490.335,25.63252,2.358082E-03,.1850165,
,59.5,10.39143,33.40107,1490.266,25.63746,2.353425E-03,.1862015,
,60,10.37004,33.40245,1490.199,25.64219,2.348976E-03,.1873863,
,60.5,10.35558,33.40292,1490.156,25.64504,2.346354E-03,.1885684,
,61,10.34358,33.40305,1490.122,25.64722,2.344382E-03,.1897496,
,61.5,10.33368,33.40303,1490.095,25.64889,2.342885E-03,.1909298,
,62,10.32512,33.40293,1490.072,25.65025,2.341694E-03,.1921093,
,62.5,10.31893,33.40351,1490.059,25.65175,2.340366E-03,.1932882,
,63,10.31563,33.40493,1490.057,25.65343,2.338872E-03,.1944662,
,63.5,10.31157,33.40621,1490.053,25.65512,2.337346E-03,.1956438,
,64,10.30599,33.40719,1490.042,25.65685,2.335757E-03,.1968203,
,64.5,10.30162,33.4086,1490.036,25.65872,2.334059E-03,.1979961,
,65,10.29889,33.41061,1490.037,25.66077,2.332213E-03,.199171,
,65.5,10.29449,33.41229,1490.032,25.66286,2.330334E-03,.2003449,
,66,10.2886,33.4137,1490.021,25.66497,2.328427E-03,.2015178,
,66.5,10.28341,33.41542,1490.013,25.66721,2.326414E-03,.2026899,
,67,10.2793,33.41762,1490.009,25.66965,2.324239E-03,.2038606,
,67.5,10.27513,33.41985,1490.005,25.67211,2.322037E-03,.2050312,
,68,10.26922,33.42276,1489.996,25.67535,2.319036E-03,.2061987,
,68.5,10.26332,33.42568,1489.987,25.6786,2.316035E-03,.2073662,
,69,10.2541,33.42965,1489.967,25.68326,2.311702E-03,.2085311,
,69.5,10.24258,33.43435,1489.939,25.68891,2.306439E-03,.2096941,
,70,10.23151,33.43877,1489.913,25.69425,2.301434E-03,.2108543,
,70.5,10.22084,33.44294,1489.889,25.69933,2.296653E-03,.2120121,
,71,10.21276,33.44617,1489.872,25.70321,2.293044E-03,.2131681,
,71.5,10.20734,33.44843,1489.863,25.70585,2.290637E-03,.2143222,
,72,10.20362,33.44989,1489.86,25.70761,2.28908E-03,.2154756,
,72.5,10.20153,33.45056,1489.862,25.70851,2.288339E-03,.2166282,
,73,10.19892,33.451,1489.861,25.7093,2.287699E-03,.2177804,
,73.5,10.19597,33.45127,1489.859,25.71003,2.287124E-03,.2189324,
,74,10.1936,33.45199,1489.86,25.71098,2.286283E-03,.2200837,
,74.5,10.19143,33.45285,1489.861,25.71199,2.285355E-03,.2212349,
,75,10.18828,33.45374,1489.859,25.71323,2.284259E-03,.2223855,
,75.5,10.18405,33.45466,1489.854,25.71471,2.282979E-03,.2235353,
,76,10.17982,33.45558,1489.848,25.71619,2.281699E-03,.2246852,
,76.5,10.17557,33.45727,1489.843,25.71817,2.279926E-03,.2258334,
,77,10.17131,33.45902,1489.838,25.72019,2.27811E-03,.2269815,
,77.5,10.16523,33.46185,1489.828,25.72344,2.275098E-03,.2281277,
,78,10.15829,33.46548,1489.816,25.72746,2.271355E-03,.2292723,
,78.5,10.15039,33.47021,1489.802,25.73246,2.266703E-03,.2304146,
,79,10.14048,33.4747,1489.78,25.73764,2.261878E-03,.2315553,
,79.5,10.12593,33.47866,1489.74,25.74324,2.25665E-03,.232692,
,80,10.11137,33.48262,1489.701,25.74884,2.251421E-03,.2338289,
,80.5,10.10713,33.48729,1489.7,25.75319,2.24734E-03,.2349607,
,81,10.10349,33.49202,1489.701,25.75746,2.243325E-03,.2360923,
,81.5,10.09837,33.49506,1489.694,25.76073,2.240367E-03,.2372209,
,82,10.09296,33.49778,1489.687,25.76379,2.237622E-03,.238349,
,82.5,10.08997,33.50036,1489.687,25.76629,2.235305E-03,.2394748,
,83,10.08744,33.50293,1489.69,25.76869,2.233069E-03,.2406002,
,83.5,10.08519,33.50544,1489.693,25.77102,2.230953E-03,.2417243,
,84,10.08317,33.5079,1489.697,25.7733,2.228936E-03,.2428473,
,84.5,10.08081,33.51047,1489.7,25.77571,2.226773E-03,.2439695,
,85,10.07759,33.51329,1489.7,25.77847,2.22426E-03,.2450901,
,85.5,10.07458,33.51598,1489.701,25.78107,2.221879E-03,.24621,
,86,10.07205,33.51836,1489.703,25.78331,2.219805E-03,.2473283,
,86.5,10.07002,33.52039,1489.706,25.78522,2.218075E-03,.2484461,
,87,10.06898,33.52171,1489.712,25.7865,2.217021E-03,.2495628,
,87.5,10.06791,33.52348,1489.719,25.78811,2.21562E-03,.250679,
,88,10.06679,33.52613,1489.727,25.79036,2.213533E-03,.2517942,
,88.5,10.06273,33.52952,1489.724,25.79368,2.21046E-03,.2529081,
,89,10.05491,33.53386,1489.71,25.79835,2.206126E-03,.2540202,
,89.5,10.04674,33.53886,1489.695,25.80361,2.201239E-03,.2551299,
,90,10.03814,33.54464,1489.679,25.80956,2.195685E-03,.2562369,
,90.5,10.0305,33.54999,1489.666,25.81503,2.190574E-03,.2573419,
,91,10.02451,33.55457,1489.659,25.81964,2.186235E-03,.2584434,
,91.5,10.0186,33.55915,1489.651,25.82424,2.181912E-03,.2595447,
,92,10.01476,33.56376,1489.651,25.82848,2.178045E-03,.2606417,
,92.5,10.01093,33.56835,1489.651,25.83271,2.174187E-03,.2617387,
,93,10.00721,33.5723,1489.651,25.83638,2.170763E-03,.2628322,
,93.5,10.00388,33.57611,1489.652,25.83988,2.167498E-03,.263925,
,94,10.00195,33.57944,1489.657,25.84284,2.16479E-03,.2650156,
,94.5,9.999813,33.58266,1489.662,25.84574,2.16214E-03,.2661058,
,95,9.996113,33.58498,1489.66,25.84817,2.15993E-03,.2671937,
,95.5,9.992413,33.58731,1489.657,25.8506,2.157721E-03,.2682816,
,96,9.990623,33.58964,1489.662,25.85275,2.15579E-03,.2693675,
,96.5,9.98875,33.5919,1489.667,25.85486,2.153898E-03,.2704532,
,97,9.984603,33.59323,1489.661,25.85662,2.152333E-03,.2715372,
,97.5,9.980455,33.59456,1489.656,25.85837,2.150767E-03,.2726213,
,98,9.978507,33.59636,1489.66,25.86005,2.149267E-03,.2737037,
,98.5,9.976593,33.59817,1489.663,25.86172,2.147768E-03,.2747861,
,99,9.974376,33.60004,1489.666,25.86353,2.146151E-03,.2758672,
,99.5,9.972044,33.60193,1489.668,25.86538,2.144489E-03,.2769479,
,100,9.971313,33.60411,1489.676,25.86722,2.142858E-03,.2780276,
,100.5,9.971876,33.60651,1489.69,25.86904,2.141251E-03,.2791066,
,101,9.972457,33.6091,1489.703,25.87099,2.139469E-03,.2801845,
,101.5,9.972572,33.61176,1489.715,25.87305,2.137575E-03,.2812617,
,102,9.970951,33.61446,1489.721,25.87538,2.135418E-03,.2823376,
,102.5,9.9695,33.61773,1489.728,25.87814,2.132868E-03,.2834125,
,103,9.968328,33.62193,1489.737,25.88163,2.129671E-03,.2844858,
,103.5,9.964622,33.62638,1489.738,25.88572,2.125921E-03,.2855575,
,104,9.957823,33.63113,1489.727,25.89056,2.121494E-03,.2866271,
,104.5,9.952374,33.63579,1489.721,25.89512,2.117277E-03,.2876947,
,105,9.948375,33.64036,1489.721,25.89938,2.113283E-03,.2887602,
,105.5,9.946777,33.64382,1489.728,25.90236,2.110541E-03,.289824,
,106,9.946836,33.64652,1489.739,25.90447,2.108661E-03,.2908867,
,106.5,9.947618,33.64808,1489.752,25.90559,2.107709E-03,.2919486,
,107,9.948664,33.64923,1489.766,25.90635,2.107095E-03,.2930102,
,107.5,9.949183,33.64978,1489.777,25.9067,2.106828E-03,.2940714,
,108,9.949583,33.6502,1489.787,25.90695,2.106639E-03,.2951326,
,108.5,9.951617,33.65058,1489.803,25.90687,2.106816E-03,.2961938,
,109,9.953902,33.65095,1489.82,25.90675,2.107048E-03,.297255,
,109.5,9.953855,33.65063,1489.828,25.90649,2.107403E-03,.2983164,
,110,9.953371,33.65025,1489.834,25.90626,2.107731E-03,.2993779,
,110.5,9.949131,33.64957,1489.826,25.90644,2.107666E-03,.3004396,
,111,9.944892,33.6489,1489.818,25.90662,.0021076,.3015012,
,111.5,9.938855,33.6476,1489.803,25.90662,2.107701E-03,.3025628,
,112,9.932813,33.6463,1489.788,25.90662,2.107802E-03,.3036245,
,112.5,9.929118,33.64518,1489.781,25.90638,2.108081E-03,.3046863,
,113,9.925678,33.64408,1489.776,25.90613,2.108376E-03,.3057482,
,113.5,9.924266,33.64356,1489.779,25.90595,2.108641E-03,.3068103,
,114,9.922853,33.64304,1489.781,25.90578,2.108906E-03,.3078724,
,114.5,9.92253,33.64334,1489.789,25.90604,2.108761E-03,.3089346,
,115,9.92232,33.64372,1489.797,25.90635,2.108575E-03,.3099968,
,115.5,9.92207,33.64413,1489.805,25.90672,2.108277E-03,.3110588,
,116,9.921817,33.64455,1489.813,25.90709,2.107972E-03,.3121207,
,116.5,9.922766,33.64513,1489.825,25.90742,2.107775E-03,.3131824,
,117,9.923714,33.64569,1489.837,25.90772,2.107598E-03,.3142441,
,117.5,9.924396,33.64604,1489.849,25.90787,2.107588E-03,.3153057,
,118,9.92458,33.64633,1489.858,25.90806,2.107509E-03,.3163673,
,118.5,9.923956,33.64652,1489.864,25.90831,2.107318E-03,.3174289,
,119,9.921684,33.64654,1489.864,25.90871,2.107023E-03,.3184902,
,119.5,9.917527,33.64637,1489.857,25.90927,2.106611E-03,.3195515,
,120,9.911924,33.64648,1489.845,25.91026,2.105805E-03,.3206124,
,120.5,9.905987,33.64681,1489.833,25.91146,2.104785E-03,.3216729,
,121,9.901235,33.64783,1489.825,25.91314,2.103252E-03,.3227325,
,121.5,9.895694,33.64902,1489.815,25.91504,2.101496E-03,.3237917,
,122,9.887462,33.65076,1489.795,25.91775,2.098978E-03,.3248494,
,122.5,9.880015,33.65243,1489.779,25.92025,2.096676E-03,.3259063,
,123,9.873855,33.65394,1489.767,25.92243,2.094727E-03,.3269619,
,123.5,9.86879,33.6552,1489.758,25.92426,2.093096E-03,.3280167,
,124,9.864711,33.65623,1489.753,25.92579,2.091748E-03,.3290707,
,124.5,9.861785,33.65729,1489.752,25.92713,2.090554E-03,.3301242,
,125,9.860283,33.65839,1489.756,25.92824,2.08955E-03,.331177,
,125.5,9.859,33.6596,1489.761,25.92941,2.088539E-03,.3322293,
,126,9.857966,33.66093,1489.768,25.93067,2.08752E-03,.3332811,
,126.5,9.85833,33.66285,1489.779,25.93209,2.08628E-03,.3343323,
,127,9.860003,33.6653,1489.797,25.93367,2.084833E-03,.335383,
,127.5,9.865874,33.66732,1489.829,25.93427,2.084362E-03,.3364331,
,128,9.8732,33.66919,1489.866,25.93454,2.084228E-03,.3374831,
,128.5,9.882225,33.67059,1489.908,25.93409,2.084811E-03,.3385333,
,129,9.891503,33.67191,1489.952,25.93353,2.085501E-03,.3395835,
,129.5,9.895215,33.67234,1489.974,25.9333,2.085794E-03,.3406342,
,130,9.898119,33.67267,1489.993,25.93312,2.086022E-03,.341685,
,130.5,9.898747,33.67331,1490.005,25.93346,2.085819E-03,.3427357,
,131,9.899053,33.67401,1490.015,25.93391,2.085514E-03,.3437863,
,131.5,9.898239,33.67493,1490.021,25.93475,2.084851E-03,.3448367,
,132,9.897351,33.67581,1490.028,25.93558,2.084154E-03,.3458867,
,132.5,9.896976,33.6768,1490.036,25.93641,2.083435E-03,.3469365,
,133,9.899648,33.67847,1490.056,25.9373,2.08271E-03,.3479857,
,133.5,9.903384,33.68032,1490.08,25.93813,2.082026E-03,.3490348,
,134,9.911095,33.68283,1490.119,25.9388,2.081497E-03,.3500835,
,134.5,9.918165,33.68555,1490.156,25.93974,2.080711E-03,.3511319,
,135,9.922791,33.68909,1490.185,25.94174,2.078945E-03,.3521795,
,135.5,9.925372,33.6921,1490.207,25.94365,2.077253E-03,.3532263,
,136,9.925848,33.69456,1490.22,25.94547,2.075638E-03,.3542724,
,136.5,9.922477,33.69725,1490.219,25.94813,2.073194E-03,.3553171,
,137,9.916712,33.70008,1490.21,25.9513,2.070234E-03,.356361,
,137.5,9.901157,33.70288,1490.166,25.95611,2.06577E-03,.3574024,
,138,9.881252,33.70566,1490.105,25.96165,2.060638E-03,.3584427,
,138.5,9.872898,33.70736,1490.085,25.96435,2.058131E-03,.3594796,
,139,9.865555,33.70871,1490.069,25.96662,2.056041E-03,.3605163,
,139.5,9.862604,33.70851,1490.066,25.967,2.055794E-03,.3615519,
,140,9.860247,33.70832,1490.066,25.96729,2.055615E-03,.3625876,
,140.5,9.859935,33.70821,1490.073,25.96729,2.05567E-03,.3636232,
,141,9.859103,33.70803,1490.078,25.96729,2.055749E-03,.3646588,
,141.5,9.857514,33.70775,1490.08,25.96729,2.055863E-03,.3656944,
,142,9.856714,33.70797,1490.086,25.96756,2.055725E-03,.3667301,
,142.5,9.856597,33.70862,1490.094,25.96807,2.055369E-03,.3677656,
,143,9.853059,33.70879,1490.09,25.96878,2.054768E-03,.3688008,
,143.5,9.849329,33.70903,1490.085,25.96957,2.054072E-03,.3698359,
,144,9.846895,33.70979,1490.086,25.97058,2.053166E-03,.3708703,
,144.5,9.84309,33.71013,1490.081,25.97148,2.052364E-03,.3719046,
,145,9.835633,33.70932,1490.061,25.97209,2.051842E-03,.3729384,
,145.5,9.830819,33.70844,1490.051,25.97222,2.051802E-03,.3739721,
,146,9.829028,33.70747,1490.051,25.97181,2.052313E-03,.3750059,
,146.5,9.827036,33.70628,1490.051,25.9712,2.052968E-03,.3760401,
,147,9.824953,33.70499,1490.05,25.9705,2.053686E-03,.3770744,
,147.5,9.823911,33.70435,1490.054,25.97017,2.054128E-03,.3781092,
,148,9.823098,33.70394,1490.059,25.96999,2.054406E-03,.3791441,
,148.5,9.822607,33.70393,1490.065,25.97006,2.054397E-03,.3801791,
,149,9.821041,33.70391,1490.068,25.97033,2.054314E-03,.381214,
,149.5,9.818672,33.70391,1490.068,25.97073,2.054176E-03,.3822489,
,150,9.816295,33.70398,1490.067,25.9712,2.053786E-03,.3832836,
,150.5,9.813913,33.70407,1490.067,25.97168,2.053317E-03,.3843183,
,151,9.810343,33.70382,1490.062,25.97208,2.053055E-03,.3853526,
,151.5,9.80722,33.7036,1490.059,25.97242,2.052833E-03,.386387,
,152,9.80648,33.70358,1490.065,25.97249,2.052824E-03,.3874212,
,152.5,9.805608,33.70347,1490.07,25.97253,2.052865E-03,.3884555,
,153,9.804457,33.70319,1490.073,25.97253,2.053011E-03,.3894897,
,153.5,9.80514,33.7027,1490.083,25.97202,2.053582E-03,.3905242,
,154,9.806173,33.70229,1490.095,25.97152,2.054129E-03,.3915589,
,154.5,9.807209,33.70204,1490.107,25.97114,2.054544E-03,.3925939,
,155,9.806658,33.7027,1490.114,25.97175,2.054122E-03,.3936287,
,155.5,9.805708,33.7036,1490.12,25.97261,2.05349E-03,.3946636,
,156,9.80308,33.70532,1490.121,25.97437,2.051875E-03,.3956974,
,156.5,9.800342,33.70709,1490.121,25.97619,2.050197E-03,.3967311,
,157,9.796007,33.7094,1490.117,25.97876,2.04781E-03,.397763,
,157.5,9.79157,33.71166,1490.112,25.9813,2.045468E-03,.3987944,
,158,9.786737,33.71375,1490.105,25.98372,2.043327E-03,.3998243,
,158.5,9.783541,33.71578,1490.104,25.98584,2.041399E-03,.4008532,
,159,9.781001,33.71775,1490.106,25.98784,2.039569E-03,.4018815,
,159.5,9.776955,33.71956,1490.101,25.98991,2.037671E-03,.4029084,
,160,9.773203,33.72136,1490.098,25.99192,2.035862E-03,.4039345,
,160.5,9.76976,33.72314,1490.096,25.99386,2.034146E-03,.4049599,
,161,9.76681,33.72474,1490.096,25.99558,2.032587E-03,.4059842,
,161.5,9.76375,33.72623,1490.095,25.99725,2.031065E-03,.4070081,
,162,9.759102,33.72729,1490.088,25.9989,2.02963E-03,.4080309,
,162.5,9.755297,33.72828,1490.083,26.00031,2.028385E-03,.4090532,
,163,9.752742,33.72915,1490.083,26.00139,2.027421E-03,.410075,
,163.5,9.749443,33.73036,1490.081,26.00289,2.026056E-03,.411096,
,164,9.745601,33.7318,1490.078,26.00467,2.024437E-03,.4121165,
,164.5,9.739902,33.73386,1490.068,26.00723,2.022143E-03,.4131357,
,165,9.734431,33.73619,1490.059,26.00994,2.019675E-03,.4141539,
,165.5,9.729253,33.73886,1490.052,26.01284,2.016981E-03,.4151709,
,166,9.724193,33.74196,1490.045,26.01612,2.013978E-03,.4161861,
,166.5,9.719053,33.74524,1490.039,26.01958,2.010816E-03,.4172005,
,167,9.710543,33.75004,1490.022,26.02473,2.005993E-03,.4182115,
,167.5,9.70019,33.7563,1490.001,26.03133,1.999785E-03,.419221,
,168,9.683656,33.76751,1489.963,26.04284,1.988934E-03,.4202252,
,168.5,9.656427,33.7786,1489.886,26.05598,1.976487E-03,.4212237,
,169,9.620179,33.78961,1489.776,26.07051,1.962693E-03,.4222174,
,169.5,9.602988,33.79957,1489.734,26.08117,1.952641E-03,.4232031,
,170,9.591954,33.8073,1489.711,26.08905,1.945227E-03,.4241859,
,170.5,9.586288,33.81016,1489.702,26.09219,1.942313E-03,.4251653,
,171,9.580132,33.812,1489.69,26.09459,1.940139E-03,.4261432,
,171.5,9.573767,33.81339,1489.677,26.09667,1.938284E-03,.4271206,
,172,9.569929,33.81509,1489.674,26.09864,1.936481E-03,.4280965,
,172.5,9.566407,33.81677,1489.671,26.10056,1.934724E-03,.429072,
,173,9.562714,33.81807,1489.668,26.10221,1.933222E-03,.4300463,
,173.5,9.559773,33.81963,1489.667,26.10392,1.931669E-03,.43102,
,174,9.557422,33.82145,1489.669,26.1057,1.93005E-03,.431993,
,174.5,9.552212,33.82307,1489.66,26.10787,1.928131E-03,.4329648,
,175,9.547249,33.82484,1489.653,26.1101,1.926116E-03,.4339358,
,175.5,9.542558,33.82677,1489.646,26.1124,1.923993E-03,.4349059,
,176,9.538482,33.82857,1489.642,26.11448,1.92209E-03,.4358747,
,176.5,9.534101,33.83028,1489.636,26.11652,1.920232E-03,.4368428,
,177,9.529067,33.83189,1489.628,26.11856,1.918377E-03,.43781,
,177.5,9.524543,33.83344,1489.622,26.12049,1.916673E-03,.438776,
,178,9.519813,33.83522,1489.615,26.12265,1.914733E-03,.4397412,
,178.5,9.514741,33.83736,1489.608,26.12518,1.912403E-03,.4407054,
,179,9.508852,33.83929,1489.597,26.12769,1.910083E-03,.4416684,
,179.5,9.502697,33.8411,1489.585,26.13017,1.90779E-03,.4426306,
,180,9.501158,33.84284,1489.59,26.13173,1.906371E-03,.4435913,
,180.5,9.49919,33.84448,1489.593,26.13328,1.904983E-03,.4445516,
,181,9.496531,33.84596,1489.593,26.13483,1.903643E-03,.4455112,
,181.5,9.492961,33.84733,1489.59,26.1365,1.902142E-03,.4464699,
,182,9.489387,33.84865,1489.587,26.13814,1.900648E-03,.4474282,
,182.5,9.489219,33.84977,1489.596,26.13907,1.899841E-03,.4483856,
,183,9.488018,33.85077,1489.601,26.14004,1.899033E-03,.4493427,
,183.5,9.486202,33.85173,1489.604,26.14107,1.898189E-03,.4502994,
,184,9.483782,33.85339,1489.606,26.1428,1.896674E-03,.4512553,
,184.5,9.481077,33.85505,1489.606,26.14456,1.895109E-03,.4522108,
,185,9.477262,33.8567,1489.603,26.14648,1.893342E-03,.4531651,
,185.5,9.474667,33.8581,1489.603,26.14799,1.891963E-03,.4541189,
,186,9.473711,33.85917,1489.609,26.14897,1.891105E-03,.4550721,
,186.5,9.473009,33.85947,1489.615,26.14929,1.890918E-03,.456025,
,187,9.472237,33.85964,1489.621,26.14954,1.890806E-03,.4569778,
,187.5,9.470986,33.86002,1489.625,26.1501,1.890342E-03,.4579304,
,188,9.469041,33.86033,1489.627,26.15064,1.889946E-03,.4588828,
,188.5,9.466899,33.86066,1489.627,26.15119,1.889548E-03,.4598351,
,189,9.465826,33.86146,1489.633,26.15203,1.888821E-03,.4607869,
,189.5,9.463243,33.86222,1489.633,26.15304,1.88793E-03,.4617385,
,190,9.458997,33.86292,1489.626,26.15424,1.886861E-03,.4626897,
,190.5,9.455486,33.86419,1489.623,26.15585,1.88548E-03,.46364,
,191,9.452167,33.86533,1489.621,26.15729,1.884188E-03,.4645898,
,191.5,9.448976,33.86637,1489.619,26.15858,1.882955E-03,.465539,
,192,9.445736,33.86799,1489.617,26.16041,1.881284E-03,.4664873,
,192.5,9.44155,33.86998,1489.613,26.16268,1.879237E-03,.4674347,
,193,9.436562,33.87228,1489.606,26.16531,1.87687E-03,.4683813,
,193.5,9.429599,33.87708,1489.594,26.17016,1.872353E-03,.4693255,
,194,9.419161,33.88253,1489.571,26.17609,1.866819E-03,.4702677,
,194.5,9.407902,33.88796,1489.545,26.18215,1.861167E-03,.4712073,
,195,9.405949,33.89255,1489.552,26.18604,1.857561E-03,.4721443,
