,0,21.23248,33.50694,1523.172,23.29608,4.572378E-03,0,
,.5,21.23248,33.50694,1523.172,23.29608,4.572378E-03,0,
,1,21.24327,33.49343,1523.194,23.28293,4.585146E-03,4.606857E-03,
,1.5,21.23787,33.48955,1523.184,23.28146,4.586759E-03,6.915092E-03,
,2,21.21845,33.48627,1523.136,23.28423,4.584257E-03,9.222805E-03,
,2.5,21.17742,33.48223,1523.03,23.29225,4.576691E-03,1.152816E-02,
,3,21.10057,33.47564,1522.824,23.30809,4.561745E-03,.0138278,
,3.5,20.9549,33.46431,1522.425,23.33872,4.532659E-03,1.611257E-02,
,4,20.7604,33.45177,1521.891,23.38132,4.492139E-03,1.838641E-02,
,4.5,20.37937,33.43973,1520.84,23.47327,4.404518E-03,2.061754E-02,
,5,19.8966,33.42277,1519.489,23.58667,4.29641E-03,2.280783E-02,
,5.5,19.32681,33.4017,1517.876,23.71792,4.171266E-03,2.494787E-02,
,6,18.82875,33.38458,1516.443,23.83079,4.063741E-03,2.701623E-02,
,6.5,18.33921,33.36145,1515.01,23.93482,3.96463E-03,2.903334E-02,
,7,17.87252,33.33575,1513.626,24.02964,3.874293E-03,3.101165E-02,
,7.5,17.46672,33.3102,1512.404,24.1079,3.799797E-03,3.294454E-02,
,8,17.12987,33.29078,1511.383,24.17302,3.737908E-03,3.484076E-02,
,8.5,16.76709,33.29155,1510.297,24.25858,3.656497E-03,3.670164E-02,
,9,16.39677,33.29084,1509.175,24.34346,3.575628E-03,3.851635E-02,
,9.5,16.07411,33.2901,1508.192,24.41665,3.505932E-03,.0403023,
,10,15.83362,33.28903,1507.455,24.47007,3.45519E-03,4.205798E-02,
,10.5,15.65053,33.27822,1506.881,24.50271,3.424174E-03,4.378888E-02,
,11,15.50615,33.27758,1506.437,24.53424,3.394275E-03,.0455029,
,11.5,15.37373,33.27986,1506.032,24.56519,3.364937E-03,4.720325E-02,
,12,15.24696,33.28339,1505.645,24.59569,3.336009E-03,4.889152E-02,
,12.5,15.09468,33.28566,1505.175,24.63066,3.302778E-03,5.055976E-02,
,13,14.93572,33.28712,1504.681,24.66635,3.268863E-03,.0522176,
,13.5,14.78276,33.28657,1504.201,24.69883,3.238082E-03,5.385517E-02,
,14,14.65012,33.28469,1503.782,24.72573,3.212608E-03,5.547668E-02,
,14.5,14.5259,33.28241,1503.39,24.75042,3.18921E-03,5.708981E-02,
,15,14.41196,33.27993,1503.028,24.77262,3.168129E-03,.0586894,
,15.5,14.29642,33.27833,1502.662,24.79571,3.146268E-03,6.027839E-02,
,16,14.18284,33.27757,1502.302,24.8189,3.124315E-03,6.185791E-02,
,16.5,14.07798,33.2779,1501.97,24.84097,3.103371E-03,6.342592E-02,
,17,13.98778,33.28091,1501.688,24.862,3.083472E-03,6.498081E-02,
,17.5,13.89777,33.28477,1501.407,24.88361,3.063019E-03,6.652977E-02,
,18,13.79661,33.29005,1501.091,24.90855,3.03933E-03,6.806378E-02,
,18.5,13.6854,33.29581,1500.741,24.93578,3.013508E-03,6.958771E-02,
,19,13.56311,33.3021,1500.355,24.96552,2.985334E-03,7.110049E-02,
,19.5,13.46419,33.30622,1500.042,24.98873,2.963309E-03,7.259554E-02,
,20,13.37863,33.30889,1499.77,25.00807,2.944995E-03,7.408375E-02,
,20.5,13.31044,33.30965,1499.554,25.02234,2.931552E-03,7.556381E-02,
,21,13.22381,33.31069,1499.276,25.04052,2.914338E-03,7.703426E-02,
,21.5,13.12405,33.3134,1498.955,25.06249,2.893509E-03,7.849622E-02,
,22,13.01525,33.31771,1498.606,25.08738,2.869909E-03,7.994744E-02,
,22.5,12.90751,33.32222,1498.259,25.11213,2.846428E-03,8.138757E-02,
,23,12.82263,33.32257,1497.983,25.12903,2.830499E-03,8.281528E-02,
,23.5,12.75988,33.32131,1497.779,25.14039,2.819807E-03,8.423803E-02,
,24,12.7156,33.31911,1497.636,25.14741,2.813188E-03,8.565631E-02,
,24.5,12.67236,33.31783,1497.497,25.15474,2.806198E-03,8.707085E-02,
,25,12.61758,33.3214,1497.325,25.16817,2.793531E-03,8.847889E-02,
,25.5,12.55176,33.32636,1497.117,25.18479,2.777828E-03,8.988216E-02,
,26,12.45707,33.33222,1496.812,25.20757,2.756222E-03,9.127415E-02,
,26.5,12.36273,33.33831,1496.507,25.23038,2.734621E-03,9.265584E-02,
,27,12.26863,33.34456,1496.203,25.25322,2.713024E-03,9.403004E-02,
,27.5,12.17501,33.34555,1495.893,25.27178,2.695444E-03,.0953896,
,28,12.09516,33.34554,1495.629,25.28688,2.681146E-03,9.674378E-02,
,28.5,12.03261,33.3446,1495.422,25.29793,2.670705E-03,9.809213E-02,
,29,11.97105,33.34302,1495.217,25.30831,2.660988E-03,9.943336E-02,
,29.5,11.90413,33.34493,1494.998,25.32232,2.647716E-03,.1007688,
,30,11.83274,33.34912,1494.766,25.33889,2.631958E-03,.1020998,
,30.5,11.7373,33.35403,1494.451,25.36041,2.611601E-03,.1034158,
,31,11.64732,33.35852,1494.154,25.38059,2.592518E-03,.1047291,
,31.5,11.58212,33.36115,1493.94,25.39465,2.579211E-03,.1060301,
,32,11.53506,33.36199,1493.786,25.4039,2.570488E-03,.1073273,
,32.5,11.50498,33.36156,1493.69,25.40901,2.565708E-03,.1086204,
,33,11.47922,33.36168,1493.609,25.41385,2.561188E-03,.1099113,
,33.5,11.45534,33.36487,1493.538,25.42071,2.554798E-03,.1111984,
,34,11.43339,33.36834,1493.474,25.42742,2.548551E-03,.1124832,
,34.5,11.41389,33.37215,1493.419,25.43394,2.542486E-03,.1137653,
,35,11.38796,33.37506,1493.341,25.44096,2.535905E-03,.1150436,
,35.5,11.36108,33.37793,1493.259,25.44808,2.529218E-03,.1163187,
,36,11.32964,33.38097,1493.161,25.45612,2.521623E-03,.1175901,
,36.5,11.28948,33.38428,1493.033,25.46594,2.512303E-03,.1188579,
,37,11.23219,33.38907,1492.847,25.48005,2.499033E-03,.1201195,
,37.5,11.15877,33.39342,1492.604,25.49661,2.483329E-03,.1213726,
,38,11.09076,33.39634,1492.378,25.51114,2.46956E-03,.1226202,
,38.5,11.04734,33.39833,1492.236,25.52045,2.460858E-03,.1238619,
,39,11.03161,33.39814,1492.189,25.52314,2.458393E-03,.1251003,
,39.5,11.02105,33.39721,1492.159,25.52423,2.457429E-03,.1263379,
,40,11.01269,33.39679,1492.137,25.52533,2.45646E-03,.1275749,
,40.5,11.00623,33.39788,1492.124,25.52734,2.454609E-03,.1288113,
,41,11.00068,33.39939,1492.115,25.5295,2.452674E-03,.1300466,
,41.5,10.99549,33.40105,1492.107,25.53173,2.450697E-03,.1312812,
,42,10.9905,33.40279,1492.1,25.53401,2.44867E-03,.1325145,
,42.5,10.98537,33.40427,1492.092,25.53606,2.446802E-03,.1337469,
,43,10.98037,33.40559,1492.084,25.53795,2.445067E-03,.1349787,
,43.5,10.97733,33.40653,1492.083,25.5393,2.443874E-03,.1362095,
,44,10.97461,33.40691,1492.082,25.54008,2.443302E-03,.1374399,
,44.5,10.97177,33.40718,1492.081,25.54078,2.442743E-03,.1386699,
,45,10.96842,33.40748,1492.078,25.54159,2.442033E-03,.1398998,
,45.5,10.96287,33.4079,1492.067,25.5429,2.440858E-03,.141129,
,46,10.95466,33.40856,1492.047,25.54487,2.439099E-03,.1423575,
,46.5,10.94432,33.40942,1492.02,25.54739,2.436845E-03,.1435852,
,47,10.93365,33.41036,1491.992,25.55,2.434439E-03,.1448116,
,47.5,10.92094,33.41068,1491.956,25.55253,2.432172E-03,.1460367,
,48,10.90899,33.4109,1491.922,25.55483,2.430105E-03,.1472609,
,48.5,10.89862,33.41111,1491.894,25.55682,.0024283,.1484842,
,49,10.88669,33.41111,1491.86,25.55892,2.426399E-03,.1497065,
,49.5,10.87726,33.4117,1491.836,25.56104,2.424461E-03,.1509276,
,50,10.87082,33.41199,1491.822,25.56242,2.423217E-03,.1521481,
,50.5,10.86562,33.41219,1491.812,25.56352,2.422271E-03,.1533681,
,51,10.86119,33.41237,1491.805,25.56445,2.421538E-03,.1545876,
,51.5,10.85559,33.41262,1491.794,25.56567,2.42046E-03,.1558066,
,52,10.84744,33.41316,1491.774,25.5675,2.418791E-03,.1570249,
,52.5,10.83526,33.41411,1491.741,25.57033,2.416205E-03,.1582422,
,53,10.81838,33.41544,1491.691,25.57433,2.412551E-03,.159458,
,53.5,10.79073,33.41853,1491.605,25.58167,2.405659E-03,.1606704,
,54,10.7581,33.4221,1491.502,25.59023,2.397568E-03,.1618801,
,54.5,10.7193,33.42586,1491.378,25.59992,2.388347E-03,.1630857,
,55,10.7014,33.42859,1491.326,25.60517,2.383497E-03,.1642866,
,55.5,10.68739,33.4304,1491.287,25.60903,2.379957E-03,.165486,
,56,10.67695,33.43103,1491.259,25.61138,2.377842E-03,.166684,
,56.5,10.66714,33.43189,1491.234,25.61378,2.375596E-03,.1678807,
,57,10.65774,33.43299,1491.21,25.61629,2.37323E-03,.1690766,
,57.5,10.64889,33.4349,1491.189,25.61928,2.370572E-03,.170271,
,58,10.64066,33.4371,1491.171,25.62238,2.36779E-03,.1714638,
,58.5,10.63184,33.43965,1491.151,25.6259,2.364558E-03,.1726553,
,59,10.62269,33.44246,1491.13,25.6297,2.361028E-03,.1738452,
,59.5,10.61396,33.44527,1491.111,25.63343,2.357559E-03,.1750334,
,60,10.6085,33.44762,1491.103,25.63623,2.354976E-03,.1762198,
,60.5,10.60486,33.44964,1491.101,25.6384,2.352982E-03,.177405,
,61,10.6017,33.45154,1491.1,25.64039,2.351171E-03,.1785896,
,61.5,10.59783,33.45346,1491.097,25.64261,2.349241E-03,.1797728,
,62,10.59351,33.45567,1491.093,25.64512,2.346998E-03,.1809553,
,62.5,10.5884,33.45839,1491.086,25.64812,2.344196E-03,.1821364,
,63,10.58226,33.46151,1491.076,25.65163,2.340926E-03,.183316,
,63.5,10.57531,33.46496,1491.064,25.65554,2.337288E-03,.1844944,
,64,10.56676,33.46893,1491.047,25.6601,2.333111E-03,.18567,
,64.5,10.55647,33.4736,1491.024,25.66551,2.328013E-03,.1868436,
,65,10.54558,33.47967,1491.001,25.67208,2.321829E-03,.1880144,
,65.5,10.53407,33.48613,1490.976,25.67909,2.315247E-03,.1891817,
,66,10.52234,33.49218,1490.95,25.68591,2.308868E-03,.1903464,
,66.5,10.51385,33.4981,1490.936,25.69198,2.30326E-03,.1915077,
,67,10.51139,33.50222,1490.94,25.69563,2.299879E-03,.1926664,
,67.5,10.51145,33.50599,1490.953,25.69856,2.297184E-03,.1938241,
,68,10.51495,33.50967,1490.978,25.7008,2.295192E-03,.1949805,
,68.5,10.51954,33.51319,1491.007,25.70276,2.293423E-03,.1961358,
,69,10.52153,33.51751,1491.028,25.70579,2.29063E-03,.1972901,
,69.5,10.52019,33.52213,1491.037,25.70962,2.287086E-03,.1984427,
,70,10.52204,33.52548,1491.056,25.71192,2.284989E-03,.1995941,
,70.5,10.53601,33.52991,1491.119,25.71302,2.28411E-03,.2007445,
,71,10.5473,33.5338,1491.172,25.71406,2.283263E-03,.2018945,
,71.5,10.55566,33.53756,1491.215,25.71549,2.282026E-03,.203044,
,72,10.55701,33.54138,1491.233,25.71822,2.279497E-03,.2041925,
,72.5,10.55634,33.54447,1491.242,25.72075,.0022772,.2053398,
,73,10.55445,33.54712,1491.247,25.72315,2.275047E-03,.2064864,
,73.5,10.54908,33.54797,1491.237,25.72474,2.273675E-03,.2076315,
,74,10.54321,33.54836,1491.225,25.72605,2.272533E-03,.2087763,
,74.5,10.53657,33.54798,1491.209,25.72694,2.271758E-03,.2099206,
,75,10.52985,33.54749,1491.193,25.72773,2.271062E-03,.2110644,
,75.5,10.52262,33.54701,1491.175,25.72861,2.270291E-03,.212208,
,76,10.51258,33.54672,1491.147,25.73008,2.26904E-03,.213351,
,76.5,10.5031,33.54723,1491.123,25.7321,2.267226E-03,.2144932,
,77,10.49481,33.54829,1491.103,25.73437,2.265151E-03,.2156344,
,77.5,10.488,33.54953,1491.088,25.73657,2.263132E-03,.2167748,
,78,10.48359,33.55107,1491.083,25.73852,2.261332E-03,.2179138,
,78.5,10.47946,33.5527,1491.078,25.74051,2.25953E-03,.2190524,
,79,10.47519,33.55445,1491.073,25.74268,2.257627E-03,.2201899,
,79.5,10.47199,33.55656,1491.073,25.74482,2.255709E-03,.2213264,
,80,10.46862,33.55822,1491.071,25.74667,2.254028E-03,.2224619,
,80.5,10.46458,33.55966,1491.067,25.74853,2.252336E-03,.2235964,
,81,10.4602,33.56104,1491.061,25.7504,2.250616E-03,.2247305,
,81.5,10.45196,33.56232,1491.042,25.75279,2.248458E-03,.2258631,
,82,10.44258,33.56358,1491.018,25.75535,2.246146E-03,.2269952,
,82.5,10.43059,33.56476,1490.985,25.75828,2.243444E-03,.2281258,
,83,10.4098,33.56723,1490.922,25.76389,2.238226E-03,.2292544,
,83.5,10.3809,33.56868,1490.829,25.7699,2.232613E-03,.23038,
,84,10.35988,33.56967,1490.764,25.77433,2.22841E-03,.2315031,
,84.5,10.34089,33.56961,1490.704,25.77758,2.225362E-03,.2326246,
,85,10.32175,33.5689,1490.643,25.7803,2.222853E-03,.2337449,
,85.5,10.30074,33.56868,1490.576,25.7837,2.219678E-03,.2348634,
,86,10.27828,33.56948,1490.505,25.78819,2.215529E-03,.23598,
,86.5,10.25478,33.57105,1490.431,25.79346,2.210656E-03,.2370952,
,87,10.22909,33.57478,1490.352,25.80072,2.203834E-03,.2382063,
,87.5,10.21019,33.57941,1490.298,25.80754,2.197382E-03,.2393144,
,88,10.19687,33.58449,1490.265,25.81376,2.19148E-03,.2404202,
,88.5,10.19497,33.58915,1490.272,25.81778,.0021878,.2415226,
,89,10.19571,33.59379,1490.288,25.82126,2.184594E-03,.2426237,
,89.5,10.19888,33.5984,1490.314,25.82425,2.181821E-03,.2437236,
,90,10.19455,33.60287,1490.312,25.82847,2.177958E-03,.2448211,
,90.5,10.18873,33.6072,1490.304,25.83288,2.173882E-03,.2459169,
,91,10.18181,33.61142,1490.293,25.83741,2.169656E-03,.2470112,
,91.5,10.17408,33.61563,1490.279,25.84196,2.165489E-03,.2481026,
,92,10.1679,33.62008,1490.27,25.84651,2.161275E-03,.249192,
,92.5,10.16128,33.62466,1490.26,25.85125,2.156839E-03,.2502796,
,93,10.15062,33.62932,1490.236,25.85667,2.15176E-03,.2513645,
,93.5,10.13592,33.63449,1490.198,25.8632,2.145633E-03,.2524465,
,94,10.11826,33.63988,1490.149,25.8704,2.138877E-03,.2535257,
,94.5,10.09818,33.64525,1490.092,25.878,2.13175E-03,.2546015,
,95,10.07977,33.6508,1490.041,25.88545,2.124755E-03,.2556734,
,95.5,10.05769,33.65613,1489.976,25.89335,2.117343E-03,.2567414,
,96,10.04314,33.66015,1489.937,25.89891,2.112134E-03,.2578062,
,96.5,10.03304,33.66339,1489.913,25.90311,2.108227E-03,.2588694,
,97,10.02893,33.6654,1489.909,25.90537,2.106198E-03,.2599306,
,97.5,10.02434,33.66738,1489.903,25.90769,2.104096E-03,.260991,
,98,10.01903,33.66931,1489.895,25.91009,2.101885E-03,.2620504,
,98.5,10.00996,33.67268,1489.874,25.91428,2.097989E-03,.2631077,
,99,9.997836,33.67591,1489.843,25.91881,2.093755E-03,.2641632,
,99.5,9.984228,33.67891,1489.806,25.9234,2.089474E-03,.2652172,
,100,9.976723,33.68163,1489.79,25.92684,2.086275E-03,.2662686,
,100.5,9.970263,33.68337,1489.777,25.92928,2.084041E-03,.2673188,
,101,9.964491,33.68469,1489.767,25.93126,2.082235E-03,.2683681,
,101.5,9.959222,33.68589,1489.757,25.93308,2.080573E-03,.2694165,
,102,9.95572,33.687,1489.754,25.93457,2.079298E-03,.270464,
,102.5,9.95237,33.68813,1489.752,25.93604,2.078014E-03,.271511,
,103,9.948803,33.6893,1489.749,25.9376,2.076625E-03,.2725574,
,103.5,9.943546,33.6906,1489.74,25.9395,2.074898E-03,.2736029,
,104,9.935596,33.69201,1489.721,25.94193,2.072672E-03,.2746473,
,104.5,9.929315,33.69306,1489.708,25.94373,2.071043E-03,.2756909,
,105,9.925319,33.69376,1489.703,25.94489,2.070026E-03,.2767339,
,105.5,9.923888,33.69418,1489.706,25.94551,2.069516E-03,.2777764,
,106,9.922978,33.69428,1489.711,25.94579,2.069389E-03,.2788188,
,106.5,9.922076,33.69436,1489.717,25.94603,2.069266E-03,.2798611,
,107,9.921119,33.69446,1489.721,25.94628,2.069101E-03,.2809033,
,107.5,9.920641,33.69467,1489.728,25.94653,2.068936E-03,.2819454,
,108,9.920067,33.69491,1489.735,25.94678,2.068804E-03,.2829875,
,108.5,9.91937,33.69518,1489.741,25.94706,2.06869E-03,.2840295,
,109,9.918797,33.69559,1489.748,25.94746,2.068394E-03,.2850715,
,109.5,9.918409,33.69585,1489.755,25.94775,2.068199E-03,.2861132,
,110,9.9178,33.69619,1489.761,25.94811,2.067926E-03,.2871549,
,110.5,9.916973,33.69659,1489.767,25.94855,2.067572E-03,.2881964,
,111,9.914781,33.69715,1489.768,25.94937,2.066911E-03,.2892376,
,111.5,9.912428,33.69778,1489.769,25.95028,2.066185E-03,.2902786,
,112,9.910373,33.6986,1489.771,25.95127,2.065419E-03,.2913192,
,112.5,9.909167,33.69941,1489.776,25.95214,2.064708E-03,.2923593,
,113,9.908135,33.69992,1489.781,25.95264,2.064231E-03,.2933992,
,113.5,9.907314,33.70055,1489.787,25.95328,2.063733E-03,.2944388,
,114,9.90675,33.70132,1489.794,25.954,2.063179E-03,.2954782,
,114.5,9.906594,33.70232,1489.803,25.95478,2.06252E-03,.2965173,
,115,9.907307,33.70383,1489.816,25.95584,2.061592E-03,.2975559,
,115.5,9.908662,33.70601,1489.832,25.95734,2.060332E-03,.298594,
,116,9.910215,33.70874,1489.849,25.95922,2.058616E-03,.2996313,
,116.5,9.911651,33.71182,1489.866,25.96138,2.056606E-03,.3006678,
,117,9.9126,33.71514,1489.882,25.96381,2.054501E-03,.3017031,
,117.5,9.912806,33.71836,1489.895,25.96627,2.052244E-03,.3027374,
,118,9.91246,33.72152,1489.906,25.96876,2.049874E-03,.3037708,
,118.5,9.913631,33.72457,1489.922,25.97094,2.047953E-03,.3048028,
,119,9.914789,33.72714,1489.938,25.97278,2.046328E-03,.305834,
,119.5,9.915962,33.72937,1489.953,25.97434,2.044924E-03,.3068644,
,120,9.917291,33.7315,1489.968,25.97581,2.043611E-03,.3078943,
,120.5,9.920612,33.73405,1489.992,25.97719,2.042477E-03,.3089233,
,121,9.924268,33.73669,1490.017,25.97863,2.04121E-03,.3099518,
,121.5,9.927664,33.73917,1490.04,25.98002,2.040003E-03,.3109797,
,122,9.930711,33.74148,1490.062,25.98133,2.038907E-03,.3120072,
,122.5,9.934716,33.74349,1490.087,25.98219,2.038159E-03,.3130339,
,123,9.93845,33.74549,1490.112,25.9831,2.037369E-03,.3140604,
,123.5,9.94175,33.74754,1490.134,25.98413,2.036481E-03,.3150866,
,124,9.944631,33.74968,1490.156,25.98533,2.03545E-03,.3161121,
,124.5,9.947424,33.75138,1490.176,25.98632,2.034591E-03,.3171373,
,125,9.947911,33.75261,1490.188,25.98718,2.033912E-03,.3181619,
,125.5,9.946523,33.7535,1490.192,25.98807,2.033182E-03,.3191863,
,126,9.942142,33.75389,1490.185,25.98906,2.032318E-03,.3202103,
,126.5,9.933496,33.75398,1490.162,25.99062,2.030932E-03,.3212337,
,127,9.922147,33.75342,1490.129,25.99207,2.029692E-03,.3222563,
,127.5,9.91227,33.75281,1490.101,25.99326,2.028675E-03,.3232785,
,128,9.904764,33.7522,1490.081,25.99408,2.02796E-03,.3243003,
,128.5,9.898255,33.75106,1490.065,25.99426,2.027848E-03,.3253219,
,129,9.89175,33.74989,1490.048,25.9944,2.027777E-03,.3263434,
,129.5,9.884279,33.74911,1490.028,25.99503,2.027252E-03,.3273647,
,130,9.876395,33.7486,1490.007,25.99595,2.026442E-03,.3283857,
,130.5,9.870009,33.74867,1489.993,25.99707,.0020255,.3294063,
,131,9.867917,33.74996,1489.995,25.99838,2.024406E-03,.3304264,
,131.5,9.867396,33.75192,1490.004,26.00002,2.022863E-03,.3314458,
,132,9.867653,33.75405,1490.016,26.00172,2.021314E-03,.3324643,
,132.5,9.86764,33.7561,1490.026,26.00334,2.019886E-03,.3334821,
,133,9.867482,33.75812,1490.037,26.0049,2.018525E-03,.3344995,
,133.5,9.868525,33.76096,1490.052,26.00692,2.016703E-03,.3355158,
,134,9.868313,33.7645,1490.064,26.00976,2.014111E-03,.3365312,
,134.5,9.867265,33.76753,1490.072,26.01229,2.011856E-03,.337545,
,135,9.865048,33.7701,1490.076,26.01462,2.009764E-03,.338558,
,135.5,9.860957,33.77225,1490.072,26.01694,2.007638E-03,.3395701,
,136,9.857715,33.77398,1490.07,26.0189,2.00588E-03,.340581,
,136.5,9.853897,33.7748,1490.066,26.02018,2.004732E-03,.3415911,
,137,9.849506,33.77546,1490.059,26.02146,2.003619E-03,.3426008,
,137.5,9.844466,33.77624,1490.05,26.02297,2.002323E-03,.3436098,
,138,9.838556,33.77654,1490.037,26.02415,2.001226E-03,.3446182,
,138.5,9.833118,33.77675,1490.026,26.02519,2.000279E-03,.3456262,
,139,9.829382,33.77711,1490.021,26.02613,1.999539E-03,.3466337,
,139.5,9.822842,33.77696,1490.006,26.02709,1.998698E-03,.3476407,
,140,9.816877,33.77681,1489.992,26.02795,1.997942E-03,.3486475,
,140.5,9.814104,33.7769,1489.991,26.02847,1.997515E-03,.3496539,
,141,9.811219,33.77694,1489.989,26.02899,1.997139E-03,.3506601,
,141.5,9.808283,33.77698,1489.987,26.02951,1.996766E-03,.3516662,
,142,9.805512,33.77714,1489.985,26.03009,1.996208E-03,.352672,
,142.5,9.803306,33.77746,1489.986,26.03068,1.995787E-03,.3536775,
,143,9.80101,33.77769,1489.986,26.03124,1.995396E-03,.3546828,
,143.5,9.79851,33.77779,1489.985,26.03177,1.995026E-03,.355688,
,144,9.796578,33.77782,1489.987,26.03212,1.994712E-03,.3566929,
,144.5,9.794921,33.77781,1489.989,26.03237,1.994501E-03,.3576978,
,145,9.79372,33.77771,1489.993,26.03245,1.994568E-03,.3587026,
,145.5,9.793192,33.77764,1489.999,26.03253,1.994579E-03,.3597074,
,146,9.79279,33.77763,1490.006,26.03265,1.994536E-03,.3607123,
,146.5,9.791899,33.77782,1490.011,26.03294,1.994345E-03,.3617171,
,147,9.789876,33.77835,1490.013,26.03365,1.993754E-03,.3627217,
,147.5,9.78735,33.77896,1490.013,26.03457,1.993028E-03,.3637258,
,148,9.783961,33.7796,1490.009,26.03565,1.992129E-03,.3647296,
,148.5,9.779376,33.78028,1490.002,26.0369,1.990998E-03,.365733,
,149,9.77459,33.78127,1489.994,26.03843,1.989656E-03,.3667356,
,149.5,9.769266,33.78241,1489.984,26.04019,1.988111E-03,.3677378,
,150,9.759299,33.78398,1489.959,26.04315,1.985293E-03,.3687385,
,150.5,9.74939,33.78558,1489.933,26.04607,1.982608E-03,.369738,
,151,9.740869,33.78703,1489.912,26.04861,1.980342E-03,.3707364,
,151.5,9.737224,33.78786,1489.908,26.04987,1.979229E-03,.3717339,
,152,9.734122,33.78843,1489.906,26.0508,1.978414E-03,.3727308,
,152.5,9.730458,33.78925,1489.902,26.05203,1.977327E-03,.3737272,
,153,9.725963,33.79042,1489.895,26.05367,1.975847E-03,.3747231,
,153.5,9.720624,33.79163,1489.886,26.05561,1.974082E-03,.3757181,
,154,9.717359,33.79326,1489.884,26.0574,1.972473E-03,.3767122,
,154.5,9.715051,33.79462,1489.886,26.05878,1.971245E-03,.3777056,
,155,9.713195,33.79598,1489.889,26.06013,1.970038E-03,.3786984,
,155.5,9.711828,33.79771,1489.894,26.06176,1.968558E-03,.3796906,
,156,9.710849,33.79955,1489.901,26.06335,1.967169E-03,.380682,
,156.5,9.710026,33.80147,1489.909,26.06495,1.965797E-03,.3816729,
,157,9.709118,33.80353,1489.917,26.06672,1.964275E-03,.3826629,
,157.5,9.707965,33.80536,1489.923,26.0683,1.962882E-03,.3836522,
,158,9.706931,33.80698,1489.929,26.0698,1.961558E-03,.3846408,
,158.5,9.70587,33.80847,1489.936,26.07118,1.960329E-03,.3856287,
,159,9.704647,33.80988,1489.941,26.07246,1.959185E-03,.3866162,
,159.5,9.703214,33.81124,1489.946,26.07376,1.958013E-03,.3876028,
,160,9.701871,33.81255,1489.951,26.07501,1.956948E-03,.3885891,
,160.5,9.700701,33.81378,1489.957,26.07617,1.955992E-03,.3895749,
,161,9.700225,33.81484,1489.964,26.07707,1.955199E-03,.3905602,
,161.5,9.699146,33.81577,1489.97,26.07799,1.954402E-03,.391545,
,162,9.697852,33.81667,1489.975,26.07889,1.953632E-03,.3925295,
,162.5,9.696729,33.81754,1489.98,26.07969,1.952972E-03,.3935137,
,163,9.695425,33.81794,1489.984,26.08021,1.952564E-03,.3944976,
,163.5,9.694844,33.81829,1489.991,26.08059,1.952289E-03,.3954812,
,164,9.693204,33.8184,1489.993,26.08095,1.952084E-03,.3964648,
,164.5,9.691127,33.81854,1489.994,26.0814,1.951754E-03,.3974483,
,165,9.688596,33.81908,1489.994,26.08225,1.950976E-03,.3984314,
,165.5,9.684265,33.82061,1489.988,26.08419,1.949319E-03,.3994141,
,166,9.675238,33.82462,1489.969,26.0888,1.94503E-03,.4003948,
,166.5,9.660979,33.8308,1489.933,26.096,1.938223E-03,.4013726,
,167,9.641902,33.83838,1489.881,26.10508,1.929605E-03,.4023474,
,167.5,9.617002,33.84706,1489.809,26.11593,1.919304E-03,.4033177,
,168,9.601966,33.85503,1489.773,26.12471,1.911062E-03,.4042822,
,168.5,9.591708,33.86077,1489.751,26.13087,1.905362E-03,.4052434,
,169,9.583138,33.86566,1489.734,26.13609,1.90051E-03,.4062023,
,169.5,9.575212,33.87013,1489.719,26.14088,1.895956E-03,.4071591,
,170,9.567873,33.87405,1489.705,26.14514,1.892008E-03,.4081133,
,170.5,9.561387,33.87716,1489.694,26.14864,1.888773E-03,.4090657,
,171,9.554733,33.88032,1489.682,26.15223,1.88545E-03,.4100164,
,171.5,9.547313,33.88346,1489.667,26.15592,1.882024E-03,.4109656,
,172,9.538738,33.88639,1489.647,26.15961,1.878604E-03,.4119132,
,172.5,9.531537,33.88871,1489.632,26.16257,1.875854E-03,.4128587,
,173,9.525526,33.89079,1489.621,26.16517,1.873478E-03,.4138035,
,173.5,9.522184,33.89251,1489.619,26.16708,1.871827E-03,.4147472,
,174,9.518194,33.89388,1489.615,26.16883,1.870175E-03,.4156899,
,174.5,9.515579,33.89506,1489.615,26.17021,1.868918E-03,.4166318,
,175,9.513793,33.89609,1489.618,26.17131,1.86799E-03,.4175733,
,175.5,9.512148,33.89693,1489.621,26.17221,1.867309E-03,.4185144,
,176,9.510853,33.89788,1489.626,26.17315,1.866524E-03,.4194551,
,176.5,9.509451,33.89933,1489.631,26.17444,1.86537E-03,.4203952,
,177,9.506365,33.90065,1489.63,26.17597,1.863992E-03,.4213347,
,177.5,9.503271,33.90186,1489.628,26.17746,1.862653E-03,.4222737,
,178,9.50174,33.90297,1489.632,26.17864,1.861618E-03,.423212,
,178.5,9.501081,33.90315,1489.638,26.17891,1.861545E-03,.42415,
,179,9.500718,33.90318,1489.645,26.17896,1.861536E-03,.425088,
,179.5,9.500149,33.90319,1489.652,26.17904,1.861528E-03,.426026,
,180,9.499697,33.90351,1489.659,26.17937,1.861355E-03,.4269639,
,180.5,9.499038,33.90411,1489.665,26.17995,1.860918E-03,.4279017,
,181,9.497602,33.90489,1489.669,26.18076,1.860137E-03,.4288392,
,181.5,9.495597,33.90564,1489.671,26.1817,1.859324E-03,.4297763,
,182,9.495188,33.90651,1489.679,26.18243,1.858758E-03,.430713,
,182.5,9.493317,33.90712,1489.681,26.18325,1.858188E-03,.4316494,
,183,9.491315,33.90757,1489.683,26.18394,1.857547E-03,.4325856,
,183.5,9.49024,33.90798,1489.688,26.1844,1.857165E-03,.4335215,
,184,9.488891,33.90847,1489.692,26.18498,1.85671E-03,.4344572,
,184.5,9.486019,33.90937,1489.691,26.18616,1.855683E-03,.4353925,
,185,9.481775,33.91087,1489.685,26.18804,1.853976E-03,.4363272,
,185.5,9.475549,33.91314,1489.674,26.19088,1.851382E-03,.4372607,
,186,9.469687,33.91563,1489.664,26.19372,1.848792E-03,.4381929,
,186.5,9.465277,33.91751,1489.658,26.19594,1.846759E-03,.4391238,
,187,9.461249,33.91917,1489.654,26.19789,1.845013E-03,.440054,
,187.5,9.4575,33.9206,1489.65,26.19954,1.843601E-03,.4409835,
,188,9.455773,33.92265,1489.655,26.20151,1.841734E-03,.4419121,
,188.5,9.451103,33.9245,1489.648,26.20368,1.83967E-03,.4428395,
,189,9.448102,33.92624,1489.647,26.2056,1.838058E-03,.4437661,
,189.5,9.446419,33.92685,1489.651,26.20631,1.837486E-03,.4446922,
,190,9.445581,33.92747,1489.656,26.20695,1.836961E-03,.4456179,
,190.5,9.443617,33.92823,1489.658,26.20788,1.836153E-03,.4465433,
,191,9.440283,33.92915,1489.656,26.20914,1.835028E-03,.4474685,
,191.5,9.435235,33.9318,1489.649,26.21204,1.832373E-03,.4483924,
,192,9.426392,33.93584,1489.63,26.21661,1.828047E-03,.4493147,
,192.5,9.417086,33.9401,1489.609,26.22144,1.823558E-03,.4502347,
,193,9.407974,33.94401,1489.589,26.22595,1.819382E-03,.4511525,
,193.5,9.402447,33.94695,1489.581,26.22917,1.816438E-03,.4520686,
,194,9.399777,33.9482,1489.581,26.23065,1.81514E-03,.4529836,
,194.5,9.39853,33.94932,1489.586,26.23177,1.814097E-03,.453898,
,195,9.395905,33.95092,1489.587,26.23343,1.812578E-03,.4548118,
,195.5,9.392145,33.95329,1489.584,26.23581,1.810492E-03,.4557246,
,196,9.387859,33.95593,1489.58,26.23855,1.807992E-03,.4566363,
,196.5,9.383693,33.95831,1489.576,26.24114,1.805566E-03,.4575467,
,197,9.380213,33.96041,1489.574,26.24339,1.803506E-03,.4584562,
,197.5,9.377109,33.96215,1489.573,26.24525,1.801823E-03,.4593645,
,198,9.37446,33.96376,1489.574,26.2469,1.800397E-03,.4602722,
,198.5,9.372581,33.96529,1489.577,26.24838,1.799138E-03,.4611792,
,199,9.371062,33.96665,1489.581,26.24969,1.797997E-03,.4620855,
,199.5,9.368884,33.96771,1489.583,26.25084,1.796976E-03,.4629914,
,200,9.367095,33.9685,1489.586,26.2518,1.796067E-03,.4638967,
,200.5,9.366327,33.96946,1489.592,26.25268,1.795332E-03,.4648015,
,201,9.365415,33.9705,1489.599,26.25364,1.794555E-03,.4657061,
,201.5,9.363037,33.97158,1489.6,26.25484,1.793482E-03,.4666102,
,202,9.361157,33.9727,1489.602,26.25603,1.792428E-03,.4675137,
,202.5,9.360236,33.97371,1489.609,26.25702,1.79158E-03,.4684168,
,203,9.359709,33.97446,1489.616,26.25773,1.791011E-03,.4693194,
,203.5,9.358192,33.97531,1489.62,26.25862,1.790269E-03,.4702218,
,204,9.356589,33.97665,1489.624,26.25989,1.789145E-03,.4711238,
,204.5,9.353894,33.97852,1489.624,26.26178,1.787425E-03,.4720249,
,205,9.349957,33.98046,1489.621,26.26394,1.785397E-03,.472925,
,205.5,9.346103,33.98218,1489.617,26.26591,1.783594E-03,.4738244,
,206,9.343561,33.98331,1489.617,26.26722,1.782575E-03,.474723,
,206.5,9.342525,33.98414,1489.623,26.26803,1.781902E-03,.4756211,
,207,9.341211,33.985,1489.627,26.26891,1.78113E-03,.476519,
,207.5,9.338078,33.98615,1489.626,26.27037,1.779829E-03,.4774163,
,208,9.332985,33.98906,1489.619,26.27343,1.777015E-03,.4783124,
,208.5,9.325199,33.99218,1489.603,26.27714,1.773528E-03,.4792069,
,209,9.318283,33.9949,1489.589,26.28036,1.770526E-03,.4800999,
,209.5,9.313611,33.99707,1489.583,26.28277,1.768376E-03,.4809918,
,210,9.310597,33.99887,1489.582,26.28467,1.766652E-03,.4818824,
,210.5,9.307199,34.00068,1489.58,26.28666,1.764858E-03,.4827724,
,211,9.301579,34.00277,1489.571,26.28922,1.762578E-03,.4836613,
,211.5,9.294907,34.00574,1489.558,26.29261,1.759457E-03,.4845484,
,212,9.287425,34.00924,1489.543,26.29655,1.755769E-03,.4854344,
,212.5,9.278779,34.01337,1489.525,26.30123,1.751334E-03,.4863184,
,213,9.268299,34.01802,1489.5,26.30653,.0017464,.4871997,
,213.5,9.260151,34.02221,1489.484,26.31119,1.741984E-03,.4880785,
,214,9.251052,34.02572,1489.463,26.31537,1.738075E-03,.4889553,
,214.5,9.242336,34.0289,1489.443,26.3192,1.734532E-03,.4898306,
,215,9.23649,34.03178,1489.434,26.32246,1.731545E-03,.490704,
,215.5,9.232627,34.0339,1489.431,26.32473,1.729465E-03,.4915762,
