,0,21.30471,33.46227,1523.367,23.24249,4.624652E-03,0,
,.5,21.30471,33.46227,1523.367,23.24249,4.624652E-03,0,
,1,21.30471,33.46227,1523.367,23.24249,4.624652E-03,0,
,1.5,21.30471,33.46227,1523.367,23.24249,4.624652E-03,0,
,2,21.30471,33.46227,1523.367,23.24249,4.624652E-03,0,
,2.5,21.30471,33.46227,1523.367,23.24249,4.624652E-03,0,
,3,21.30471,33.46227,1523.367,23.24249,4.624652E-03,0,
,3.5,21.30455,33.46227,1523.366,23.24254,4.624615E-03,1.629305E-02,
,4,21.3005,33.46237,1523.364,23.24374,4.62364E-03,1.862035E-02,
,4.5,21.29676,33.46113,1523.361,23.24385,4.623687E-03,2.094753E-02,
,5,21.29309,33.45959,1523.358,23.24372,4.623966E-03,2.327468E-02,
,5.5,21.27652,33.45378,1523.315,23.2438,4.624061E-03,2.560198E-02,
,6,21.25811,33.44736,1523.267,23.24389,4.624129E-03,2.792931E-02,
,6.5,21.17635,33.42371,1523.029,23.24807,4.620278E-03,3.025495E-02,
,7,21.05695,33.4006,1522.689,23.26272,4.606438E-03,.0325755,
,7.5,20.74138,33.38768,1521.824,23.33744,4.535255E-03,3.486673E-02,
,8,20.26017,33.37102,1520.486,23.45151,4.426511E-03,3.712213E-02,
,8.5,19.44758,33.34685,1518.198,23.64427,4.24262E-03,3.930582E-02,
,9,18.92278,33.33027,1516.702,23.76571,4.126802E-03,4.141551E-02,
,9.5,18.58876,33.30961,1515.729,23.83376,.004062,4.347963E-02,
,10,18.36906,33.27773,1515.065,23.8639,4.033443E-03,4.551981E-02,
,10.5,18.1824,33.2621,1514.51,23.89779,4.001205E-03,4.753677E-02,
,11,17.97017,33.2462,1513.879,23.93742,3.963509E-03,4.954178E-02,
,11.5,17.71277,33.2298,1513.11,23.98719,3.91617E-03,5.152567E-02,
,12,17.3592,33.21296,1512.046,24.0588,3.847975E-03,5.347692E-02,
,12.5,16.94819,33.20022,1510.806,24.14614,3.764798E-03,5.539552E-02,
,13,16.50253,33.19666,1509.46,24.24711,3.66871E-03,5.727406E-02,
,13.5,16.18438,33.20016,1508.494,24.3223,3.59704E-03,5.909178E-02,
,14,15.94795,33.20501,1507.78,24.3798,3.542278E-03,6.089346E-02,
,14.5,15.84023,33.21201,1507.462,24.40944,3.514149E-03,6.266987E-02,
,15,15.74084,33.21427,1507.164,24.43346,3.491415E-03,6.443378E-02,
,15.5,15.66673,33.21573,1506.943,24.45108,3.474751E-03,6.618799E-02,
,16,15.63472,33.22035,1506.856,24.46164,3.464774E-03,6.793527E-02,
,16.5,15.61029,33.22477,1506.794,24.47047,3.456589E-03,6.967664E-02,
,17,15.58794,33.22958,1506.738,24.47915,3.448446E-03,7.141412E-02,
,17.5,15.56698,33.23465,1506.686,24.48772,3.440332E-03,7.314903E-02,
,18,15.54905,33.23798,1506.642,24.4943,3.434227E-03,7.487839E-02,
,18.5,15.53114,33.24094,1506.598,24.50059,3.428408E-03,7.660689E-02,
,19,15.50511,33.24025,1506.524,24.50581,3.423572E-03,7.833114E-02,
,19.5,15.45846,33.24067,1506.386,24.51641,3.413578E-03,8.005144E-02,
,20,15.38909,33.24168,1506.178,24.53242,.0033984,.0817662,
,20.5,15.28495,33.24234,1505.859,24.5558,3.37626E-03,8.347007E-02,
,21,15.18282,33.2441,1505.547,24.5795,3.353836E-03,8.516305E-02,
,21.5,15.08246,33.24682,1505.241,24.60348,3.331166E-03,.0868466,
,22,15.00204,33.24719,1504.995,24.6212,3.314384E-03,8.852002E-02,
,22.5,14.93377,33.24612,1504.785,24.63511,3.301188E-03,9.018727E-02,
,23,14.87278,33.24414,1504.597,24.64675,3.290236E-03,9.184495E-02,
,23.5,14.78288,33.24327,1504.317,24.66539,3.272597E-03,9.349623E-02,
,24,14.66007,33.24367,1503.933,24.69197,3.247343E-03,9.514028E-02,
,24.5,14.4646,33.24646,1503.317,24.73558,3.205813E-03,9.676126E-02,
,25,14.33325,33.24881,1502.905,24.76515,3.17779E-03,9.836911E-02,
,25.5,14.27046,33.25007,1502.712,24.77933,3.164425E-03,9.996541E-02,
,26,14.23434,33.25037,1502.603,24.78713,3.157106E-03,.1015565,
,26.5,14.20388,33.25015,1502.513,24.79334,3.151332E-03,.103145,
,27,14.15606,33.25323,1502.37,24.80573,3.139663E-03,.1047269,
,27.5,14.0646,33.25642,1502.084,24.8272,3.119318E-03,.1063026,
,28,13.88575,33.25933,1501.513,24.8664,3.081986E-03,.1078666,
,28.5,13.72515,33.25386,1500.989,24.89517,3.054705E-03,.1094108,
,29,13.58366,33.25646,1500.535,24.92605,3.025298E-03,.1109397,
,29.5,13.45204,33.26075,1500.114,24.956,2.996922E-03,.1124524,
,30,13.32425,33.26568,1499.706,24.98559,2.968948E-03,.1139587,
,30.5,13.25792,33.2761,1499.506,25.0069,2.948737E-03,.1154456,
,31,13.18867,33.28432,1499.294,25.02708,2.929588E-03,.1169274,
,31.5,13.09739,33.28477,1498.999,25.04565,2.911982E-03,.1183983,
,32,12.96484,33.2836,1498.563,25.07093,2.887936E-03,.119856,
,32.5,12.83827,33.2827,1498.146,25.09512,2.864962E-03,.1213056,
,33,12.73701,33.28284,1497.815,25.11502,2.846192E-03,.1227448,
,33.5,12.673,33.28637,1497.612,25.13027,2.831675E-03,.1241735,
,34,12.62397,33.29129,1497.46,25.14357,2.819085E-03,.1255957,
,34.5,12.55818,33.29599,1497.252,25.15991,2.803641E-03,.1270091,
,35,12.47855,33.30029,1496.996,25.17863,2.78595E-03,.1284178,
,35.5,12.40081,33.30525,1496.746,25.19744,2.768119E-03,.1298133,
,36,12.32369,33.31042,1496.499,25.21628,2.750243E-03,.1312046,
,36.5,12.25398,33.3131,1496.273,25.23163,2.735741E-03,.1325852,
,37,12.18725,33.31475,1496.056,25.24559,2.722592E-03,.1339615,
,37.5,12.15895,33.31374,1495.967,25.25015,2.718322E-03,.135331,
,38,12.13444,33.3121,1495.889,25.25353,2.715217E-03,.1366989,
,38.5,12.11171,33.31011,1495.818,25.25631,2.71271E-03,.1380655,
,39,12.09042,33.30963,1495.753,25.25994,2.70931E-03,.1394301,
,39.5,12.06544,33.30917,1495.675,25.26428,2.705263E-03,.140793,
,40,12.03519,33.30872,1495.579,25.26962,2.700293E-03,.1421535,
,40.5,11.99636,33.30891,1495.454,25.27704,2.693338E-03,.1435113,
,41,11.94452,33.31006,1495.286,25.28763,2.683381E-03,.1448646,
,41.5,11.87746,33.31108,1495.065,25.30097,2.670742E-03,.1462125,
,42,11.79629,33.312,1494.795,25.31687,2.655616E-03,.1475551,
,42.5,11.74956,33.31567,1494.647,25.32837,2.644815E-03,.1488882,
,43,11.70745,33.31854,1494.513,25.33839,2.635411E-03,.1502177,
,43.5,11.66978,33.31997,1494.393,25.34647,2.62783E-03,.1515425,
,44,11.6417,33.3215,1494.306,25.35286,2.62183E-03,.1528644,
,44.5,11.62418,33.32314,1494.256,25.35738,2.617571E-03,.1541831,
,45,11.60688,33.32467,1494.206,25.36176,2.613465E-03,.1555009,
,45.5,11.59039,33.32573,1494.159,25.36562,2.609946E-03,.1568152,
,46,11.5739,33.32679,1494.111,25.36947,2.606426E-03,.1581295,
,46.5,11.55557,33.32795,1494.057,25.37374,2.602414E-03,.1594398,
,47,11.53724,33.32912,1494.003,25.37801,2.598397E-03,.16075,
,47.5,11.52355,33.33039,1493.966,25.3815,2.595227E-03,.162057,
,48,11.51052,33.33167,1493.93,25.38489,2.592179E-03,.1633636,
,48.5,11.49032,33.33302,1493.87,25.38959,2.587763E-03,.1646668,
,49,11.46852,33.33435,1493.804,25.39458,2.58308E-03,.1659693,
,49.5,11.43632,33.33548,1493.702,25.40137,2.576723E-03,.1672671,
,50,11.40418,33.33676,1493.6,25.40827,2.570262E-03,.1685642,
,50.5,11.37273,33.33974,1493.502,25.41631,2.562666E-03,.1698546,
,51,11.34129,33.34271,1493.405,25.42434,2.555069E-03,.171145,
,51.5,11.29133,33.34464,1493.241,25.43481,2.545213E-03,.1724265,
,52,11.23991,33.34648,1493.072,25.44546,2.535178E-03,.1737073,
,52.5,11.20207,33.34889,1492.951,25.4542,2.526977E-03,.1749811,
,53,11.16848,33.35148,1492.845,25.46234,2.519349E-03,.1762527,
,53.5,11.13479,33.35279,1492.737,25.46935,2.512699E-03,.1775186,
,54,11.10107,33.35382,1492.628,25.47612,2.506252E-03,.1787834,
,54.5,11.06556,33.35605,1492.514,25.48421,2.498606E-03,.1800426,
,55,11.03018,33.35874,1492.402,25.49264,2.490672E-03,.1812994,
,55.5,10.9963,33.36239,1492.295,25.5015,2.482388E-03,.1825512,
,56,10.96904,33.36503,1492.211,25.50839,2.475916E-03,.1837989,
,56.5,10.94542,33.3671,1492.138,25.51419,2.470438E-03,.1850443,
,57,10.92306,33.36917,1492.071,25.51979,2.465199E-03,.1862873,
,57.5,10.90266,33.37126,1492.009,25.52506,2.460324E-03,.1875267,
,58,10.88225,33.37334,1491.948,25.53033,2.455448E-03,.188766,
,58.5,10.85066,33.37486,1491.847,25.53708,2.449075E-03,.1899989,
,59,10.81891,33.37638,1491.745,25.54385,2.442682E-03,.1912316,
,59.5,10.79647,33.37848,1491.677,25.54941,2.437487E-03,.1924601,
,60,10.77775,33.38083,1491.622,25.55449,2.432771E-03,.193687,
,60.5,10.75821,33.38209,1491.562,25.55891,2.428685E-03,.1949106,
,61,10.73849,33.38311,1491.502,25.56318,2.424743E-03,.1961333,
,61.5,10.71911,33.38404,1491.443,25.56727,2.420905E-03,.1973525,
,62,10.69895,33.38496,1491.381,25.57149,2.416947E-03,.1985712,
,62.5,10.67385,33.38574,1491.301,25.5765,2.412236E-03,.1997863,
,63,10.65022,33.38661,1491.227,25.58132,2.407717E-03,.2010006,
,63.5,10.63291,33.38782,1491.175,25.58529,2.404031E-03,.2022113,
,64,10.61559,33.38904,1491.123,25.58928,2.400337E-03,.2034221,
,64.5,10.59838,33.39134,1491.073,25.59404,2.395911E-03,.2046284,
,65,10.58116,33.39364,1491.023,25.5988,2.391486E-03,.2058348,
,65.5,10.56104,33.39613,1490.963,25.60428,2.386387E-03,.2070368,
,66,10.54053,33.39865,1490.902,25.60985,2.381198E-03,.2082382,
,66.5,10.5211,33.40283,1490.846,25.61646,2.374984E-03,.209435,
,67,10.50077,33.4067,1490.786,25.62298,2.368846E-03,.21063,
,67.5,10.47747,33.40908,1490.715,25.62888,2.363295E-03,.2118211,
,68,10.45421,33.41145,1490.643,25.63475,2.357795E-03,.2130097,
,68.5,10.43099,33.4138,1490.571,25.64061,2.352342E-03,.2141957,
,69,10.41072,33.41613,1490.51,25.64591,2.347382E-03,.2153792,
,69.5,10.39297,33.41843,1490.458,25.65075,2.342843E-03,.2165605,
,70,10.38333,33.42396,1490.438,25.65668,2.337255E-03,.2177381,
,70.5,10.37646,33.43058,1490.43,25.66299,2.331307E-03,.2189144,
,71,10.36661,33.4372,1490.411,25.6699,2.324843E-03,.2200857,
,71.5,10.35614,33.44381,1490.39,25.67693,2.318274E-03,.221256,
,72,10.35278,33.45106,1490.395,25.68316,2.312513E-03,.2224211,
,72.5,10.35066,33.45842,1490.405,25.68925,2.306894E-03,.2235852,
,73,10.34043,33.46651,1490.386,25.6973,2.299303E-03,.2247437,
,73.5,10.32863,33.47467,1490.363,25.70569,2.291385E-03,.2259012,
,74,10.29269,33.48211,1490.251,25.71763,2.280097E-03,.2270497,
,74.5,10.2576,33.48951,1490.143,25.72939,2.268986E-03,.2281977,
,75,10.24474,33.49564,1490.113,25.73633,2.262493E-03,.2293372,
,75.5,10.23189,33.50178,1490.082,25.74327,2.255999E-03,.2304766,
,76,10.22624,33.50456,1490.074,25.74645,2.253035E-03,.2316114,
,76.5,10.22163,33.50735,1490.069,25.74945,2.250247E-03,.2327458,
,77,10.22141,33.51054,1490.08,25.75198,2.247971E-03,.2338782,
,77.5,10.22159,33.51312,1490.092,25.75394,2.246242E-03,.2350099,
,78,10.22212,33.51515,1490.105,25.75538,2.244995E-03,.236141,
,78.5,10.22401,33.51713,1490.123,25.75661,2.243897E-03,.2372712,
,79,10.22636,33.51909,1490.142,25.75777,2.24285E-03,.2384011,
,79.5,10.22574,33.52077,1490.15,25.75913,2.241668E-03,.2395302,
,80,10.22518,33.52242,1490.158,25.76048,2.240512E-03,.2406589,
,80.5,10.2254,33.52396,1490.169,25.76166,2.239491E-03,.2417869,
,81,10.22578,33.52535,1490.18,25.76271,2.238607E-03,.2429147,
,81.5,10.22668,33.52626,1490.193,25.76331,2.238158E-03,.2440419,
,82,10.22727,33.52691,1490.204,25.76372,2.237879E-03,.2451691,
,82.5,10.22737,33.52711,1490.213,25.76385,2.237868E-03,.2462961,
,83,10.22725,33.52753,1490.221,25.76419,2.237634E-03,.2474231,
,83.5,10.22692,33.52815,1490.229,25.76472,2.237178E-03,.2485499,
,84,10.22569,33.52898,1490.234,25.76558,2.236454E-03,.2496763,
,84.5,10.22404,33.5299,1490.238,25.76659,2.235604E-03,.2508025,
,85,10.22136,33.53097,1490.238,25.76786,2.234559E-03,.251928,
,85.5,10.21834,33.53209,1490.236,25.76921,2.233449E-03,.2530533,
,86,10.2144,33.53261,1490.231,25.7703,2.232488E-03,.2541777,
,86.5,10.21048,33.53301,1490.226,25.7713,2.23159E-03,.255302,
,87,10.20821,33.5333,1490.227,25.77194,2.231033E-03,.2564257,
,87.5,10.20481,33.53357,1490.223,25.77275,2.230326E-03,.2575492,
,88,10.19644,33.53373,1490.201,25.77431,2.228967E-03,.2586719,
,88.5,10.18782,33.53478,1490.18,25.77661,2.226879E-03,.259794,
,89,10.1788,33.5373,1490.159,25.78013,2.223604E-03,.260915,
,89.5,10.16806,33.5406,1490.133,25.78449,2.21953E-03,.2620334,
,90,10.1602,33.54392,1490.117,25.7884,2.215932E-03,.2631504,
,90.5,10.15671,33.54721,1490.117,25.79155,2.213115E-03,.2642657,
,91,10.15533,33.54977,1490.123,25.79378,2.211107E-03,.2653799,
,91.5,10.15568,33.55173,1490.135,25.79525,2.209762E-03,.2664933,
,92,10.15595,33.5536,1490.147,25.79666,2.208543E-03,.2676059,
,92.5,10.15621,33.55533,1490.158,25.79796,2.207436E-03,.268718,
,93,10.15654,33.55664,1490.169,25.79896,2.20655E-03,.2698295,
,93.5,10.15704,33.55749,1490.18,25.79954,2.206101E-03,.2709408,
,94,10.15763,33.55807,1490.191,25.79988,2.205895E-03,.2720519,
,94.5,10.16013,33.55839,1490.209,25.7997,2.206133E-03,.273163,
,95,10.16287,33.55867,1490.227,25.79945,2.206424E-03,.2742741,
,95.5,10.16424,33.55926,1490.241,25.79968,2.206341E-03,.2753853,
,96,10.16445,33.5604,1490.252,25.80051,2.205673E-03,.2764963,
,96.5,10.16324,33.5622,1490.258,25.80209,2.204293E-03,.2776069,
,97,10.16164,33.56371,1490.262,25.80353,2.203002E-03,.2787167,
,97.5,10.15986,33.56506,1490.266,25.8049,2.201753E-03,.2798261,
,98,10.16001,33.5659,1490.276,25.80557,2.201253E-03,.2809349,
,98.5,10.16095,33.56652,1490.288,25.80595,2.20106E-03,.2820436,
,99,10.16205,33.56667,1490.3,25.80586,2.201226E-03,.2831523,
,99.5,10.16311,33.5667,1490.313,25.80567,2.201461E-03,.284261,
,100,10.16291,33.56689,1490.32,25.80585,2.201369E-03,.2853698,
,100.5,10.16248,33.56759,1490.328,25.80647,2.200854E-03,.2864783,
,101,10.16183,33.56847,1490.335,25.80726,2.200195E-03,.2875867,
,101.5,10.16083,33.56898,1490.34,25.80785,2.199809E-03,.2886947,
,102,10.16013,33.56967,1490.347,25.8085,2.199351E-03,.2898026,
,102.5,10.15996,33.57066,1490.356,25.80923,2.198769E-03,.2909102,
,103,10.15803,33.57183,1490.359,25.81047,2.197648E-03,.2920173,
,103.5,10.15461,33.57317,1490.356,25.81212,2.196067E-03,.293124,
,104,10.15083,33.57571,1490.354,25.81477,2.193729E-03,.2942291,
,104.5,10.14573,33.57821,1490.347,25.81761,2.191192E-03,.2953336,
,105,10.13615,33.58019,1490.323,25.82082,2.188209E-03,.2964364,
,105.5,10.13127,33.58213,1490.317,25.82316,2.186055E-03,.2975381,
,106,10.12888,33.58405,1490.319,25.82504,2.184356E-03,.2986389,
,106.5,10.12476,33.586,1490.314,25.82722,2.182425E-03,.2997384,
,107,10.11658,33.58992,1490.298,25.83164,2.178321E-03,.3008362,
,107.5,10.10546,33.59524,1490.273,25.83767,2.172652E-03,.3019326,
,108,10.08083,33.60099,1490.2,25.84633,2.164422E-03,.3030239,
,108.5,10.05917,33.60617,1490.136,25.85405,2.157118E-03,.3041129,
,109,10.04949,33.60978,1490.114,25.85851,2.153005E-03,.3051982,
,109.5,10.04239,33.61192,1490.099,25.86139,2.15037E-03,.3062823,
,110,10.0378,33.61263,1490.092,25.86271,2.149179E-03,.3073652,
,110.5,10.03096,33.61309,1490.076,25.86422,2.147803E-03,.3084472,
,111,10.02332,33.61355,1490.058,25.86586,2.146301E-03,.3095288,
,111.5,10.01412,33.61421,1490.034,25.86793,2.144399E-03,.3106093,
,112,10.00256,33.61566,1490.002,25.87101,2.141545E-03,.3116887,
,112.5,9.988806,33.61779,1489.964,25.87499,2.13785E-03,.3127666,
,113,9.973507,33.62029,1489.92,25.87949,2.133657E-03,.3138426,
,113.5,9.970098,33.62227,1489.918,25.88161,2.131774E-03,.3149165,
,114,9.967468,33.62392,1489.919,25.88336,2.130231E-03,.3159901,
,114.5,9.966406,33.62487,1489.924,25.88434,2.12941E-03,.3170628,
,115,9.965084,33.62595,1489.929,25.88542,2.128476E-03,.3181353,
,115.5,9.963186,33.62729,1489.932,25.88673,2.12729E-03,.319207,
,116,9.960597,33.63012,1489.935,25.88937,2.124903E-03,.3202778,
,116.5,9.956962,33.63403,1489.935,25.89304,2.121559E-03,.3213474,
,117,9.951225,33.63863,1489.928,25.89754,2.117342E-03,.3224149,
,117.5,9.944916,33.64304,1489.919,25.90203,2.113139E-03,.3234802,
,118,9.938302,33.64732,1489.909,25.90651,2.108954E-03,.3245442,
,118.5,9.934845,33.64984,1489.907,25.90908,2.106649E-03,.3256056,
,119,9.932369,33.65164,1489.909,25.91092,2.105011E-03,.3266665,
,119.5,9.931133,33.65252,1489.914,25.91183,2.104219E-03,.3277267,
,120,9.929102,33.65315,1489.916,25.91266,2.103562E-03,.3287864,
,120.5,9.926688,33.6539,1489.916,25.91362,2.102765E-03,.3298458,
,121,9.923581,33.65489,1489.914,25.91483,2.101676E-03,.3309048,
,121.5,9.921963,33.656,1489.918,25.91599,2.100717E-03,.3319632,
,122,9.920863,33.65672,1489.923,25.91678,2.100092E-03,.3330212,
,122.5,9.919806,33.65684,1489.928,25.9171,2.099856E-03,.3340791,
,123,9.921118,33.65685,1489.941,25.91687,2.100146E-03,.3351369,
,123.5,9.921397,33.65698,1489.95,25.91693,2.100183E-03,.3361948,
,124,9.92062,33.65726,1489.956,25.9173,2.099962E-03,.3372527,
,124.5,9.919501,33.65761,1489.961,25.91774,2.09968E-03,.3383104,
,125,9.918818,33.65788,1489.967,25.91804,2.099499E-03,.339368,
,125.5,9.919975,33.65775,1489.979,25.91777,2.099735E-03,.3404257,
,126,9.921288,33.65709,1489.991,25.91699,2.100605E-03,.3414837,
,126.5,9.922314,33.65667,1490.003,25.91646,2.101235E-03,.342542,
,127,9.922739,33.6567,1490.013,25.9164,2.101369E-03,.3436005,
,127.5,9.921414,33.65662,1490.016,25.91663,2.101291E-03,.344659,
,128,9.921165,33.6568,1490.024,25.91681,2.101242E-03,.3457175,
,128.5,9.922316,33.65732,1490.037,25.91694,2.101232E-03,.3467759,
,129,9.921856,33.65747,1490.044,25.91716,2.101058E-03,.3478343,
,129.5,9.921005,33.6576,1490.049,25.91745,2.100824E-03,.3488927,
,130,9.921389,33.65816,1490.06,25.91779,2.100653E-03,.349951,
,130.5,9.921324,33.65805,1490.068,25.91768,2.100882E-03,.3510093,
,131,9.921228,33.6578,1490.075,25.91747,2.101196E-03,.3520676,
,131.5,9.922379,33.65777,1490.088,25.91731,2.101423E-03,.3531262,
,132,9.922729,33.65808,1490.098,25.91752,2.101351E-03,.3541847,
,132.5,9.921894,33.65886,1490.104,25.91829,2.100762E-03,.3552431,
,133,9.91971,33.66013,1490.106,25.91966,2.099512E-03,.356301,
,133.5,9.91752,33.66127,1490.108,25.92093,2.098372E-03,.3573583,
,134,9.915356,33.66235,1490.109,25.92214,2.097281E-03,.3584153,
,134.5,9.914215,33.66329,1490.115,25.92303,2.096496E-03,.3594714,
,135,9.912159,33.66445,1490.117,25.92424,2.095432E-03,.3605272,
,135.5,9.90863,33.66595,1490.114,25.92596,2.093922E-03,.3615825,
,136,9.901631,33.66916,1490.101,25.92964,2.090552E-03,.362636,
,136.5,9.892395,33.67345,1490.082,25.93458,2.085983E-03,.3636885,
,137,9.876555,33.67875,1490.039,25.94138,2.079604E-03,.3647368,
,137.5,9.8607,33.68412,1489.996,25.94823,2.073157E-03,.3657838,
,138,9.85295,33.68887,1489.983,25.95323,2.068469E-03,.3668264,
,138.5,9.847808,33.69246,1489.977,25.95689,2.065084E-03,.367868,
,139,9.846791,33.69421,1489.983,25.9584,2.063763E-03,.368908,
,139.5,9.846549,33.69511,1489.992,25.95915,2.06314E-03,.3699477,
,140,9.846987,33.69526,1490.002,25.95922,2.06313E-03,.370987,
,140.5,9.847569,33.69554,1490.013,25.9593,2.063186E-03,.3720264,
,141,9.846869,33.69613,1490.019,25.95986,2.062763E-03,.3730655,
,141.5,9.843857,33.69724,1490.018,25.96128,2.061476E-03,.3741044,
,142,9.840219,33.69846,1490.015,25.96286,2.060051E-03,.3751424,
,142.5,9.836069,33.69976,1490.009,25.9646,2.058514E-03,.3761799,
,143,9.833059,33.70107,1490.008,25.96614,2.057173E-03,.3772166,
,143.5,9.830879,33.70239,1490.01,25.96754,2.055976E-03,.3782528,
,144,9.827093,33.7035,1490.006,25.96904,2.054624E-03,.3792881,
,144.5,9.822891,33.70457,1490.001,25.97056,2.053246E-03,.3803229,
,145,9.818239,33.70564,1489.993,25.9721,2.051846E-03,.381357,
,145.5,9.816507,33.7061,1489.996,25.97276,2.051278E-03,.3823905,
,146,9.81573,33.70647,1490.002,25.9732,2.05093E-03,.3834239,
,146.5,9.816257,33.70713,1490.013,25.97363,2.050653E-03,.384457,
,147,9.814769,33.70784,1490.017,25.97442,2.050033E-03,.3854899,
,147.5,9.810489,33.7086,1490.01,25.9757,2.048939E-03,.3865224,
,148,9.807376,33.70987,1490.009,25.97722,2.047567E-03,.3875542,
,148.5,9.804739,33.71136,1490.01,25.97885,2.046081E-03,.3885856,
,149,9.800542,33.71254,1490.004,25.98051,2.044561E-03,.3896158,
,149.5,9.796145,33.71369,1489.998,25.98217,2.04305E-03,.3906457,
,150,9.791532,33.71487,1489.991,25.98382,2.04162E-03,.3916744,
,150.5,9.788003,33.71646,1489.988,25.98561,2.040022E-03,.3927026,
,151,9.785487,33.71844,1489.99,25.98753,2.038268E-03,.3937301,
,151.5,9.77725,33.72175,1489.973,25.9915,2.034615E-03,.3947554,
,152,9.768145,33.72521,1489.952,25.99574,2.030707E-03,.3957798,
,152.5,9.757597,33.72881,1489.927,26.00029,2.026444E-03,.3968014,
,153,9.749777,33.73208,1489.911,26.00413,2.022861E-03,.3978218,
,153.5,9.745325,33.73494,1489.906,26.00709,2.020118E-03,.3988404,
,154,9.742972,33.73647,1489.908,26.00872,.0020187,.3998577,
,154.5,9.740376,33.73772,1489.908,26.01015,2.017438E-03,.4008745,
,155,9.735598,33.73891,1489.901,26.01183,2.015837E-03,.4018905,
,155.5,9.731914,33.74069,1489.898,26.01383,2.014023E-03,.4029055,
,156,9.728696,33.74272,1489.897,26.01597,2.012119E-03,.40392,
,156.5,9.723504,33.74592,1489.89,26.01936,2.009015E-03,.4049323,
,157,9.71792,33.7492,1489.882,26.02288,2.005786E-03,.4059442,
,157.5,9.708552,33.75327,1489.862,26.02755,2.001411E-03,.406953,
,158,9.700762,33.75721,1489.846,26.0319,1.997386E-03,.4079607,
,158.5,9.696442,33.76087,1489.844,26.03553,1.994133E-03,.4089662,
,159,9.693401,33.76333,1489.844,26.03796,1.991903E-03,.4099703,
,159.5,9.691216,33.76498,1489.846,26.03957,1.990359E-03,.4109737,
,160,9.690395,33.76613,1489.853,26.04058,1.989462E-03,.4119762,
,160.5,9.689845,33.76707,1489.86,26.04138,1.988777E-03,.4129784,
,161,9.689466,33.76758,1489.868,26.04187,1.988432E-03,.4139803,
,161.5,9.688836,33.76833,1489.875,26.04258,1.987885E-03,.414982,
,162,9.687975,33.76928,1489.881,26.04348,1.987151E-03,.4159834,
,162.5,9.685971,33.77042,1489.883,26.0447,1.986071E-03,.4169841,
,163,9.68361,33.77162,1489.885,26.04601,1.984881E-03,.4179847,
,163.5,9.681916,33.77331,1489.889,26.04762,1.983463E-03,.4189841,
,164,9.680258,33.77506,1489.893,26.04928,1.982012E-03,.4199833,
,164.5,9.678295,33.77685,1489.896,26.051,1.980514E-03,.4209814,
,165,9.676003,33.7793,1489.9,26.05329,1.97845E-03,.4219787,
,165.5,9.673354,33.78245,1489.902,26.05616,1.97579E-03,.4229752,
,166,9.664408,33.786,1489.882,26.06039,1.971832E-03,.4239689,
,166.5,9.656031,33.78958,1489.864,26.06456,1.967933E-03,.4249618,
,167,9.649751,33.79328,1489.854,26.0685,1.964252E-03,.425952,
,167.5,9.643733,33.79709,1489.845,26.07249,1.960527E-03,.4269412,
,168,9.638264,33.80112,1489.839,26.07659,1.956713E-03,.4279282,
,168.5,9.633004,33.80378,1489.831,26.07953,1.954066E-03,.4289132,
,169,9.628887,33.8058,1489.827,26.08178,1.952042E-03,.4298973,
,169.5,9.626389,33.80714,1489.828,26.08324,1.950717E-03,.4308806,
,170,9.624461,33.80827,1489.831,26.0844,1.949717E-03,.4318631,
,170.5,9.622716,33.80931,1489.834,26.08547,1.948831E-03,.4328454,
,171,9.619783,33.81002,1489.832,26.08658,1.947836E-03,.4338269,
,171.5,9.617355,33.81081,1489.833,26.08764,1.946906E-03,.4348082,
,172,9.61639,33.81181,1489.839,26.08855,1.946163E-03,.435789,
,172.5,9.61463,33.81255,1489.842,26.08938,1.945466E-03,.4367694,
,173,9.612135,33.81303,1489.841,26.09014,1.944811E-03,.4377495,
,173.5,9.610959,33.81445,1489.847,26.09141,1.943738E-03,.438729,
,174,9.609025,33.81623,1489.85,26.09312,1.942233E-03,.439708,
,174.5,9.605349,33.81856,1489.848,26.09556,1.939973E-03,.440686,
,175,9.601044,33.82111,1489.844,26.09831,1.937421E-03,.4416626,
,175.5,9.596389,33.8238,1489.839,26.10124,1.934704E-03,.4426385,
,176,9.594191,33.82682,1489.843,26.10395,1.932258E-03,.4436125,
,176.5,9.59277,33.83006,1489.85,26.10667,1.929792E-03,.4445856,
,177,9.592451,33.83368,1489.861,26.10948,1.927199E-03,.4455573,
,177.5,9.593175,33.83742,1489.877,26.11228,1.924657E-03,.4465275,
,178,9.594291,33.84122,1489.894,26.11508,1.922134E-03,.447497,
,178.5,9.595509,33.84505,1489.911,26.11786,1.919618E-03,.4484645,
,179,9.596293,33.8486,1489.927,26.12052,1.917197E-03,.4494313,
,179.5,9.596329,33.85167,1489.939,26.12296,1.914943E-03,.4503968,
,180,9.595325,33.85503,1489.948,26.12579,1.912333E-03,.451361,
,180.5,9.590955,33.85842,1489.944,26.12915,1.909216E-03,.4523238,
,181,9.579667,33.86153,1489.915,26.13335,.0019053,.4532849,
,181.5,9.573919,33.86514,1489.907,26.13713,1.90183E-03,.4542437,
,182,9.569535,33.86897,1489.904,26.14088,1.898391E-03,.4552017,
,182.5,9.559121,33.87353,1489.88,26.14615,1.893457E-03,.4561563,
,183,9.547068,33.87798,1489.85,26.15161,1.888343E-03,.4571092,
,183.5,9.532604,33.88226,1489.811,26.15734,1.882967E-03,.4580595,
,184,9.518478,33.88601,1489.772,26.16262,1.878026E-03,.4590068,
,184.5,9.504448,33.88947,1489.734,26.16766,1.873311E-03,.4599527,
,185,9.488882,33.89196,1489.688,26.17213,1.869138E-03,.4608951,
,185.5,9.475842,33.89419,1489.651,26.17598,1.865548E-03,.4618362,
,186,9.465819,33.89612,1489.626,26.17911,1.862654E-03,.4627757,
,186.5,9.457341,33.89727,1489.604,26.18144,1.860435E-03,.4637135,
,187,9.44933,33.89913,1489.586,26.1842,1.857839E-03,.4646502,
,187.5,9.441784,33.90197,1489.57,26.1876,1.854681E-03,.4655858,
,188,9.4261,33.90585,1489.526,26.19315,1.849476E-03,.4665183,
,188.5,9.408095,33.91002,1489.473,26.19932,1.843686E-03,.4674499,
,189,9.394925,33.91508,1489.439,26.20548,1.837916E-03,.4683767,
,189.5,9.38604,33.91957,1489.421,26.21044,1.83332E-03,.469302,
,190,9.382166,33.92307,1489.419,26.21377,1.830311E-03,.4702253,
,190.5,9.379722,33.92415,1489.42,26.21504,1.829183E-03,.4711472,
,191,9.378599,33.92497,1489.425,26.21588,1.828448E-03,.4720688,
,191.5,9.378465,33.9256,1489.434,26.21641,1.828008E-03,.4729901,
,192,9.378313,33.92562,1489.442,26.21651,1.827984E-03,.4739112,
,192.5,9.377903,33.9259,1489.449,26.2168,1.827781E-03,.4748323,
,193,9.377264,33.92642,1489.455,26.21727,1.827404E-03,.4757533,
,193.5,9.372014,33.92739,1489.446,26.21882,1.825997E-03,.4766736,
,194,9.365481,33.92946,1489.432,26.22152,1.823515E-03,.477593,
,194.5,9.35763,33.93264,1489.416,26.22535,1.819955E-03,.4785114,
,195,9.340943,33.93869,1489.371,26.23273,1.813101E-03,.479426,
,195.5,9.322575,33.94595,1489.321,26.24136,1.804983E-03,.4803373,
,196,9.302812,33.95419,1489.266,26.25103,1.79582E-03,.4812456,
,196.5,9.284431,33.96174,1489.217,26.25995,1.787353E-03,.4821475,
,197,9.270323,33.96846,1489.182,26.26751,1.780246E-03,.4830469,
,197.5,9.262434,33.97404,1489.168,26.27311,1.77509E-03,.4839432,
,198,9.254112,33.97685,1489.149,26.27662,1.771838E-03,.4848366,
,198.5,9.248497,33.97895,1489.139,26.2792,1.769425E-03,.485729,
