,0,20.70321,33.46586,1521.692,23.40741,4.466131E-03,0,
,.5,20.70321,33.46586,1521.692,23.40741,4.46613E-03,2.247817E-03,
,1,20.70055,33.46536,1521.693,23.40781,4.465875E-03,4.495568E-03,
,1.5,20.6977,33.46445,1521.693,23.40786,4.465973E-03,6.743293E-03,
,2,20.69199,33.46352,1521.684,23.40863,4.465416E-03,8.99082E-03,
,2.5,20.68291,33.46254,1521.667,23.41027,4.464023E-03,1.123806E-02,
,3,20.6604,33.46115,1521.612,23.41526,4.459433E-03,1.348321E-02,
,3.5,20.62002,33.45881,1521.508,23.42425,4.450999E-03,1.572507E-02,
,4,20.5624,33.45554,1521.355,23.43709,4.438879E-03,1.796356E-02,
,4.5,20.46741,33.4497,1521.096,23.45785,4.419289E-03,2.018999E-02,
,5,20.33253,33.44482,1520.727,23.48976,4.38902E-03,2.240558E-02,
,5.5,20.13668,33.44139,1520.191,23.53869,4.342437E-03,2.460462E-02,
,6,19.87643,33.43541,1519.467,23.60195,4.282213E-03,2.677089E-02,
,6.5,19.61262,33.42776,1518.73,23.66457,4.222602E-03,2.891647E-02,
,7,19.40511,33.41759,1518.142,23.71018,4.179146E-03,3.103221E-02,
,7.5,19.2791,33.40757,1517.782,23.73477,4.155843E-03,.0331278,
,8,19.16,33.39907,1517.443,23.75859,4.133283E-03,3.521445E-02,
,8.5,19.03011,33.39394,1517.075,23.78753,4.105868E-03,3.728731E-02,
,9,18.89746,33.39091,1516.701,23.81866,4.076326E-03,3.934611E-02,
,9.5,18.76353,33.38926,1516.323,23.85109,4.045526E-03,4.139362E-02,
,10,18.63714,33.38706,1515.964,23.88099,4.017164E-03,4.341976E-02,
,10.5,18.48598,33.38501,1515.533,23.91697,3.982978E-03,4.543245E-02,
,11,18.31008,33.3831,1515.029,23.95901,3.942974E-03,4.743172E-02,
,11.5,18.12692,33.38276,1514.502,24.0037,3.900493E-03,4.940083E-02,
,12,17.9441,33.37953,1513.971,24.04593,3.860337E-03,5.135584E-02,
,12.5,17.76518,33.37258,1513.445,24.08412,3.824003E-03,.0532928,
,13,17.62063,33.36833,1513.021,24.11568,3.794104E-03,5.521065E-02,
,13.5,17.40749,33.36564,1512.392,24.1646,3.747546E-03,5.710493E-02,
,14,17.18682,33.36246,1511.736,24.21452,3.700089E-03,5.897809E-02,
,14.5,16.94209,33.35855,1511.004,24.26915,3.648154E-03,6.083006E-02,
,15,16.62268,33.35195,1510.036,24.33841,3.58224E-03,6.264815E-02,
,15.5,16.21799,33.34069,1508.794,24.42276,3.501929E-03,6.443308E-02,
,16,15.83303,33.33429,1507.602,24.50456,3.424055E-03,6.616576E-02,
,16.5,15.45569,33.32848,1506.429,24.58456,3.347898E-03,6.788293E-02,
,17,15.11969,33.31765,1505.364,24.64962,3.285994E-03,6.954516E-02,
,17.5,14.79306,33.30624,1504.321,24.7115,3.227092E-03,7.118615E-02,
,18,14.47843,33.29407,1503.308,24.76931,3.172036E-03,7.279994E-02,
,18.5,14.23478,33.28345,1502.517,24.81238,3.131065E-03,7.438336E-02,
,19,14.00757,33.27298,1501.776,24.85176,3.09364E-03,.0759557,
,19.5,13.75112,33.25992,1500.931,24.89443,3.053176E-03,7.750128E-02,
,20,13.57502,33.25269,1500.352,24.92479,3.02431E-03,7.903157E-02,
,20.5,13.46945,33.25074,1500.01,24.94472,3.005404E-03,8.054923E-02,
,21,13.39851,33.25402,1499.788,24.96156,2.989515E-03,8.205792E-02,
,21.5,13.34539,33.26099,1499.629,24.97761,2.974384E-03,8.355954E-02,
,22,13.30916,33.26902,1499.526,24.99115,2.961593E-03,8.505404E-02,
,22.5,13.28006,33.27332,1499.443,25.00034,2.952979E-03,8.654228E-02,
,23,13.2424,33.27739,1499.331,25.01105,2.942872E-03,8.802546E-02,
,23.5,13.19867,33.2813,1499.199,25.02283,2.931708E-03,8.950506E-02,
,24,13.13765,33.28473,1499.008,25.03758,2.917821E-03,9.097619E-02,
,24.5,13.06992,33.28796,1498.795,25.05348,2.902877E-03,9.244404E-02,
,25,13.0147,33.29065,1498.622,25.06651,2.890548E-03,9.390108E-02,
,25.5,12.96966,33.29229,1498.482,25.07672,2.880866E-03,9.535427E-02,
,26,12.93286,33.29304,1498.368,25.08458,2.873464E-03,9.680291E-02,
,26.5,12.89544,33.29383,1498.252,25.0926,2.866075E-03,9.824788E-02,
,27,12.85427,33.29537,1498.124,25.10183,2.857275E-03,9.968838E-02,
,27.5,12.80781,33.29734,1497.978,25.11247,2.847285E-03,.1011241,
,28,12.75668,33.29911,1497.817,25.12381,2.836621E-03,.1025547,
,28.5,12.70568,33.30077,1497.656,25.13503,2.826026E-03,.1039805,
,29,12.66319,33.30305,1497.523,25.14515,2.816463E-03,.1054008,
,29.5,12.59712,33.30845,1497.315,25.16211,2.800454E-03,.1068136,
,30,12.5133,33.31472,1497.048,25.18313,2.780561E-03,.1082193,
,30.5,12.4061,33.32038,1496.7,25.20817,2.756725E-03,.1096143,
,31,12.34597,33.32484,1496.509,25.22319,2.742498E-03,.1109977,
,31.5,12.30138,33.3271,1496.368,25.23348,2.732828E-03,.1123764,
,32,12.26826,33.32756,1496.265,25.24012,2.726654E-03,.1137512,
,32.5,12.24423,33.32941,1496.193,25.24617,2.720976E-03,.1151225,
,33,12.22792,33.33172,1496.149,25.25103,2.716479E-03,.1164909,
,33.5,12.21321,33.33395,1496.109,25.25554,2.712312E-03,.1178578,
,34,12.19802,33.33575,1496.068,25.25986,2.708279E-03,.1192225,
,34.5,12.1851,33.33796,1496.035,25.26399,2.704513E-03,.1205851,
,35,12.17311,33.34032,1496.005,25.26808,2.700738E-03,.1219457,
,35.5,12.16032,33.3424,1495.972,25.27212,2.697002E-03,.1233044,
,36,12.1463,33.34411,1495.935,25.2761,2.693343E-03,.1246616,
,36.5,12.13607,33.34565,1495.91,25.27926,2.690416E-03,.1260167,
,37,12.12725,33.3469,1495.89,25.28192,2.687989E-03,.1273709,
,37.5,12.1199,33.34764,1495.874,25.28387,2.686288E-03,.1287239,
,38,12.11333,33.34818,1495.86,25.28553,.0026847,.1300761,
,38.5,12.10867,33.34911,1495.854,25.28712,2.683424E-03,.1314274,
,39,12.10312,33.35043,1495.845,25.28918,2.681557E-03,.132778,
,39.5,12.09476,33.35169,1495.826,25.29173,2.679219E-03,.1341275,
,40,12.08761,33.35307,1495.811,25.29411,2.677078E-03,.1354758,
,40.5,12.0798,33.35431,1495.794,25.29653,2.674892E-03,.1368232,
,41,12.06961,33.35514,1495.769,25.29913,2.672475E-03,.1381693,
,41.5,12.06103,33.35596,1495.749,25.3014,2.670419E-03,.1395143,
,42,12.05352,33.35677,1495.733,25.30344,2.668601E-03,.1408587,
,42.5,12.04716,33.35751,1495.72,25.30517,2.666959E-03,.1422017,
,43,12.04041,33.35826,1495.706,25.30704,2.665278E-03,.1435442,
,43.5,12.033,33.35913,1495.69,25.3092,2.663476E-03,.1448858,
,44,12.02574,33.36041,1495.675,25.31155,2.661408E-03,.1462263,
,44.5,12.01377,33.36219,1495.644,25.31517,2.657976E-03,.1475653,
,45,11.99624,33.36462,1495.595,25.32033,2.653184E-03,.1489024,
,45.5,11.96795,33.36766,1495.51,25.32798,2.646059E-03,.1502365,
,46,11.92017,33.37274,1495.361,25.34085,2.633871E-03,.1515653,
,46.5,11.84953,33.38082,1495.136,25.36033,2.615341E-03,.1528881,
,47,11.71331,33.3919,1494.688,25.39426,2.583071E-03,.1541949,
,47.5,11.59239,33.4012,1494.289,25.42381,2.555024E-03,.1554876,
,48,11.50265,33.4078,1493.994,25.44542,2.534552E-03,.1567702,
,48.5,11.4586,33.41076,1493.853,25.45575,2.524803E-03,.1580447,
,49,11.41453,33.41272,1493.711,25.46543,2.515787E-03,.1593133,
,49.5,11.35885,33.41801,1493.531,25.47962,2.502327E-03,.160576,
,50,11.30806,33.42414,1493.37,25.49357,2.489098E-03,.1618327,
,50.5,11.26875,33.42993,1493.248,25.50523,2.47809E-03,.1630842,
,51,11.24942,33.43449,1493.195,25.5123,2.471453E-03,.1643302,
,51.5,11.23636,33.43737,1493.161,25.51689,2.467153E-03,.1655731,
,52,11.22239,33.44035,1493.124,25.52172,2.462634E-03,.1668145,
,52.5,11.20246,33.44448,1493.067,25.52854,2.456291E-03,.1680527,
,53,11.17768,33.44936,1492.995,25.53676,2.448577E-03,.1692876,
,53.5,11.15403,33.45383,1492.926,25.54449,2.441318E-03,.170519,
,54,11.13791,33.45675,1492.881,25.54969,2.436454E-03,.1717473,
,54.5,11.12775,33.4584,1492.856,25.55287,2.433525E-03,.1729735,
,55,11.11802,33.45894,1492.831,25.55494,2.43165E-03,.1741984,
,55.5,11.11139,33.46008,1492.817,25.55698,2.429819E-03,.1754224,
,56,11.10512,33.46111,1492.805,25.55891,2.428055E-03,.1766453,
,56.5,11.0978,33.46245,1492.789,25.56129,.0024259,.1778673,
,57,11.08926,33.46415,1492.769,25.56418,2.42329E-03,.1790885,
,57.5,11.07787,33.46571,1492.74,25.5674,2.420308E-03,.1803078,
,58,11.0655,33.46743,1492.706,25.57093,2.417111E-03,.1815258,
,58.5,11.05446,33.46879,1492.678,25.57399,2.414335E-03,.1827421,
,59,11.0449,33.46984,1492.654,25.57657,2.411955E-03,.1839575,
,59.5,11.03503,33.47169,1492.63,25.57972,2.409063E-03,.1851713,
,60,11.03008,33.47233,1492.621,25.58113,2.407801E-03,.186384,
,60.5,11.02652,33.47313,1492.618,25.58238,2.406688E-03,.1875961,
,61,11.02123,33.47411,1492.609,25.58406,2.405165E-03,.1888076,
,61.5,11.0125,33.47535,1492.588,25.58651,2.402899E-03,.1900184,
,62,10.99613,33.47778,1492.542,25.59138,2.398346E-03,.1912268,
,62.5,10.97945,33.48008,1492.494,25.59619,2.393881E-03,.1924334,
,63,10.96326,33.48213,1492.448,25.60072,2.389728E-03,.1936382,
,63.5,10.95052,33.48381,1492.413,25.60419,2.386507E-03,.1948407,
,64,10.93292,33.48457,1492.361,25.60793,2.383069E-03,.1960417,
,64.5,10.91294,33.4859,1492.3,25.61253,2.37874E-03,.1972406,
,65,10.88426,33.48888,1492.211,25.61991,2.371831E-03,.1984364,
,65.5,10.84857,33.49329,1492.099,25.62962,2.362682E-03,.1996287,
,66,10.81138,33.49832,1491.982,25.64013,2.352754E-03,.2008153,
,66.5,10.76895,33.50415,1491.847,25.65217,2.341379E-03,.2019968,
,67,10.72274,33.51057,1491.7,25.66531,2.328963E-03,.2031745,
,67.5,10.68998,33.51447,1491.597,25.6741,2.320675E-03,.2043442,
,68,10.6682,33.51784,1491.532,25.68053,2.31464E-03,.2055118,
,68.5,10.65939,33.52034,1491.512,25.68398,2.311445E-03,.2066768,
,69,10.6521,33.52139,1491.496,25.68604,2.309594E-03,.2078404,
,69.5,10.64672,33.52418,1491.489,25.68917,2.306705E-03,.2090027,
,70,10.64128,33.52616,1491.48,25.69172,2.304327E-03,.2101635,
,70.5,10.63424,33.52771,1491.465,25.69417,2.302094E-03,.2113234,
,71,10.62382,33.52942,1491.439,25.69729,2.299258E-03,.212482,
,71.5,10.61294,33.53103,1491.41,25.70041,2.296383E-03,.213639,
,72,10.60282,33.53263,1491.385,25.70343,2.293597E-03,.214795,
,72.5,10.59553,33.53436,1491.369,25.70609,2.291141E-03,.2159495,
,73,10.58678,33.53534,1491.348,25.7084,2.28905E-03,.2171028,
,73.5,10.57891,33.53658,1491.329,25.71068,2.286957E-03,.2182548,
,74,10.57077,33.53806,1491.311,25.71322,2.28464E-03,.2194059,
,74.5,10.56219,33.53977,1491.291,25.71609,2.28206E-03,.220556,
,75,10.54667,33.54137,1491.245,25.72001,2.278409E-03,.221704,
,75.5,10.53367,33.54351,1491.21,25.72394,2.274794E-03,.2228506,
,76,10.52131,33.54613,1491.178,25.72815,2.270929E-03,.2239954,
,76.5,10.50392,33.54848,1491.127,25.73293,2.266447E-03,.2251379,
,77,10.49715,33.54986,1491.113,25.73522,2.264304E-03,.2262787,
,77.5,10.49105,33.55159,1491.102,25.73758,2.262186E-03,.2274185,
,78,10.4874,33.55295,1491.098,25.73936,2.260591E-03,.2285574,
,78.5,10.48441,33.5536,1491.097,25.74036,2.259693E-03,.2296955,
,79,10.48133,33.55424,1491.095,25.74137,2.25881E-03,.2308333,
,79.5,10.47799,33.55488,1491.092,25.74243,2.257941E-03,.2319706,
,80,10.47408,33.55584,1491.088,25.74386,2.256737E-03,.2331074,
,80.5,10.46909,33.55698,1491.08,25.74563,2.255196E-03,.2342436,
,81,10.46236,33.55812,1491.065,25.7477,.0022533,.235379,
,81.5,10.45891,33.55929,1491.063,25.74918,2.251979E-03,.2365134,
,82,10.45585,33.56013,1491.061,25.7504,2.250911E-03,.2376473,
,82.5,10.45357,33.56071,1491.062,25.75123,2.250218E-03,.2387807,
,83,10.4515,33.56127,1491.064,25.75199,2.249581E-03,.2399138,
,83.5,10.44891,33.56179,1491.063,25.75284,2.248863E-03,.2410466,
,84,10.44559,33.5621,1491.06,25.75367,2.248161E-03,.242179,
,84.5,10.44365,33.56242,1491.062,25.75433,2.247616E-03,.2433111,
,85,10.43994,33.56274,1491.057,25.75518,2.246958E-03,.2444428,
,85.5,10.43503,33.56318,1491.049,25.75636,2.245957E-03,.2455742,
,86,10.42916,33.56372,1491.037,25.75782,2.24465E-03,.2467051,
,86.5,10.42353,33.56424,1491.026,25.75916,2.243465E-03,.2478353,
,87,10.4184,33.56468,1491.016,25.76036,2.242431E-03,.2489649,
,87.5,10.41413,33.56541,1491.01,25.76163,2.241297E-03,.2500939,
,88,10.40978,33.56627,1491.004,25.7631,2.239978E-03,.2512223,
,88.5,10.40512,33.56718,1490.997,25.76465,2.238579E-03,.2523502,
,89,10.3999,33.56808,1490.988,25.76621,2.237182E-03,.2534773,
,89.5,10.39516,33.56852,1490.979,25.76736,2.236174E-03,.2546037,
,90,10.39032,33.56944,1490.972,25.76888,2.234878E-03,.2557296,
,90.5,10.38393,33.57079,1490.959,25.77104,2.232953E-03,.2568546,
,91,10.37613,33.57263,1490.941,25.77385,2.23034E-03,.2579786,
,91.5,10.36826,33.57524,1490.925,25.77724,2.227122E-03,.2591013,
,92,10.35637,33.57796,1490.894,25.78147,2.223295E-03,.260222,
,92.5,10.34145,33.58162,1490.853,25.78679,2.218354E-03,.2613404,
,93,10.32347,33.58467,1490.801,25.79224,2.213258E-03,.2624561,
,93.5,10.3073,33.58733,1490.755,25.79712,.0022087,.2635697,
,94,10.29436,33.58965,1490.719,25.80119,2.204908E-03,.2646814,
,94.5,10.28711,33.59132,1490.704,25.80371,2.202601E-03,.2657913,
,95,10.27984,33.59258,1490.688,25.80593,2.200495E-03,.2669,
,95.5,10.27298,33.59398,1490.673,25.80816,2.198469E-03,.2680078,
,96,10.26609,33.59541,1490.659,25.81045,2.196443E-03,.2691146,
,96.5,10.25858,33.59665,1490.641,25.81276,2.194335E-03,.2702204,
,97,10.25153,33.59817,1490.626,25.81514,2.192152E-03,.271325,
,97.5,10.24276,33.60017,1490.606,25.81821,2.189318E-03,.2724283,
,98,10.23433,33.60276,1490.587,25.82166,2.186135E-03,.2735302,
,98.5,10.22831,33.60569,1490.577,25.82495,2.18311E-03,.2746306,
,99,10.22482,33.60775,1490.575,25.82718,2.181097E-03,.2757296,
,99.5,10.22229,33.60899,1490.576,25.82858,2.179863E-03,.2768278,
,100,10.22043,33.60984,1490.579,25.82953,2.17907E-03,.2779256,
