,0,21.51333,33.50103,1523.927,23.21503,.00465,0,
,.5,21.51333,33.50103,1523.927,23.21503,.00465,0,
,1,21.51333,33.50103,1523.927,23.21503,.00465,0,
,1.5,21.50983,33.5018,1523.926,23.21656,4.648758E-03,7.020565E-03,
,2,21.50664,33.50189,1523.926,23.2175,4.647941E-03,9.360078E-03,
,2.5,21.50523,33.5013,1523.93,23.21742,4.648246E-03,1.169946E-02,
,3,21.5022,33.50076,1523.93,23.21788,4.647937E-03,1.403882E-02,
,3.5,21.49725,33.4996,1523.924,23.21835,4.647693E-03,1.637808E-02,
,4,21.48816,33.49669,1523.905,23.21866,4.647527E-03,1.871724E-02,
,4.5,21.46162,33.48771,1523.832,23.21906,4.647365E-03,2.105631E-02,
,5,21.37622,33.4841,1523.608,23.23963,4.627846E-03,2.338898E-02,
,5.5,21.23222,33.47945,1523.224,23.27522,4.593991E-03,2.570866E-02,
,6,21.07973,33.47427,1522.816,23.31262,4.558438E-03,2.801428E-02,
,6.5,21.03529,33.47326,1522.704,23.32391,4.54784E-03,3.030602E-02,
,7,20.99033,33.46696,1522.583,23.33125,4.541072E-03,3.259319E-02,
,7.5,20.96249,33.46059,1522.509,23.33389,4.53871E-03,3.487841E-02,
,8,20.9254,33.45027,1522.406,23.336,4.536791E-03,3.716247E-02,
,8.5,20.73718,33.43563,1521.885,23.37531,4.499434E-03,.039436,
,9,20.40396,33.42521,1520.966,23.45568,4.422844E-03,4.167324E-02,
,9.5,20.01197,33.41555,1519.882,23.55162,4.331349E-03,4.388642E-02,
,10,19.7207,33.40104,1519.061,23.61623,4.269872E-03,4.604853E-02,
,10.5,19.47436,33.3793,1518.353,23.66317,4.225188E-03,4.818834E-02,
,11,19.25461,33.35999,1517.718,23.70458,4.185755E-03,5.030419E-02,
,11.5,19.04686,33.34927,1517.123,23.74916,4.143361E-03,5.240159E-02,
,12,18.87035,33.3398,1516.616,23.78646,4.107944E-03,5.448059E-02,
,12.5,18.78928,33.33823,1516.39,23.80565,4.089818E-03,5.654331E-02,
,13,18.4474,33.31974,1515.39,23.87666,4.022142E-03,5.858622E-02,
,13.5,18.11158,33.30017,1514.397,23.94426,3.957803E-03,6.059234E-02,
,14,17.75082,33.28508,1513.325,24.0202,3.88543E-03,6.255952E-02,
,14.5,17.3473,33.27111,1512.12,24.10631,3.803383E-03,6.450041E-02,
,15,16.92785,33.25379,1510.85,24.19221,3.721629E-03,6.639625E-02,
,15.5,16.60565,33.24259,1509.868,24.25857,3.658502E-03,6.825403E-02,
,16,16.32056,33.23949,1509.001,24.32171,3.598327E-03,7.007897E-02,
,16.5,16.08567,33.25184,1508.302,24.38469,3.538418E-03,.071877,
,17,15.91276,33.24883,1507.771,24.42142,3.503536E-03,7.364823E-02,
,17.5,15.77502,33.24611,1507.349,24.4503,3.476099E-03,7.540625E-02,
,18,15.54159,33.25531,1506.638,24.50921,3.420055E-03,7.713842E-02,
,18.5,15.23224,33.26271,1505.682,24.58292,3.349942E-03,7.884263E-02,
,19,15.04627,33.27101,1505.113,24.62989,3.305226E-03,.0805195,
,19.5,14.95531,33.26662,1504.827,24.64627,3.289755E-03,8.217894E-02,
,20,14.86867,33.26674,1504.56,24.66502,3.272006E-03,8.383057E-02,
,20.5,14.73699,33.26408,1504.145,24.69125,3.247138E-03,8.547136E-02,
,21,14.57451,33.2614,1503.63,24.7239,3.216144E-03,.0870977,
,21.5,14.43841,33.25955,1503.198,24.7513,3.190156E-03,8.871076E-02,
,22,14.32559,33.26345,1502.847,24.77805,3.164863E-03,9.031153E-02,
,22.5,14.19579,33.26366,1502.436,24.80549,3.138729E-03,9.189725E-02,
,23,14.10537,33.26864,1502.156,24.82815,3.117225E-03,9.347148E-02,
,23.5,14.01398,33.26892,1501.868,24.84735,3.099091E-03,9.503593E-02,
,24,13.91617,33.26894,1501.557,24.8676,3.079918E-03,9.659199E-02,
,24.5,13.77209,33.26736,1501.092,24.89595,3.052922E-03,9.813596E-02,
,25,13.6403,33.26692,1500.667,24.92254,3.027719E-03,.0996656,
,25.5,13.53603,33.26775,1500.333,24.9444,3.007038E-03,.1011844,
,26,13.43054,33.26659,1499.992,24.96493,2.987568E-03,.1026951,
,26.5,13.33364,33.26893,1499.682,24.98621,2.967304E-03,.1041939,
,27,13.2535,33.26778,1499.423,25.00133,2.953096E-03,.1056838,
,27.5,13.17413,33.2683,1499.169,25.01756,2.937744E-03,.1071661,
,28,13.09665,33.27082,1498.922,25.03493,2.921307E-03,.1086413,
,28.5,13.02358,33.27411,1498.69,25.05202,2.905164E-03,.1101084,
,29,12.95031,33.27472,1498.454,25.06699,2.891031E-03,.1115672,
,29.5,12.82841,33.27692,1498.056,25.09259,2.866699E-03,.113016,
,30,12.68035,33.2815,1497.572,25.12505,2.835865E-03,.114452,
,30.5,12.55972,33.28593,1497.179,25.15182,2.810444E-03,.115874,
,31,12.46235,33.29082,1496.863,25.17436,2.788988E-03,.1172829,
,31.5,12.35256,33.29794,1496.507,25.20098,2.76371E-03,.1186793,
,32,12.25476,33.30742,1496.194,25.22705,2.738999E-03,.1200655,
,32.5,12.18867,33.318,1495.99,25.2478,2.719378E-03,.1214404,
,33,12.14932,33.32231,1495.869,25.25863,2.709268E-03,.1228069,
,33.5,12.1381,33.32434,1495.842,25.26235,2.705818E-03,.1241702,
,34,12.12735,33.3269,1495.816,25.26633,2.702125E-03,.1255316,
,34.5,12.11417,33.32955,1495.783,25.27089,2.697964E-03,.1268908,
,35,12.10035,33.33269,1495.748,25.27594,2.693273E-03,.1282479,
,35.5,12.07616,33.33488,1495.676,25.28219,2.687363E-03,.1296026,
,36,12.05571,33.33616,1495.616,25.28706,2.68282E-03,.1309546,
,36.5,12.0321,33.33834,1495.546,25.2932,2.677085E-03,.1323038,
,37,12.00604,33.34043,1495.467,25.2997,2.670985E-03,.1336498,
,37.5,11.98537,33.34296,1495.408,25.30555,2.665497E-03,.1349932,
,38,11.9699,33.34476,1495.365,25.30986,2.661511E-03,.1363344,
,38.5,11.95735,33.34478,1495.33,25.3122,2.659439E-03,.1376741,
,39,11.94903,33.34427,1495.31,25.3134,2.658379E-03,.1390127,
,39.5,11.93347,33.34408,1495.264,25.31615,2.655844E-03,.1403504,
,40,11.91228,33.3441,1495.2,25.32014,2.65216E-03,.1416867,
,40.5,11.88695,33.34456,1495.121,25.3253,2.647393E-03,.1430211,
,41,11.86314,33.34711,1495.051,25.33165,2.641352E-03,.1443527,
,41.5,11.83336,33.34905,1494.959,25.33877,2.63469E-03,.1456809,
,42,11.81926,33.35143,1494.922,25.34317,2.630705E-03,.1470064,
,42.5,11.79642,33.35674,1494.858,25.35155,2.622815E-03,.1483282,
,43,11.75881,33.3623,1494.743,25.36287,2.612119E-03,.1496457,
,43.5,11.70599,33.36786,1494.576,25.37701,2.598736E-03,.1509589,
,44,11.65624,33.37543,1494.421,25.39205,2.584581E-03,.1522627,
,44.5,11.59949,33.38099,1494.24,25.40685,2.570581E-03,.1535606,
,45,11.54585,33.38486,1494.067,25.41973,2.558351E-03,.1548523,
,45.5,11.51414,33.38873,1493.97,25.42845,2.55013E-03,.1561389,
,46,11.49516,33.39112,1493.915,25.43388,2.545077E-03,.1574217,
,46.5,11.48,33.39337,1493.874,25.4384,2.540887E-03,.1587021,
,47,11.47141,33.39351,1493.852,25.44005,2.539347E-03,.1599813,
,47.5,11.44249,33.39709,1493.764,25.44815,.0025318,.161258,
,48,11.40366,33.39991,1493.641,25.45741,2.523066E-03,.1625306,
,48.5,11.37123,33.40151,1493.538,25.46449,2.516395E-03,.1637994,
,49,11.33051,33.40473,1493.408,25.47441,2.507068E-03,.1650641,
,49.5,11.30159,33.41048,1493.323,25.48422,2.497842E-03,.1663243,
,50,11.26364,33.41714,1493.207,25.49624,2.486463E-03,.1675788,
,50.5,11.21883,33.42013,1493.062,25.50662,2.47675E-03,.1688285,
,51,11.19668,33.42138,1492.994,25.51153,2.472089E-03,.1700745,
,51.5,11.17949,33.42096,1492.942,25.51431,2.469626E-03,.1713185,
,52,11.16526,33.42137,1492.901,25.51718,2.466919E-03,.1725612,
,52.5,11.14792,33.4212,1492.848,25.52016,2.46415E-03,.1738029,
,53,11.11973,33.41945,1492.756,25.52393,2.460715E-03,.1750429,
,53.5,11.0748,33.4209,1492.608,25.53303,2.452051E-03,.1762791,
,54,11.00211,33.42359,1492.365,25.54809,2.437787E-03,.1775095,
,54.5,10.91922,33.42779,1492.086,25.56614,2.420716E-03,.1787335,
,55,10.8487,33.4334,1491.853,25.58301,2.404754E-03,.179949,
,55.5,10.81188,33.43585,1491.734,25.59141,2.396761E-03,.181158,
,56,10.79218,33.43842,1491.676,25.59686,2.391674E-03,.1823636,
,56.5,10.76624,33.44318,1491.598,25.60515,2.383878E-03,.1835654,
,57,10.73236,33.44815,1491.493,25.61496,2.374642E-03,.1847634,
,57.5,10.70472,33.45217,1491.408,25.62293,2.367153E-03,.1859575,
,58,10.69447,33.45418,1491.382,25.6263,2.364031E-03,.1871489,
,58.5,10.68122,33.45313,1491.343,25.62775,2.36275E-03,.188339,
,59,10.66102,33.45445,1491.281,25.63236,2.358471E-03,.1895278,
,59.5,10.6409,33.45604,1491.22,25.63704,2.35413E-03,.1907143,
,60,10.63143,33.45678,1491.195,25.63935,2.352026E-03,.1918991,
,60.5,10.62392,33.45481,1491.175,25.63915,2.352316E-03,.1930836,
,61,10.62163,33.45403,1491.174,25.63894,2.352629E-03,.1942682,
,61.5,10.61329,33.4551,1491.154,25.64121,2.350566E-03,.1954523,
,62,10.60677,33.45866,1491.143,25.64509,2.346969E-03,.1966349,
,62.5,10.60091,33.46355,1491.137,25.64993,2.342453E-03,.1978156,
,63,10.59379,33.46945,1491.127,25.65578,2.336996E-03,.1989939,
,63.5,10.58623,33.47581,1491.116,25.66204,2.331174E-03,.2001692,
,64,10.57979,33.48156,1491.108,25.6677,2.325941E-03,.201342,
,64.5,10.57279,33.48609,1491.097,25.67243,2.321442E-03,.2025123,
,65,10.57049,33.48912,1491.101,25.67516,2.319027E-03,.2036806,
,65.5,10.56823,33.49129,1491.104,25.67723,2.31717E-03,.2048479,
,66,10.56641,33.49264,1491.107,25.6786,2.315946E-03,.2060145,
,66.5,10.56569,33.49335,1491.114,25.67929,2.315378E-03,.2071806,
,67,10.56642,33.49343,1491.125,25.67918,2.315588E-03,.2083467,
,67.5,10.56577,33.49311,1491.13,25.67908,2.315855E-03,.2095128,
,68,10.56366,33.49308,1491.131,25.67946,2.31557E-03,.2106789,
,68.5,10.55826,33.49335,1491.121,25.68059,2.314585E-03,.2118448,
,69,10.55085,33.49371,1491.103,25.68213,2.313172E-03,.21301,
,69.5,10.55069,33.49376,1491.111,25.68217,2.313127E-03,.2141749,
,70,10.55328,33.49407,1491.129,25.6819,2.31358E-03,.2153398,
,70.5,10.55432,33.49553,1491.143,25.68296,2.312591E-03,.2165047,
,71,10.55872,33.50057,1491.173,25.68613,2.309793E-03,.2176686,
,71.5,10.56409,33.50654,1491.207,25.68989,2.306324E-03,.2188309,
,72,10.56855,33.51133,1491.237,25.69282,2.303643E-03,.2199916,
,72.5,10.5704,33.51433,1491.256,25.69476,2.301871E-03,.2211513,
,73,10.56767,33.51647,1491.257,25.69692,2.29993E-03,.2223099,
,73.5,10.56364,33.51941,1491.254,25.69994,2.297171E-03,.2234675,
,74,10.55929,33.5215,1491.25,25.70234,2.295011E-03,.2246238,
,74.5,10.55799,33.52209,1491.254,25.70301,2.294501E-03,.2257795,
,75,10.55796,33.52219,1491.262,25.70313,2.29449E-03,.226935,
,75.5,10.55522,33.5222,1491.261,25.70358,2.29414E-03,.2280903,
,76,10.55431,33.52209,1491.266,25.7036,2.294256E-03,.2292457,
,76.5,10.5534,33.5221,1491.271,25.70378,2.294184E-03,.2304011,
,77,10.54686,33.52349,1491.258,25.70601,2.292114E-03,.231556,
,77.5,10.53231,33.52789,1491.22,25.71204,2.286436E-03,.2327089,
,78,10.51384,33.53261,1491.168,25.71894,2.279999E-03,.2338586,
,78.5,10.49777,33.53638,1491.124,25.72464,2.274719E-03,.2350054,
,79,10.48281,33.53957,1491.083,25.72973,2.269965E-03,.2361499,
,79.5,10.45981,33.54197,1491.012,25.73551,2.264549E-03,.2372919,
,80,10.4364,33.54407,1490.939,25.74119,2.259163E-03,.2384308,
,80.5,10.42391,33.54581,1490.905,25.74478,2.255838E-03,.2395679,
,81,10.41577,33.54707,1490.886,25.74708,2.253771E-03,.2407034,
,81.5,10.40751,33.54855,1490.867,25.74968,2.251297E-03,.2418379,
,82,10.40119,33.5504,1490.854,25.75222,2.249064E-03,.242971,
,82.5,10.3909,33.55187,1490.828,25.7552,2.246332E-03,.2441028,
,83,10.37977,33.55387,1490.799,25.75868,2.243114E-03,.2452334,
,83.5,10.36837,33.55669,1490.77,25.76278,2.239312E-03,.2463622,
,84,10.35577,33.55904,1490.736,25.76678,2.235619E-03,.247489,
,84.5,10.34555,33.56024,1490.709,25.76946,2.233164E-03,.2486143,
,85,10.34222,33.56032,1490.706,25.7701,2.232635E-03,.2497389,
,85.5,10.33758,33.55891,1490.696,25.76971,2.232992E-03,.2508634,
,86,10.33236,33.55842,1490.685,25.77029,2.232586E-03,.2519879,
,86.5,10.32027,33.55815,1490.65,25.77218,2.230924E-03,.2531118,
,87,10.30525,33.55931,1490.605,25.77563,2.227694E-03,.2542347,
,87.5,10.2933,33.5623,1490.575,25.78001,2.223601E-03,.2553556,
,88,10.28367,33.56525,1490.552,25.78401,2.219917E-03,.2564745,
,88.5,10.28095,33.56705,1490.553,25.78585,2.218261E-03,.2575921,
,89,10.28185,33.56747,1490.565,25.78601,2.218196E-03,.2587093,
,89.5,10.28314,33.56726,1490.578,25.78565,2.218625E-03,.2598266,
,90,10.28379,33.56705,1490.588,25.78539,2.218963E-03,.2609441,
,90.5,10.28255,33.56668,1490.591,25.7853,2.219144E-03,.2620616,
,91,10.27905,33.56696,1490.588,25.7861,2.218557E-03,.2631791,
,91.5,10.27209,33.56731,1490.571,25.78752,2.217323E-03,.2642961,
,92,10.26624,33.56801,1490.559,25.78903,2.215906E-03,.2654125,
,92.5,10.26235,33.56821,1490.554,25.78989,2.215144E-03,.2665284,
,93,10.25938,33.56847,1490.552,25.79067,2.214588E-03,.2676439,
,93.5,10.25397,33.569,1490.542,25.792,2.213499E-03,.268759,
,94,10.24779,33.5701,1490.529,25.79387,2.211742E-03,.2698734,
,94.5,10.2418,33.57056,1490.516,25.79528,2.210469E-03,.270987,
,95,10.23696,33.57138,1490.508,25.79675,2.209151E-03,.2720999,
,95.5,10.23225,33.57239,1490.501,25.79832,2.207736E-03,.2732123,
,96,10.22636,33.57326,1490.489,25.80001,2.206224E-03,.2743239,
,96.5,10.22408,33.57578,1490.493,25.8023,2.204257E-03,.2754346,
,97,10.21524,33.57851,1490.472,25.80597,2.200771E-03,.2765439,
,97.5,10.20824,33.58283,1490.461,25.81048,2.196606E-03,.2776512,
,98,10.19904,33.58857,1490.443,25.8166,2.190913E-03,.2787561,
,98.5,10.18853,33.59489,1490.422,25.82334,2.184592E-03,.2798579,
,99,10.18268,33.60214,1490.418,25.82998,2.178331E-03,.2809565,
,99.5,10.16518,33.61018,1490.373,25.83922,2.169673E-03,.2820515,
,100,10.14113,33.61924,1490.306,25.85035,2.159144E-03,.2831418,
,100.5,10.12185,33.62701,1490.254,25.85979,2.150379E-03,.2842273,
,101,10.09923,33.63657,1490.193,25.87094,2.139726E-03,.2853075,
,101.5,10.07265,33.64711,1490.119,25.88367,2.127712E-03,.2863819,
,102,10.0519,33.65511,1490.062,25.89348,2.118435E-03,.2874512,
,102.5,10.0446,33.65984,1490.05,25.8984,2.113862E-03,.2885171,
,103,10.04107,33.6615,1490.047,25.90027,2.112181E-03,.2895814,
,103.5,10.03956,33.66258,1490.052,25.90143,2.111174E-03,.290645,
,104,10.03628,33.66335,1490.049,25.90261,2.110157E-03,.2917081,
,104.5,10.03492,33.6646,1490.054,25.90376,2.109139E-03,.2927707,
,105,10.03235,33.66585,1490.054,25.90514,2.107979E-03,.2938327,
,105.5,10.02937,33.66751,1490.054,25.90694,2.106406E-03,.294894,
,106,10.02627,33.66972,1490.054,25.90923,2.104325E-03,.2959545,
,106.5,10.02278,33.67221,1490.053,25.9118,2.101966E-03,.2970139,
,107,10.01838,33.6744,1490.048,25.91418,2.099779E-03,.298072,
,107.5,10.01472,33.67719,1490.046,25.91694,2.097236E-03,.2991289,
,108,10.00962,33.68077,1490.041,25.92064,2.093809E-03,.3001845,
,108.5,10.00256,33.68525,1490.029,25.92536,2.089397E-03,.301238,
,109,9.99798,33.68927,1490.026,25.92922,2.085794E-03,.3022894,
,109.5,9.995561,33.69241,1490.029,25.93216,2.083164E-03,.3033396,
,110,9.992855,33.69481,1490.03,25.93446,2.081048E-03,.3043882,
,110.5,9.99107,33.69746,1490.035,25.93683,2.078957E-03,.3054359,
,111,9.988495,33.70066,1490.038,25.93977,2.076251E-03,.3064824,
,111.5,9.984645,33.70467,1490.038,25.94357,2.072758E-03,.3075273,
,112,9.980675,33.70863,1490.036,25.94733,2.069287E-03,.3085704,
,112.5,9.977184,33.712,1490.036,25.95054,2.066246E-03,.3096121,
,113,9.975142,33.71479,1490.041,25.95303,2.063966E-03,.3106524,
,113.5,9.972615,33.71757,1490.043,25.95564,2.061595E-03,.3116914,
,114,9.967852,33.71964,1490.037,25.958,2.059518E-03,.3127292,
,114.5,9.965198,33.72071,1490.037,25.95931,2.058327E-03,.3137663,
,115,9.967189,33.72114,1490.053,25.95932,2.05844E-03,.3148031,
,115.5,9.967266,33.72136,1490.062,25.95942,2.058438E-03,.3158399,
,116,9.965484,33.72238,1490.065,25.96054,2.057441E-03,.3168765,
,116.5,9.963864,33.72323,1490.068,25.96151,2.056621E-03,.3179127,
,117,9.96149,33.72385,1490.069,25.96235,2.055944E-03,.3189485,
,117.5,9.958484,33.72534,1490.068,25.964,2.054496E-03,.3199838,
,118,9.95394,33.72726,1490.062,25.96634,2.052378E-03,.3210181,
,118.5,9.952618,33.73255,1490.072,25.97068,2.04837E-03,.3220509,
,119,9.947518,33.7405,1490.072,25.97773,2.041694E-03,.323081,
,119.5,9.945641,33.74852,1490.083,25.98429,2.035613E-03,.3241076,
,120,9.944989,33.75526,1490.097,25.98968,2.030629E-03,.3251319,
,120.5,9.942643,33.75989,1490.103,25.99369,2.026938E-03,.3261539,
,121,9.938133,33.76184,1490.097,25.99601,2.024772E-03,.3271744,
,121.5,9.936734,33.76373,1490.103,25.99764,2.023314E-03,.3281939,
,122,9.934883,33.76511,1490.106,25.99908,2.022049E-03,.3292128,
,122.5,9.936337,33.76725,1490.122,26.00046,2.020924E-03,.330231,
,123,9.934814,33.76897,1490.127,26.00212,2.019393E-03,.3312486,
,123.5,9.9307,33.77034,1490.122,26.0039,2.01775E-03,.3322654,
,124,9.926806,33.77175,1490.118,26.0056,2.016236E-03,.3332815,
,124.5,9.92696,33.77367,1490.129,26.0071,2.014987E-03,.3342969,
,125,9.932898,33.77646,1490.162,26.00824,2.013998E-03,.3353117,
,125.5,9.940818,33.77903,1490.202,26.00895,2.013418E-03,.336326,
,126,9.942059,33.78003,1490.216,26.00953,2.013006E-03,.3373401,
,126.5,9.936401,33.78003,1490.204,26.0105,2.012193E-03,.3383539,
,127,9.924767,33.77967,1490.17,26.0122,2.010571E-03,.3393672,
,127.5,9.91027,33.77947,1490.126,26.01438,2.008597E-03,.3403795,
,128,9.903575,33.78086,1490.112,26.01658,2.006589E-03,.3413908,
,128.5,9.89768,33.7822,1490.1,26.0186,2.004757E-03,.3424011,
,129,9.892905,33.78373,1490.093,26.0206,2.002945E-03,.3434106,
,129.5,9.890938,33.78582,1490.097,26.02262,2.001125E-03,.3444191,
,130,9.890038,33.78674,1490.103,26.02347,2.000418E-03,.345427,
,130.5,9.894053,33.78724,1490.126,26.02315,2.000819E-03,.3464348,
,131,9.897381,33.78778,1490.148,26.02311,2.000967E-03,.3474427,
,131.5,9.892438,33.78829,1490.139,26.0243,1.99993E-03,.3484505,
,132,9.890256,33.78932,1490.14,26.02543,1.998869E-03,.3494577,
,132.5,9.883514,33.78941,1490.124,26.02663,1.997843E-03,.3504643,
,133,9.877447,33.79058,1490.112,26.02859,1.99609E-03,.3514703,
,133.5,9.870333,33.79282,1490.098,26.03155,1.993397E-03,.3524752,
,134,9.869147,33.79631,1490.106,26.03446,1.990713E-03,.3534787,
,134.5,9.868447,33.80074,1490.117,26.03801,1.987431E-03,.3544808,
,135,9.861381,33.80527,1490.105,26.04277,1.983033E-03,.3554809,
,135.5,9.851846,33.80768,1490.082,26.04616,1.979901E-03,.356479,
,136,9.840459,33.80959,1490.051,26.04957,1.976775E-03,.3574757,
,136.5,9.830668,33.81094,1490.026,26.05231,1.974216E-03,.3584709,
,137,9.824274,33.81162,1490.012,26.05391,1.972809E-03,.359465,
,137.5,9.817084,33.81164,1489.994,26.05511,1.971768E-03,.3604586,
,138,9.81487,33.81153,1489.994,26.05535,1.971649E-03,.3614519,
,138.5,9.813267,33.81226,1489.998,26.05619,1.970929E-03,.362445,
,139,9.807857,33.81501,1489.99,26.05928,1.968026E-03,.3634372,
,139.5,9.800353,33.8187,1489.975,26.06343,1.964279E-03,.3644278,
,140,9.794829,33.82125,1489.967,26.06641,1.961535E-03,.3654165,
,140.5,9.789614,33.82328,1489.959,26.06882,1.959263E-03,.3664041,
,141,9.782706,33.82463,1489.944,26.07096,1.957283E-03,.3673907,
,141.5,9.777423,33.82603,1489.935,26.07291,1.955527E-03,.3683763,
,142,9.77456,33.82712,1489.934,26.07425,1.954362E-03,.3693611,
,142.5,9.772042,33.82731,1489.933,26.07483,1.953901E-03,.3703456,
,143,9.772624,33.82787,1489.944,26.07524,1.953608E-03,.3713299,
,143.5,9.769706,33.82765,1489.942,26.07553,1.953412E-03,.372314,
,144,9.766355,33.82786,1489.938,26.0763,1.952782E-03,.3732979,
,144.5,9.761978,33.82759,1489.93,26.07673,1.952476E-03,.3742817,
,145,9.754699,33.82723,1489.912,26.07768,1.951585E-03,.3752651,
,145.5,9.74891,33.82643,1489.898,26.07799,1.95139E-03,.3762482,
,146,9.745641,33.82579,1489.894,26.078,1.951485E-03,.3772313,
,146.5,9.74095,33.82504,1489.884,26.07824,1.951374E-03,.3782144,
,147,9.736547,33.82429,1489.875,26.07836,1.95137E-03,.3791976,
,147.5,9.732051,33.82196,1489.865,26.07741,1.952283E-03,.3801809,
,148,9.726719,33.81857,1489.849,26.07557,1.954108E-03,.3811649,
,148.5,9.720071,33.81638,1489.831,26.07495,1.954861E-03,.3821496,
,149,9.708313,33.81504,1489.795,26.07585,1.954061E-03,.3831342,
,149.5,9.700423,33.81486,1489.775,26.07709,1.95299E-03,.3841185,
,150,9.689983,33.8153,1489.745,26.07909,1.95108E-03,.3851019,
,150.5,9.683049,33.81597,1489.729,26.08084,1.94946E-03,.3860845,
,151,9.673827,33.81775,1489.706,26.08373,1.946849E-03,.3870659,
,151.5,9.668019,33.8199,1489.696,26.08634,1.944474E-03,.3880461,
,152,9.663453,33.82201,1489.69,26.08869,1.942335E-03,.3890251,
,152.5,9.659181,33.82391,1489.686,26.09085,1.940345E-03,.3900033,
,153,9.656146,33.82633,1489.686,26.09325,1.93806E-03,.3909804,
,153.5,9.65552,33.82953,1489.696,26.09581,1.935857E-03,.3919562,
,154,9.656187,33.83276,1489.71,26.09822,1.933665E-03,.392931,
,154.5,9.661156,33.83804,1489.743,26.10163,1.930524E-03,.3939042,
,155,9.669842,33.84457,1489.791,26.10531,1.927195E-03,.394876,
,155.5,9.677116,33.85125,1489.834,26.10934,1.923514E-03,.395846,
,156,9.68013,33.85565,1489.859,26.11227,1.920833E-03,.3968144,
,156.5,9.680334,33.85793,1489.87,26.11396,1.919278E-03,.3977818,
,157,9.678443,33.85986,1489.874,26.11576,1.917583E-03,.3987484,
,157.5,9.668124,33.86255,1489.848,26.11959,1.914109E-03,.3997135,
,158,9.65099,33.86775,1489.801,26.12653,1.907563E-03,.400676,
,158.5,9.630211,33.87382,1489.741,26.13475,1.899807E-03,.4016352,
,159,9.612103,33.87945,1489.69,26.14214,1.892859E-03,.4025908,
,159.5,9.603572,33.88432,1489.673,26.14732,1.887952E-03,.4035435,
,160,9.597825,33.88652,1489.663,26.14994,1.885653E-03,.4044941,
,160.5,9.596194,33.88827,1489.668,26.15157,1.884198E-03,.4054436,
,161,9.594667,33.8891,1489.672,26.1525,1.883395E-03,.4063928,
,161.5,9.593717,33.88926,1489.677,26.15283,1.883173E-03,.4073417,
,162,9.593846,33.88917,1489.685,26.15273,1.883357E-03,.4082905,
,162.5,9.591489,33.88784,1489.683,26.15201,1.884148E-03,.4092396,
,163,9.594009,33.88694,1489.7,26.15089,1.88532E-03,.4101892,
,163.5,9.595394,33.88628,1489.712,26.1502,1.886076E-03,.4111393,
,164,9.593716,33.88679,1489.715,26.15089,1.88552E-03,.4120894,
,164.5,9.591826,33.88736,1489.717,26.15154,1.884994E-03,.4130393,
,165,9.589927,33.88763,1489.719,26.15216,1.884511E-03,.4139889,
,165.5,9.585588,33.88689,1489.711,26.15227,1.884449E-03,.4149384,
,166,9.587301,33.8855,1489.724,26.15093,1.885855E-03,.4158882,
,166.5,9.588165,33.88489,1489.734,26.15033,1.886527E-03,.4168386,
,167,9.587504,33.8848,1489.74,26.1504,1.886548E-03,.417789,
,167.5,9.587696,33.88509,1489.749,26.15058,1.886453E-03,.4187396,
,168,9.587783,33.88482,1489.758,26.15032,1.886779E-03,.4196901,
,168.5,9.58775,33.88437,1489.765,26.14999,1.887173E-03,.4206409,
,169,9.588134,33.88402,1489.774,26.14964,.0018876,.4215919,
,169.5,9.589128,33.88385,1489.786,26.14932,1.88805E-03,.422543,
,170,9.590301,33.88358,1489.798,26.14891,1.888581E-03,.4234945,
,170.5,9.591933,33.88352,1489.813,26.14858,1.889013E-03,.4244461,
,171,9.594155,33.88373,1489.829,26.14835,1.889304E-03,.425398,
,171.5,9.593993,33.88386,1489.837,26.14853,1.889196E-03,.4263499,
,172,9.593631,33.88359,1489.844,26.14842,1.889367E-03,.4273019,
,172.5,9.593473,33.88264,1489.85,26.14768,1.890129E-03,.428254,
,173,9.595618,33.88219,1489.866,26.147,1.890903E-03,.4292066,
,173.5,9.597131,33.88177,1489.879,26.14643,1.891562E-03,.4301594,
,174,9.595345,33.8812,1489.88,26.1462,1.891842E-03,.4311126,
,174.5,9.595222,33.88152,1489.888,26.14647,.0018917,.4320658,
,175,9.595876,33.88227,1489.9,26.14697,1.891369E-03,.4330189,
,175.5,9.594876,33.88205,1489.904,26.14697,1.891515E-03,.4339719,
,176,9.594834,33.88123,1489.911,26.14636,1.892194E-03,.4349253,
,176.5,9.595437,33.88007,1489.921,26.14539,1.89318E-03,.4358788,
,177,9.597288,33.8805,1489.936,26.14539,1.893245E-03,.4368327,
,177.5,9.59508,33.88085,1489.937,26.14601,1.89272E-03,.4377864,
,178,9.588426,33.88114,1489.921,26.14731,1.891547E-03,.4387399,
,178.5,9.590182,33.88223,1489.937,26.14786,1.891153E-03,.4396929,
,179,9.591969,33.88304,1489.953,26.14819,1.890954E-03,.4406458,
,179.5,9.590876,33.88279,1489.957,26.14819,1.89102E-03,.4415986,
,180,9.586784,33.88322,1489.951,26.14921,1.890116E-03,.4425511,
,180.5,9.581625,33.88403,1489.942,26.1507,1.888793E-03,.4435033,
,181,9.577142,33.88517,1489.935,26.15237,1.887357E-03,.4444546,
,181.5,9.573216,33.88745,1489.932,26.15477,1.885171E-03,.4454049,
,182,9.566564,33.89024,1489.919,26.15803,1.882156E-03,.4463541,
,182.5,9.551843,33.89327,1489.878,26.16285,1.877645E-03,.4473012,
,183,9.541409,33.89652,1489.852,26.16708,1.873703E-03,.4482462,
,183.5,9.533737,33.89973,1489.836,26.17079,1.870254E-03,.4491899,
,184,9.530932,33.90183,1489.837,26.17293,1.868356E-03,.4501316,
,184.5,9.527497,33.90372,1489.835,26.17498,1.866515E-03,.4510727,
,185,9.523147,33.90528,1489.829,26.1769,1.864756E-03,.4520129,
,185.5,9.515149,33.9095,1489.814,26.18151,1.860453E-03,.4529509,
,186,9.500456,33.91475,1489.775,26.18801,1.854333E-03,.4538871,
,186.5,9.469818,33.92119,1489.679,26.19805,1.84481E-03,.4548195,
,187,9.452414,33.93172,1489.637,26.20919,1.834357E-03,.4557468,
