,0,21.65719,33.50251,1524.325,23.1767,
,.5,21.65719,33.50251,1524.325,23.1767,
,1,21.65719,33.50251,1524.325,23.1767,
,1.5,21.65719,33.50251,1524.325,23.1767,
,2,21.65492,33.49933,1524.318,23.17488,
,2.5,21.61824,33.49448,1524.224,23.18128,
,3,21.56115,33.49076,1524.076,23.19414,
,3.5,21.49904,33.48664,1523.914,23.208,
,4,21.42251,33.47928,1523.71,23.22331,
,4.5,21.32195,33.47666,1523.446,23.24874,
,5,21.20118,33.47737,1523.131,23.28217,
,5.5,21.01452,33.47723,1522.634,23.33247,
,6,20.8407,33.48034,1522.174,23.3816,
,6.5,20.68086,33.48699,1521.755,23.42944,
,7,20.48945,33.48798,1521.24,23.48106,
,7.5,20.28649,33.48689,1520.69,23.53406,
,8,20.0198,33.48658,1519.958,23.60365,
,8.5,19.7468,33.48404,1519.202,23.6728,
,9,19.46801,33.47737,1518.42,23.73965,
,9.5,19.17751,33.4712,1517.597,23.809,
,10,18.87507,33.46508,1516.736,23.88085,
,10.5,18.54944,33.45883,1515.8,23.95751,
,11,18.20933,33.4597,1514.819,24.04208,
,11.5,17.86333,33.46347,1513.82,24.12987,
,12,17.51052,33.4568,1512.774,24.20944,
,12.5,17.19199,33.44855,1511.825,24.27936,
,13,16.99476,33.43579,1511.226,24.31608,
,13.5,16.82356,33.41878,1510.698,24.34314,
,14,16.6698,33.39893,1510.218,24.36374,
,14.5,16.51621,33.39178,1509.75,24.39375,
,15,16.3647,33.38759,1509.291,24.42542,
,15.5,16.21712,33.38868,1508.847,24.46,
,16,16.07362,33.39115,1508.416,24.49446,
,16.5,15.93065,33.39352,1507.985,24.52861,
,17,15.78718,33.3952,1507.55,24.56219,
,17.5,15.61084,33.39768,1507.011,24.60337,
,18,15.42113,33.40049,1506.429,24.64765,
,18.5,15.15088,33.39598,1505.579,24.70325,
,19,14.86489,33.39154,1504.675,24.76184,
,19.5,14.56085,33.38771,1503.708,24.82413,
,20,14.19331,33.39569,1502.537,24.90745,
,20.5,13.84738,33.40329,1501.43,24.9853,
,21,13.54528,33.40911,1500.454,25.05163,
,21.5,13.34953,33.41228,1499.821,25.09388,
,22,13.22237,33.41376,1499.41,25.12059,
,22.5,13.114,33.40477,1499.047,25.13517,
,23,13.00864,33.39588,1498.693,25.14916,
,23.5,12.8985,33.39744,1498.334,25.17214,
,24,12.79524,33.4045,1498.005,25.19792,
,24.5,12.69967,33.41379,1497.703,25.22384,
,25,12.61917,33.42279,1497.451,25.24648,
,25.5,12.55792,33.42988,1497.261,25.26385,
,26,12.50696,33.43615,1497.104,25.27855,
,26.5,12.46196,33.44222,1496.968,25.29192,
,27,12.41598,33.44811,1496.827,25.30531,
,27.5,12.37117,33.45389,1496.69,25.31838,
,28,12.32794,33.45953,1496.558,25.33101,
,28.5,12.28532,33.4645,1496.428,25.34304,
,29,12.24301,33.46913,1496.298,25.35476,
,29.5,12.19642,33.47311,1496.152,25.36673,
,30,12.15103,33.4768,1496.01,25.37822,
,30.5,12.10991,33.47982,1495.881,25.3883,
,31,12.07514,33.48114,1495.772,25.39591,
,31.5,12.04454,33.48139,1495.676,25.40189,
,32,12.01463,33.48162,1495.582,25.40767,
,32.5,11.98085,33.48328,1495.477,25.41535,
,33,11.94851,33.48576,1495.377,25.42333,
,33.5,11.91745,33.4884,1495.282,25.43118,
,34,11.89525,33.49036,1495.217,25.43688,
,34.5,11.87127,33.49188,1495.144,25.44256,
,35,11.84437,33.49267,1495.061,25.4482,
,35.5,11.80898,33.4947,1494.95,25.45638,
,36,11.76939,33.49733,1494.825,25.46581,
,36.5,11.72718,33.49995,1494.691,25.47573,
,37,11.69126,33.50224,1494.578,25.48418,
,37.5,11.66366,33.50346,1494.492,25.49022,
,38,11.63821,33.50178,1494.411,25.49356,
,38.5,11.60696,33.50193,1494.311,25.49944,
,39,11.57017,33.50252,1494.193,25.50667,
,39.5,11.52795,33.50344,1494.056,25.51513,
,40,11.489,33.50438,1493.93,25.52304,
,40.5,11.44958,33.50471,1493.802,25.53054,
,41,11.40863,33.50397,1493.667,25.53743,
,41.5,11.36497,33.50304,1493.522,25.54464,
,42,11.31863,33.50333,1493.37,25.5533,
,42.5,11.27123,33.50431,1493.213,25.56267,
,43,11.22843,33.5046,1493.073,25.57064,
,43.5,11.19489,33.50471,1492.964,25.57679,
,44,11.17541,33.50457,1492.904,25.5802,
,44.5,11.1557,33.50339,1492.842,25.58278,
,45,11.13291,33.50327,1492.77,25.58674,
,45.5,11.10691,33.50481,1492.689,25.59261,
,46,11.08008,33.50777,1492.607,25.59978,
,46.5,11.05285,33.51138,1492.524,25.60746,
,47,11.02568,33.51482,1492.441,25.61499,
,47.5,10.99881,33.51804,1492.36,25.6223,
,48,10.97511,33.52088,1492.288,25.62874,
,48.5,10.94888,33.52343,1492.207,25.63536,
,49,10.92218,33.52591,1492.124,25.642,
,49.5,10.89905,33.52866,1492.054,25.64832,
,50,10.8781,33.53122,1491.992,25.65401,
,50.5,10.85753,33.53386,1491.931,25.65968,
,51,10.83421,33.53736,1491.861,25.66655,
,51.5,10.80559,33.54187,1491.773,25.67513,
,52,10.77248,33.54739,1491.671,25.68527,
,52.5,10.73374,33.55482,1491.552,25.69777,
,53,10.69182,33.56189,1491.421,25.71062,
,53.5,10.65312,33.56874,1491.3,25.72276,
,54,10.6196,33.5754,1491.197,25.73388,
,54.5,10.5894,33.58149,1491.106,25.74388,
,55,10.56311,33.5879,1491.028,25.75344,
,55.5,10.53646,33.59466,1490.95,25.76331,
,56,10.50736,33.60153,1490.864,25.77368,
,56.5,10.47124,33.60727,1490.75,25.78444,
,57,10.44284,33.61226,1490.663,25.79325,
,57.5,10.42106,33.61589,1490.599,25.79985,
,58,10.40083,33.61826,1490.538,25.8052,
,58.5,10.37723,33.62154,1490.466,25.8118,
,59,10.34963,33.62473,1490.379,25.81906,
,59.5,10.32179,33.62781,1490.292,25.82626,
,60,10.29997,33.63048,1490.225,25.83208,
,60.5,10.27379,33.63261,1490.143,25.83821,
,61,10.24659,33.63518,1490.057,25.84481,
,61.5,10.22453,33.63737,1489.988,25.85031,
,62,10.20429,33.63928,1489.926,25.8553,
,62.5,10.18563,33.64035,1489.869,25.85936,
,63,10.16515,33.64071,1489.805,25.86308,
,63.5,10.14096,33.64135,1489.727,25.86771,
,64,10.113,33.64249,1489.636,25.87337,
,64.5,10.08222,33.64407,1489.536,25.87974,
,65,10.05613,33.64607,1489.453,25.88574,
,65.5,10.03166,33.64755,1489.374,25.89102,
,66,10.01076,33.6484,1489.309,25.8952,
,66.5,9.993693,33.64885,1489.256,25.89839,
,67,9.976604,33.65003,1489.205,25.90215,
,67.5,9.95671,33.65219,1489.144,25.90724,
,68,9.934155,33.65454,1489.073,25.91284,
,68.5,9.916428,33.65697,1489.021,25.91774,
,69,9.900476,33.65926,1488.974,25.92222,
,69.5,9.886213,33.6612,1488.933,25.92611,
,70,9.875015,33.66419,1488.905,25.93033,
,70.5,9.863872,33.66755,1488.877,25.93482,
,71,9.852365,33.67107,1488.848,25.93946,
,71.5,9.839694,33.67393,1488.814,25.94378,
,72,9.823301,33.67612,1488.765,25.94824,
,72.5,9.798039,33.67835,1488.685,25.95422,
,73,9.766498,33.68096,1488.583,25.96151,
,73.5,9.73165,33.68398,1488.468,25.9696,
,74,9.702248,33.68682,1488.373,25.97669,
,74.5,9.674335,33.68822,1488.282,25.98236,
,75,9.652284,33.68863,1488.21,25.98631,
,75.5,9.637181,33.68826,1488.163,25.98853,
,76,9.623619,33.68785,1488.122,25.99049,
,76.5,9.610872,33.68861,1488.085,25.99315,
,77,9.600124,33.69038,1488.056,25.99631,
,77.5,9.589223,33.692,1488.026,25.99943,
,78,9.575139,33.6926,1487.984,26.00219,
,78.5,9.562937,33.69318,1487.949,26.00463,
,79,9.553196,33.69394,1487.922,26.00683,
,79.5,9.543588,33.69479,1487.897,26.009,
,80,9.537127,33.69594,1487.883,26.01094,
,80.5,9.532199,33.69674,1487.874,26.01238,
,81,9.527994,33.69728,1487.868,26.0135,
,81.5,9.524102,33.69753,1487.863,26.01435,
,82,9.520419,33.69737,1487.857,26.01485,
,82.5,9.517154,33.69732,1487.853,26.01536,
,83,9.512512,33.6969,1487.844,26.01576,
,83.5,9.507553,33.69733,1487.835,26.0169,
,84,9.501768,33.69829,1487.824,26.01858,
,84.5,9.49504,33.69964,1487.809,26.02072,
,85,9.487288,33.70172,1487.791,26.02363,
,85.5,9.474939,33.704,1487.758,26.02743,
,86,9.460368,33.70651,1487.716,26.03175,
,86.5,9.442637,33.70929,1487.662,26.03678,
,87,9.419528,33.71223,1487.59,26.04281,
,87.5,9.387407,33.71426,1487.484,26.04972,
,88,9.367428,33.71628,1487.421,26.05456,
,88.5,9.352717,33.71663,1487.376,26.0572,
,89,9.342915,33.71669,1487.349,26.05877,
,89.5,9.336299,33.71671,1487.333,26.05982,
,90,9.331731,33.71656,1487.324,26.06043,
,90.5,9.328526,33.71687,1487.321,26.06119,
,91,9.325618,33.71795,1487.319,26.06257,
,91.5,9.322345,33.71995,1487.318,26.06468,
,92,9.318463,33.72193,1487.315,26.06683,
,92.5,9.314056,33.72364,1487.309,26.0689,
,93,9.308951,33.72527,1487.301,26.07105,
,93.5,9.302793,33.72693,1487.289,26.07332,
,94,9.297554,33.72878,1487.28,26.0756,
,94.5,9.292504,33.7306,1487.272,26.07781,
,95,9.287882,33.73219,1487.265,26.07978,
,95.5,9.283103,33.73372,1487.257,26.08174,
,96,9.277922,33.73529,1487.248,26.0838,
,96.5,9.272498,33.73677,1487.239,26.08589,
,97,9.269197,33.73767,1487.236,26.08706,
,97.5,9.266916,33.73857,1487.237,26.08811,
,98,9.265389,33.73956,1487.241,26.08915,
,98.5,9.264252,33.74059,1487.247,26.09022,
,99,9.264432,33.74213,1487.258,26.0913,
,99.5,9.266111,33.74431,1487.275,26.09274,
,100,9.2696,33.74727,1487.3,26.09455,
,100.5,9.274545,33.75112,1487.331,26.09676,
,101,9.280602,33.75547,1487.366,26.09917,
,101.5,9.288044,33.76013,1487.408,26.10162,
,102,9.293256,33.76495,1487.441,26.1045,
,102.5,9.296643,33.76968,1487.467,26.10766,
,103,9.29803,33.77423,1487.487,26.11103,
,103.5,9.297166,33.77844,1487.497,26.11447,
,104,9.293322,33.78169,1487.495,26.11765,
,104.5,9.292257,33.7832,1487.501,26.11897,
,105,9.296427,33.78403,1487.526,26.1189,
,105.5,9.301164,33.78508,1487.552,26.11901,
,106,9.305413,33.78688,1487.579,26.11981,
,106.5,9.3081,33.78919,1487.6,26.12117,
,107,9.309573,33.79187,1487.617,26.12297,
,107.5,9.310759,33.79491,1487.633,26.12514,
,108,9.311904,33.79781,1487.649,26.12721,
,108.5,9.312607,33.79998,1487.663,26.12878,
,109,9.312696,33.80143,1487.673,26.12992,
,109.5,9.311779,33.80219,1487.679,26.13068,
,110,9.310916,33.80159,1487.683,26.13032,
,110.5,9.313004,33.80099,1487.698,26.12955,
,111,9.313287,33.8004,1487.707,26.129,
,111.5,9.313119,33.80111,1487.716,26.12957,
,112,9.313214,33.80322,1487.727,26.1312,
,112.5,9.313996,33.80598,1487.741,26.13321,
,113,9.316936,33.80961,1487.765,26.1356,
,113.5,9.32179,33.81361,1487.796,26.13798,
,114,9.330648,33.81812,1487.842,26.14011,
,114.5,9.339902,33.82263,1487.89,26.14214,
,115,9.347353,33.82711,1487.931,26.14441,
,115.5,9.350962,33.83167,1487.958,26.14736,
,116,9.35034,33.83571,1487.969,26.15059,
,116.5,9.347865,33.83906,1487.972,26.15363,
,117,9.344952,33.84222,1487.974,26.15664,
,117.5,9.341675,33.84545,1487.974,26.15974,
,118,9.336551,33.84839,1487.967,26.16282,
,118.5,9.328243,33.85192,1487.949,26.16695,
,119,9.31464,33.8556,1487.912,26.17205,
,119.5,9.297078,33.86028,1487.861,26.17848,
,120,9.274736,33.86451,1487.793,26.18537,
,120.5,9.248116,33.86763,1487.708,26.19213,
,121,9.218864,33.86922,1487.611,26.19812,
,121.5,9.185219,33.86913,1487.495,26.20347,
,122,9.151079,33.86806,1487.377,26.20808,
,122.5,9.124523,33.86726,1487.286,26.21163,
,123,9.105109,33.86753,1487.224,26.21493,
,123.5,9.088696,33.8685,1487.172,26.21834,
,124,9.078351,33.86964,1487.144,26.22095,
,124.5,9.070792,33.87086,1487.126,26.22302,
,125,9.061596,33.87196,1487.102,26.22536,
,125.5,9.048607,33.87326,1487.064,26.22851,
,126,9.03229,33.8746,1487.014,26.23215,
,126.5,9.017475,33.87539,1486.969,26.23507,
,127,9.011853,33.87601,1486.956,26.23641,
,127.5,9.009716,33.87751,1486.958,26.23795,
,128,9.008711,33.87979,1486.966,26.23988,
,128.5,9.010299,33.88201,1486.983,26.24134,
,129,9.013701,33.88422,1487.006,26.24256,
,129.5,9.017684,33.88605,1487.032,26.24343,
,130,9.022091,33.88827,1487.059,26.24448,
,130.5,9.025838,33.89037,1487.083,26.24547,
,131,9.031412,33.89231,1487.115,26.24611,
,131.5,9.039463,33.89447,1487.156,26.24651,
,132,9.047337,33.89685,1487.196,26.24708,
,132.5,9.055819,33.89949,1487.238,26.2479,
,133,9.068683,33.90328,1487.299,26.24869,
,133.5,9.085215,33.90862,1487.375,26.25036,
,134,9.100385,33.91472,1487.446,26.25267,
,134.5,9.119454,33.92063,1487.532,26.25419,
,135,9.13924,33.9263,1487.62,26.25547,
,135.5,9.155259,33.93184,1487.694,26.25732,
,136,9.157267,33.93531,1487.714,26.25977,
,136.5,9.145709,33.93769,1487.683,26.26347,
,137,9.119125,33.9372,1487.593,26.26722,
,137.5,9.10934,33.93662,1487.564,26.2684,
,138,9.108827,33.9359,1487.57,26.26796,
,138.5,9.114812,33.93766,1487.602,26.26829,
,139,9.123011,33.94213,1487.646,26.2705,
,139.5,9.127899,33.94646,1487.678,26.27313,
,140,9.132501,33.94888,1487.706,26.2743,
,140.5,9.138006,33.94937,1487.735,26.27375,
,141,9.145168,33.95019,1487.771,26.27328,
,141.5,9.152659,33.9523,1487.809,26.27373,
,142,9.154607,33.95529,1487.828,26.2758,
,142.5,9.14955,33.9557,1487.819,26.27684,
,143,9.139145,33.95359,1487.786,26.27699,
,143.5,9.123477,33.95069,1487.733,26.27714,
,144,9.110064,33.94818,1487.689,26.2773,
,144.5,9.098211,33.94529,1487.65,26.27698,
,145,9.090093,33.94215,1487.624,26.2758,
,145.5,9.08339,33.9391,1487.604,26.27448,
,146,9.078412,33.94032,1487.596,26.27618,
,146.5,9.075163,33.94243,1487.595,26.27837,
,147,9.072638,33.94334,1487.595,26.2795,
,147.5,9.070902,33.94327,1487.597,26.27966,
,148,9.069775,33.94345,1487.601,26.28003,
,148.5,9.074232,33.94817,1487.631,26.28307,
,149,9.089184,33.95819,1487.707,26.28845,
,149.5,9.124087,33.96935,1487.858,26.29164,
,150,9.173059,33.98031,1488.059,26.29241,
,150.5,9.196517,33.989,1488.165,26.2954,
,151,9.21223,33.99665,1488.24,26.29889,
,151.5,9.220491,34.00074,1488.284,26.30074,
,152,9.227547,34.00307,1488.321,26.30141,
,152.5,9.231686,34.00568,1488.347,26.3028,
,153,9.234,34.00837,1488.368,26.30459,
,153.5,9.235784,34.00926,1488.383,26.30499,
,154,9.236727,34.00879,1488.394,26.3044,
,154.5,9.237379,34.00739,1488.404,26.30327,
,155,9.23796,34.00608,1488.412,26.30214,
,155.5,9.238002,34.00496,1488.42,26.3013,
,156,9.237801,34.00442,1488.426,26.3009,
,156.5,9.23752,34.00402,1488.433,26.30062,
,157,9.236477,34.00465,1488.439,26.3013,
,157.5,9.233846,34.00734,1488.44,26.30374,
,158,9.230447,34.01015,1488.44,26.30647,
,158.5,9.226772,34.01125,1488.436,26.30794,
,159,9.223404,34.01165,1488.432,26.30885,
,159.5,9.219935,34.01239,1488.428,26.30989,
,160,9.215782,34.01263,1488.422,26.31084,
,160.5,9.210883,34.01231,1488.412,26.31134,
,161,9.202925,34.01282,1488.392,26.31301,
,161.5,9.191426,34.01371,1488.359,26.31555,
