,0,20.76246,33.49311,1521.898,23.41235,
,.5,20.76246,33.49311,1521.898,23.41235,
,1,20.76246,33.49311,1521.898,23.41235,
,1.5,20.7567,33.49088,1521.883,23.41216,
,2,20.73588,33.48757,1521.83,23.41523,
,2.5,20.70769,33.48712,1521.762,23.42242,
,3,20.67632,33.48748,1521.685,23.4311,
,3.5,20.644,33.48798,1521.606,23.4401,
,4,20.6095,33.48873,1521.521,23.44983,
,4.5,20.57501,33.48949,1521.436,23.45957,
,5,20.52323,33.4891,1521.302,23.47303,
,5.5,20.47128,33.4887,1521.167,23.48654,
,6,20.41378,33.48839,1521.017,23.50155,
,6.5,20.34313,33.48831,1520.831,23.52013,
,7,20.27249,33.48823,1520.644,23.53871,
,7.5,20.18954,33.48832,1520.424,23.56059,
,8,20.08243,33.48876,1520.135,23.58896,
,8.5,19.97532,33.4892,1519.846,23.61733,
,9,19.85216,33.48922,1519.511,23.64942,
,9.5,19.69105,33.48826,1519.066,23.69031,
,10,19.52994,33.4873,1518.622,23.7312,
,10.5,19.34929,33.4856,1518.118,23.77622,
,11,19.13244,33.48253,1517.505,23.8289,
,11.5,18.9156,33.47947,1516.893,23.88158,
,12,18.65166,33.48279,1516.144,23.95011,
,12.5,18.32754,33.49426,1515.223,24.0389,
,13,18.00343,33.50573,1514.302,24.12768,
,13.5,17.62302,33.51001,1513.189,24.22262,
,14,17.19812,33.50861,1511.924,24.32243,
,14.5,16.77323,33.5072,1510.66,24.42224,
,15,16.46323,33.50697,1509.726,24.49397,
,15.5,16.19451,33.50716,1508.909,24.55562,
,16,15.92578,33.50736,1508.093,24.61728,
,16.5,15.61299,33.48905,1507.101,24.67245,
,17,15.29699,33.46939,1506.095,24.72716,
,17.5,14.98269,33.44991,1505.095,24.7816,
,18,14.77538,33.44101,1504.429,24.81905,
,18.5,14.56807,33.43211,1503.763,24.8565,
,19,14.36075,33.42321,1503.097,24.89395,
,19.5,14.19213,33.41489,1502.548,24.92268,
,20,14.02411,33.40657,1502.001,24.95128,
,20.5,13.85609,33.39826,1501.454,24.97987,
,21,13.6994,33.3947,1500.943,25.00911,
,21.5,13.54417,33.39176,1500.437,25.03842,
,22,13.38894,33.38882,1499.931,25.06774,
,22.5,13.25592,33.38799,1499.498,25.09381,
,23,13.13443,33.38825,1499.102,25.1182,
,23.5,13.01294,33.38851,1498.706,25.14258,
,24,12.90428,33.389,1498.352,25.16448,
,24.5,12.81749,33.38985,1498.07,25.18214,
,25,12.73071,33.3907,1497.788,25.1998,
,25.5,12.6448,33.39164,1497.509,25.21733,
,26,12.56518,33.39317,1497.25,25.2339,
,26.5,12.48556,33.39471,1496.991,25.25048,
,27,12.40595,33.39624,1496.732,25.26706,
,27.5,12.33996,33.39887,1496.519,25.28168,
,28,12.27498,33.40157,1496.309,25.29617,
,28.5,12.20999,33.40427,1496.1,25.31065,
,29,12.16114,33.40662,1495.944,25.32178,
,29.5,12.11853,33.40883,1495.809,25.33159,
,30,12.07592,33.41105,1495.674,25.34141,
,30.5,12.03685,33.41339,1495.552,25.35061,
,31,12.00187,33.41591,1495.443,25.3591,
,31.5,11.96689,33.41842,1495.335,25.36758,
,32,11.932,33.42104,1495.227,25.37613,
,32.5,11.89738,33.42394,1495.119,25.38489,
,33,11.86276,33.42685,1495.012,25.39363,
,33.5,11.82877,33.42987,1494.907,25.40236,
,34,11.80029,33.434,1494.822,25.41086,
,34.5,11.77181,33.43812,1494.737,25.41936,
,35,11.74333,33.44224,1494.652,25.42786,
,35.5,11.71441,33.44665,1494.566,25.43663,
,36,11.68549,33.45106,1494.48,25.44539,
,36.5,11.65657,33.45547,1494.394,25.45415,
,37,11.6255,33.46247,1494.303,25.46533,
,37.5,11.59425,33.46969,1494.212,25.47671,
,38,11.563,33.47691,1494.12,25.48808,
,38.5,11.52669,33.48378,1494.011,25.50009,
,39,11.49007,33.49062,1493.901,25.51213,
,39.5,11.45344,33.49747,1493.79,25.52417,
,40,11.42401,33.50322,1493.703,25.53399,
,40.5,11.39474,33.50895,1493.617,25.54378,
,41,11.36536,33.51454,1493.529,25.55348,
,41.5,11.33393,33.5175,1493.432,25.56151,
,42,11.30249,33.52047,1493.334,25.56954,
,42.5,11.27043,33.52336,1493.234,25.57762,
,43,11.23568,33.52593,1493.124,25.58588,
,43.5,11.20094,33.5285,1493.014,25.59415,
,44,11.16943,33.53108,1492.915,25.60184,
,44.5,11.14347,33.53368,1492.835,25.60855,
,45,11.11751,33.53628,1492.756,25.61527,
,45.5,11.09486,33.53839,1492.687,25.62097,
,46,11.07491,33.54012,1492.628,25.62585,
,46.5,11.05497,33.54184,1492.568,25.63074,
,47,11.03619,33.54369,1492.513,25.63555,
,47.5,11.01782,33.54559,1492.459,25.64035,
,48,10.99942,33.54749,1492.405,25.64515,
,48.5,10.97161,33.54892,1492.317,25.6512,
,49,10.94379,33.55035,1492.229,25.65724,
,49.5,10.91422,33.55183,1492.135,25.66363,
,50,10.88005,33.5534,1492.025,25.6709,
,50.5,10.84588,33.55498,1491.915,25.67817,
,51,10.81956,33.5559,1491.832,25.68355,
,51.5,10.79906,33.55634,1491.768,25.68752,
,52,10.77856,33.55677,1491.705,25.69149,
,52.5,10.76493,33.55737,1491.665,25.69434,
,53,10.75238,33.55799,1491.63,25.69702,
,53.5,10.73985,33.55884,1491.595,25.69988,
,54,10.72749,33.56117,1491.562,25.70389,
,54.5,10.71513,33.5635,1491.53,25.7079,
,55,10.70033,33.56667,1491.49,25.71298,
,55.5,10.68226,33.57098,1491.439,25.7195,
,56,10.66418,33.57529,1491.389,25.72602,
,56.5,10.64649,33.57919,1491.339,25.73211,
,57,10.62889,33.58302,1491.29,25.73812,
,57.5,10.61287,33.58638,1491.245,25.7435,
,58,10.60088,33.58858,1491.214,25.74732,
,58.5,10.58888,33.59079,1491.182,25.75113,
,59,10.5802,33.59221,1491.161,25.75375,
,59.5,10.57262,33.59336,1491.143,25.75598,
,60,10.56522,33.5947,1491.127,25.75831,
,60.5,10.55842,33.59664,1491.114,25.76101,
,61,10.55161,33.59858,1491.1,25.76371,
,61.5,10.54188,33.60126,1491.077,25.7675,
,62,10.53116,33.60419,1491.051,25.77165,
,62.5,10.51915,33.60719,1491.02,25.77608,
,63,10.50256,33.61045,1490.973,25.78149,
,63.5,10.48597,33.61371,1490.926,25.7869,
,64,10.46877,33.61732,1490.878,25.79267,
,64.5,10.4513,33.6211,1490.828,25.7986,
,65,10.43313,33.62482,1490.776,25.80463,
,65.5,10.41216,33.62829,1490.714,25.81102,
,66,10.39118,33.63176,1490.652,25.81741,
,66.5,10.36952,33.6354,1490.587,25.82397,
,67,10.34755,33.63911,1490.522,25.8306,
,67.5,10.32571,33.64276,1490.457,25.83717,
,68,10.30503,33.64586,1490.395,25.84318,
,68.5,10.28435,33.64896,1490.333,25.8492,
,69,10.26579,33.65163,1490.278,25.85447,
,69.5,10.24971,33.65381,1490.231,25.8589,
,70,10.23362,33.65599,1490.184,25.86332,
,70.5,10.21828,33.65776,1490.14,25.86732,
,71,10.20333,33.65931,1490.097,25.87107,
,71.5,10.18839,33.66086,1490.054,25.87484,
,72,10.17616,33.66183,1490.019,25.87766,
,72.5,10.16494,33.66257,1489.988,25.88015,
,73,10.15372,33.66332,1489.957,25.88263,
,73.5,10.14555,33.66387,1489.937,25.88443,
,74,10.13802,33.66438,1489.918,25.88608,
,74.5,10.13048,33.66488,1489.9,25.88773,
,75,10.12018,33.66502,1489.872,25.88962,
,75.5,10.10973,33.66514,1489.843,25.89152,
,76,10.09897,33.66541,1489.813,25.89359,
,76.5,10.08689,33.66633,1489.779,25.89634,
,77,10.07481,33.66724,1489.745,25.89909,
,77.5,10.06076,33.66799,1489.703,25.90205,
,78,10.04423,33.66853,1489.653,25.90526,
,78.5,10.02769,33.66907,1489.602,25.90848,
,79,10.01081,33.66945,1489.55,25.9116,
,79.5,9.993744,33.66975,1489.497,25.91469,
,80,9.976682,33.67006,1489.444,25.91777,
,80.5,9.959921,33.66993,1489.392,25.92051,
,81,9.943195,33.66975,1489.34,25.9232,
,81.5,9.926678,33.66964,1489.289,25.92592,
,82,9.911523,33.67006,1489.243,25.9288,
,82.5,9.896369,33.67046,1489.197,25.93168,
,83,9.88222,33.67102,1489.154,25.93448,
,83.5,9.870068,33.67184,1489.12,25.93712,
,84,9.857916,33.67267,1489.085,25.93977,
,84.5,9.84503,33.67373,1489.048,25.94274,
,85,9.831578,33.67498,1489.009,25.94596,
,85.5,9.818127,33.67622,1488.97,25.94918,
,86,9.803089,33.67812,1488.927,25.95316,
,86.5,9.787738,33.68016,1488.882,25.95729,
,87,9.772309,33.68223,1488.837,25.96146,
,87.5,9.756065,33.68473,1488.79,25.96612,
,88,9.739822,33.68723,1488.742,25.97078,
,88.5,9.725164,33.68955,1488.7,25.97504,
,89,9.713283,33.69156,1488.668,25.97858,
,89.5,9.701402,33.69357,1488.636,25.98212,
,90,9.690678,33.6955,1488.607,25.98539,
,90.5,9.680517,33.6974,1488.581,25.98854,
,91,9.670357,33.69929,1488.554,25.99168,
,91.5,9.662827,33.70125,1488.538,25.99447,
,92,9.655311,33.70322,1488.521,25.99726,
,92.5,9.649747,33.70551,1488.512,25.99999,
,93,9.648234,33.7085,1488.518,26.00256,
,93.5,9.646722,33.71149,1488.525,26.00514,
,94,9.647075,33.71469,1488.538,26.00756,
,94.5,9.64833,33.71798,1488.555,26.00991,
,95,9.649539,33.72136,1488.572,26.01233,
,95.5,9.650179,33.72587,1488.588,26.01577,
,96,9.650819,33.73038,1488.605,26.01921,
,96.5,9.650953,33.73515,1488.619,26.02294,
,97,9.650542,33.7402,1488.632,26.02698,
,97.5,9.650131,33.74525,1488.644,26.03102,
,98,9.648492,33.75054,1488.653,26.03543,
,98.5,9.64664,33.75587,1488.661,26.03989,
,99,9.645665,33.76107,1488.672,26.04411,
,99.5,9.646895,33.76594,1488.691,26.04768,
,100,9.648126,33.77081,1488.71,26.05125,
,100.5,9.643788,33.77542,1488.708,26.05557,
,101,9.637653,33.77993,1488.7,26.06014,
,101.5,9.630512,33.78423,1488.687,26.06468,
,102,9.62022,33.7878,1488.662,26.06911,
,102.5,9.609928,33.79137,1488.638,26.07355,
,103,9.597097,33.79424,1488.603,26.07793,
,103.5,9.583508,33.79691,1488.565,26.08228,
,104,9.570842,33.79913,1488.529,26.08612,
,104.5,9.560343,33.80029,1488.501,26.08876,
,105,9.549844,33.80145,1488.473,26.0914,
,105.5,9.538938,33.80209,1488.442,26.0937,
,106,9.527933,33.80259,1488.411,26.09592,
,106.5,9.516262,33.80279,1488.377,26.09799,
,107,9.503242,33.80236,1488.337,26.09976,
,107.5,9.490223,33.80193,1488.297,26.10152,
,108,9.477523,33.80182,1488.259,26.10349,
,108.5,9.464854,33.80173,1488.221,26.10549,
,109,9.450925,33.80146,1488.178,26.10755,
,109.5,9.435825,33.80103,1488.131,26.10968,
,110,9.421129,33.80063,1488.085,26.11177,
,110.5,9.409583,33.80043,1488.051,26.1135,
,111,9.398037,33.80024,1488.017,26.11524,
,111.5,9.387948,33.79993,1487.988,26.11664,
,112,9.37863,33.79957,1487.962,26.11785,
,112.5,9.369816,33.79939,1487.937,26.11913,
,113,9.364126,33.80034,1487.926,26.1208,
,113.5,9.358436,33.8013,1487.915,26.12247,
,114,9.350961,33.80218,1487.897,26.12437,
,114.5,9.342522,33.80303,1487.876,26.12639,
,115,9.334851,33.8039,1487.857,26.12831,
,115.5,9.330596,33.80486,1487.851,26.12975,
,116,9.326342,33.80583,1487.845,26.13119,
,116.5,9.323036,33.80662,1487.842,26.13235,
,117,9.320093,33.80734,1487.84,26.13339,
,117.5,9.317341,33.80826,1487.839,26.13455,
,118,9.315107,33.80972,1487.841,26.13601,
,118.5,9.312873,33.81118,1487.843,26.13746,
,119,9.311711,33.81292,1487.849,26.13905,
,119.5,9.310755,33.81471,1487.856,26.14065,
,120,9.308955,33.81652,1487.86,26.14239,
,120.5,9.30594,33.81834,1487.859,26.14431,
,121,9.302923,33.82017,1487.859,26.14623,
,121.5,9.302352,33.82214,1487.868,26.14786,
,122,9.301795,33.82412,1487.876,26.14949,
,122.5,9.304076,33.82647,1487.896,26.15095,
,123,9.3083,33.82907,1487.922,26.15229,
,123.5,9.313516,33.83183,1487.953,26.15359,
,124,9.321986,33.83506,1487.997,26.15474,
,124.5,9.330456,33.8383,1488.04,26.15588,
,125,9.337762,33.84249,1488.08,26.15798,
,125.5,9.344923,33.8468,1488.12,26.1602,
,126,9.348828,33.85143,1488.148,26.16321,
,126.5,9.349833,33.85634,1488.166,26.16691,
,127,9.349798,33.86112,1488.18,26.17067,
,127.5,9.344015,33.86517,1488.172,26.17477,
,128,9.338232,33.86922,1488.165,26.17887,
,128.5,9.337454,33.8722,1488.174,26.18132,
,129,9.337918,33.87492,1488.187,26.18336,
,129.5,9.339949,33.87706,1488.205,26.1847,
,130,9.343767,33.87854,1488.229,26.18523,
,130.5,9.347237,33.88014,1488.252,26.18591,
,131,9.349097,33.88227,1488.27,26.18726,
,131.5,9.350959,33.88439,1488.288,26.18861,
,132,9.347095,33.88665,1488.284,26.19099,
,132.5,9.342737,33.88892,1488.279,26.19346,
,133,9.340137,33.8909,1488.281,26.19546,
,133.5,9.338305,33.89277,1488.284,26.19725,
,134,9.337348,33.89421,1488.291,26.19855,
,134.5,9.337216,33.89527,1488.3,26.1994,
,135,9.337492,33.89633,1488.311,26.20018,
,135.5,9.338545,33.89739,1488.324,26.20086,
,136,9.339585,33.8986,1488.337,26.20164,
,136.5,9.34057,33.90053,1488.352,26.20298,
,137,9.341556,33.90246,1488.367,26.20432,
,137.5,9.341772,33.90491,1488.379,26.20623,
,138,9.341973,33.90736,1488.391,26.20815,
,138.5,9.341125,33.90974,1488.399,26.21011,
,139,9.340044,33.91209,1488.406,26.21209,
,139.5,9.339428,33.9141,1488.414,26.21373,
,140,9.339061,33.91591,1488.423,26.21521,
,140.5,9.338153,33.91747,1488.43,26.21657,
,141,9.336706,33.91878,1488.435,26.21781,
,141.5,9.335971,33.91999,1488.442,26.21888,
,142,9.336578,33.92105,1488.454,26.21962,
,142.5,9.337258,33.92217,1488.467,26.22038,
,143,9.338239,33.92352,1488.48,26.22128,
,143.5,9.339206,33.92487,1488.493,26.22219,
,144,9.339368,33.92625,1488.504,26.22324,
,144.5,9.339531,33.92763,1488.514,26.22429,
,145,9.339856,33.92905,1488.525,26.22538,
,145.5,9.340219,33.9305,1488.536,26.22649,
,146,9.340658,33.93155,1488.548,26.22723,
,146.5,9.341146,33.93234,1488.559,26.22774,
,147,9.341559,33.93327,1488.571,26.22839,
,147.5,9.341874,33.93437,1488.581,26.22925,
,148,9.342147,33.9354,1488.592,26.23003,
,148.5,9.342312,33.93626,1488.601,26.23065,
,149,9.342379,33.93717,1488.611,26.23133,
,149.5,9.34166,33.93845,1488.618,26.23245,
,150,9.340942,33.93973,1488.626,26.23358,
,150.5,9.338304,33.94102,1488.625,26.23499,
,151,9.335559,33.94231,1488.625,26.23642,
,151.5,9.329276,33.9438,1488.612,26.23861,
,152,9.322174,33.94533,1488.597,26.24097,
,152.5,9.319639,33.94675,1488.598,26.2425,
,153,9.319125,33.94812,1488.606,26.24365,
,153.5,9.320256,33.94965,1488.62,26.24467,
,154,9.322609,33.95131,1488.639,26.2456,
,154.5,9.324072,33.95299,1488.655,26.24667,
,155,9.324533,33.95468,1488.667,26.24791,
,155.5,9.324547,33.95651,1488.677,26.24932,
,156,9.323859,33.95855,1488.685,26.25101,
,156.5,9.323219,33.96041,1488.693,26.25256,
,157,9.322689,33.96186,1488.702,26.25378,
,157.5,9.32233,33.96331,1488.71,26.25498,
,158,9.322659,33.96476,1488.722,26.25607,
,158.5,9.322893,33.96621,1488.733,26.25717,
,159,9.321917,33.96749,1488.739,26.25834,
,159.5,9.32094,33.96877,1488.745,26.25952,
,160,9.318629,33.97042,1488.747,26.26117,
,160.5,9.316159,33.97211,1488.749,26.26288,
,161,9.313574,33.9739,1488.75,26.26469,
,161.5,9.310913,33.97577,1488.75,26.26658,
,162,9.308325,33.97767,1488.751,26.26848,
,162.5,9.306161,33.97975,1488.755,26.27048,
,163,9.303998,33.98182,1488.758,26.27249,
,163.5,9.302078,33.98388,1488.761,26.2744,
,164,9.300333,33.98594,1488.766,26.27624,
,164.5,9.298587,33.98799,1488.77,26.27809,
,165,9.296697,33.9896,1488.774,26.27969,
,165.5,9.294806,33.99121,1488.777,26.28129,
,166,9.293161,33.99248,1488.781,26.28258,
,166.5,9.291862,33.99328,1488.785,26.28341,
,167,9.290561,33.99408,1488.789,26.28425,
,167.5,9.289273,33.99454,1488.793,26.28483,
,168,9.287988,33.99492,1488.797,26.28534,
,168.5,9.286698,33.99531,1488.802,26.28586,
,169,9.285383,33.99577,1488.806,26.28642,
,169.5,9.284069,33.99622,1488.81,26.28697,
,170,9.282556,33.99683,1488.813,26.28769,
,170.5,9.28087,33.99757,1488.816,26.28853,
,171,9.279186,33.99831,1488.819,26.28938,
,171.5,9.276416,33.99928,1488.818,26.2906,
,172,9.273569,34.00026,1488.818,26.29185,
,172.5,9.270072,34.00136,1488.815,26.29328,
,173,9.265047,34.00274,1488.806,26.29513,
,173.5,9.260023,34.00412,1488.798,26.29698,
,174,9.253413,34.00564,1488.784,26.29925,
,174.5,9.245995,34.00724,1488.766,26.30172,
,175,9.238496,34.00885,1488.749,26.30421,
,175.5,9.229347,34.01047,1488.726,26.30694,
,176,9.220199,34.0121,1488.703,26.30967,
,176.5,9.211924,34.01334,1488.682,26.31197,
,177,9.204704,34.01411,1488.665,26.31377,
,177.5,9.197485,34.01489,1488.648,26.31556,
,178,9.192418,34.0156,1488.639,26.31692,
,178.5,9.187678,34.01629,1488.63,26.31821,
,179,9.183335,34.01687,1488.623,26.31934,
,179.5,9.179839,34.01719,1488.619,26.32013,
,180,9.176343,34.01751,1488.615,26.32092,
,180.5,9.174054,34.01773,1488.615,26.32149,
,181,9.171984,34.01794,1488.616,26.32201,
,181.5,9.170115,34.01801,1488.617,26.32236,
,182,9.168439,34.01794,1488.619,26.32254,
,182.5,9.166494,34.01769,1488.62,26.32263,
,183,9.164242,34.01724,1488.62,26.32263,
