,0,18.14856,33.484,1514.493,24.07605,
,.5,18.14935,33.48509,1514.5,24.07664,
,1,18.13688,33.48564,1514.473,24.08008,
,1.5,18.13784,33.48763,1514.487,24.08142,
,2,18.13451,33.48302,1514.48,24.07866,
,2.5,18.11954,33.47749,1514.438,24.07816,
,3,18.07893,33.47417,1514.323,24.08554,
,3.5,18.02574,33.47607,1514.178,24.10002,
,4,18.03213,33.4785,1514.208,24.10028,
,4.5,17.99328,33.4793,1514.103,24.11039,
,5,17.92474,33.477,1513.908,24.12524,
,5.5,17.78827,33.48656,1513.525,24.16578,
,6,17.48391,33.45095,1512.592,24.21179,
,6.5,16.33356,33.38018,1509.044,24.42683,
,7,15.07073,33.35258,1505.085,24.68739,
,7.5,14.22139,33.39947,1502.428,24.90495,
,8,13.96246,33.41188,1501.61,24.9685,
,8.5,13.80463,33.41858,1501.11,25.00619,
,9,13.68341,33.42196,1500.726,25.0337,
,9.5,13.55982,33.42675,1500.333,25.06259,
,10,13.46784,33.43592,1500.049,25.08827,
,10.5,13.4054,33.44059,1499.856,25.10454,
,11,13.35684,33.44649,1499.712,25.11891,
,11.5,13.3304,33.44817,1499.634,25.12556,
,12,13.30724,33.44609,1499.563,25.12855,
,12.5,13.28012,33.44658,1499.482,25.13431,
,13,13.25654,33.44607,1499.411,25.13874,
,13.5,13.23607,33.44558,1499.351,25.14249,
,14,13.21438,33.44755,1499.29,25.14834,
,14.5,13.19083,33.45031,1499.224,25.15516,
,15,13.1555,33.45245,1499.117,25.16392,
,15.5,13.10972,33.45332,1498.974,25.17364,
,16,13.05336,33.45037,1498.791,25.1826,
,16.5,12.99288,33.44212,1498.587,25.18815,
,17,12.92164,33.4317,1498.345,25.19415,
,17.5,12.80779,33.42324,1497.961,25.20999,
,18,12.66442,33.41983,1497.483,25.2353,
,18.5,12.52355,33.42029,1497.017,25.26302,
,19,12.38137,33.42295,1496.547,25.29243,
,19.5,12.24325,33.42767,1496.091,25.32251,
,20,12.12,33.4342,1495.686,25.35097,
,20.5,11.99669,33.44163,1495.282,25.38002,
,21,11.88326,33.44882,1494.909,25.40685,
,21.5,11.79363,33.45399,1494.616,25.42755,
,22,11.72205,33.45763,1494.382,25.44379,
,22.5,11.65989,33.46241,1494.181,25.45901,
,23,11.60195,33.46815,1493.996,25.47409,
,23.5,11.55296,33.47418,1493.842,25.4878,
,24,11.5158,33.47852,1493.727,25.498,
,24.5,11.48813,33.48039,1493.641,25.5045,
,25,11.46443,33.48096,1493.568,25.50928,
,25.5,11.43762,33.48174,1493.484,25.51481,
,26,11.40271,33.484,1493.373,25.52291,
,26.5,11.37081,33.48696,1493.274,25.53105,
,27,11.33997,33.48994,1493.179,25.53899,
,27.5,11.29883,33.49323,1493.048,25.54904,
,28,11.24379,33.49765,1492.869,25.56242,
,28.5,11.1884,33.50294,1492.69,25.57653,
,29,11.13842,33.50819,1492.53,25.58962,
,29.5,11.09829,33.51286,1492.403,25.60043,
,30,11.06546,33.51703,1492.302,25.60952,
,30.5,11.03846,33.52076,1492.22,25.61728,
,31,11.00675,33.52468,1492.121,25.62598,
,31.5,10.97226,33.52923,1492.014,25.63569,
,32,10.93672,33.53453,1491.904,25.64618,
,32.5,10.90682,33.54023,1491.814,25.65594,
,33,10.88428,33.54526,1491.748,25.66388,
,33.5,10.86609,33.54976,1491.698,25.67059,
,34,10.85113,33.55331,1491.658,25.67598,
,34.5,10.83837,33.55559,1491.624,25.68004,
,35,10.82649,33.5579,1491.594,25.6839,
,35.5,10.81199,33.56126,1491.554,25.68908,
,36,10.79858,33.56503,1491.52,25.69442,
,36.5,10.78691,33.56849,1491.491,25.69915,
,37,10.77679,33.57139,1491.467,25.70312,
,37.5,10.76824,33.57314,1491.448,25.70598,
,38,10.75882,33.57456,1491.424,25.70877,
,38.5,10.74859,33.57607,1491.398,25.71172,
,39,10.73476,33.57871,1491.361,25.71617,
,39.5,10.71406,33.58325,1491.301,25.72336,
,40,10.69125,33.58799,1491.235,25.73107,
,40.5,10.6627,33.58951,1491.143,25.73726,
,41,10.63144,33.59198,1491.044,25.74466,
,41.5,10.5993,33.59531,1490.942,25.7529,
,42,10.57539,33.59661,1490.867,25.75807,
,42.5,10.5583,33.59647,1490.814,25.76095,
,43,10.54349,33.59784,1490.772,25.76459,
,43.5,10.53437,33.59728,1490.747,25.76571,
,44,10.52841,33.59605,1490.732,25.76575,
,44.5,10.52335,33.59709,1490.724,25.76749,
,45,10.51727,33.59956,1490.714,25.77043,
,45.5,10.51329,33.60021,1490.709,25.77171,
,46,10.50976,33.5997,1490.704,25.77185,
,46.5,10.50623,33.60044,1490.701,25.77304,
,47,10.5031,33.60046,1490.698,25.7736,
,47.5,10.50201,33.59958,1490.701,25.77309,
,48,10.50018,33.60096,1490.705,25.77455,
,48.5,10.49841,33.60167,1490.707,25.77537,
,49,10.49728,33.60339,1490.714,25.77691,
,49.5,10.49614,33.60489,1490.72,25.77832,
,50,10.49429,33.60455,1490.722,25.7784,
,50.5,10.49259,33.60402,1490.723,25.7782,
,51,10.4899,33.60409,1490.721,25.77872,
,51.5,10.48619,33.60479,1490.718,25.77999,
,52,10.4799,33.60565,1490.704,25.78168,
,52.5,10.46707,33.60645,1490.668,25.78458,
,53,10.44833,33.60522,1490.608,25.78686,
,53.5,10.42191,33.5994,1490.515,25.78686,
,54,10.38278,33.59738,1490.381,25.79202,
,54.5,10.32318,33.60258,1490.183,25.80629,
,55,10.25446,33.61277,1489.958,25.826,
,55.5,10.19946,33.62494,1489.784,25.84486,
,56,10.15591,33.63465,1489.648,25.85992,
,56.5,10.12707,33.64214,1489.562,25.87061,
,57,10.10918,33.64743,1489.512,25.87775,
,57.5,10.09813,33.65041,1489.485,25.88191,
,58,10.09117,33.65142,1489.47,25.88394,
,58.5,10.08629,33.65187,1489.461,25.88511,
,59,10.08268,33.65269,1489.457,25.8864,
,59.5,10.08032,33.65394,1489.458,25.88784,
,60,10.07788,33.6565,1489.461,25.89017,
,60.5,10.07172,33.65998,1489.452,25.89397,
,61,10.06132,33.66441,1489.428,25.8992,
,61.5,10.05493,33.66786,1489.417,25.90295,
,62,10.05003,33.67072,1489.411,25.90594,
,62.5,10.04417,33.67462,1489.403,25.90994,
,63,10.03594,33.67649,1489.384,25.91289,
,63.5,10.03167,33.67841,1489.379,25.91512,
,64,10.02781,33.68171,1489.378,25.91829,
,64.5,10.02288,33.68642,1489.374,25.92283,
,65,10.01784,33.6894,1489.368,25.926,
,65.5,10.01041,33.68974,1489.349,25.92743,
,66,9.999837,33.69389,1489.325,25.93253,
,66.5,9.99003,33.70161,1489.307,25.94024,
,67,9.983349,33.70508,1489.296,25.94409,
,67.5,9.976311,33.70707,1489.282,25.94678,
,68,9.967919,33.70864,1489.261,25.9494,
,68.5,9.958223,33.71027,1489.237,25.95234,
,69,9.947899,33.71222,1489.21,25.95557,
,69.5,9.935513,33.71411,1489.176,25.95914,
,70,9.921077,33.71564,1489.134,25.96279,
,70.5,9.907999,33.71659,1489.096,25.96561,
,71,9.897197,33.71592,1489.065,25.96692,
,71.5,9.885943,33.71455,1489.031,25.96774,
,72,9.873286,33.71252,1488.991,25.96831,
,72.5,9.859243,33.71027,1488.945,25.96894,
,73,9.843646,33.70831,1488.895,25.96999,
,73.5,9.828918,33.70725,1488.849,25.97159,
,74,9.814344,33.70676,1488.803,25.97361,
,74.5,9.799444,33.7079,1488.759,25.97705,
,75,9.786719,33.71028,1488.724,25.98106,
,75.5,9.77555,33.71366,1488.697,25.98557,
,76,9.765714,33.71864,1488.675,25.99108,
,76.5,9.756133,33.72462,1488.656,25.99731,
,77,9.74682,33.73164,1488.64,26.00431,
,77.5,9.74214,33.74091,1488.642,26.01232,
,78,9.741927,33.75034,1488.661,26.0197,
,78.5,9.746446,33.75947,1488.696,26.02613,
,79,9.7533,33.76755,1488.739,26.03136,
,79.5,9.758089,33.77414,1488.773,26.03564,
,80,9.759537,33.78,1488.794,26.04002,
,80.5,9.75422,33.78451,1488.789,26.04442,
,81,9.748349,33.78911,1488.781,26.04899,
,81.5,9.743639,33.79307,1488.777,26.05285,
,82,9.740633,33.79609,1488.778,26.05568,
,82.5,9.737807,33.79843,1488.779,26.05797,
,83,9.736812,33.79961,1488.785,26.05907,
,83.5,9.735913,33.79905,1488.79,26.05878,
,84,9.73519,33.79765,1488.794,26.05786,
,84.5,9.734514,33.79647,1488.797,26.0571,
